1 1 
1 2 
2 2 
3 3 
3 3 
3 4 
4 4 
4 4 
5 5 
6 7 
7 7 
7 7 
7 8 
8 8 
8 8 
8 9 
9 10 
10 10 
11 11 
11 13 
14 14 
14 14 
15 15 
16 16 
17 17 
17 17 
19 19 
20 21 
21 21 
22 23 
23 23 
23 23 
23 24 
25 25 
26 26 
26 26 
27 27 
27 28 
28 28 
29 29 
30 30 
30 31 
31 31 
31 31 
31 32 
33 33 
34 34 
34 35 
35 35 
35 38 
38 38 
38 38 
38 39 
39 40 
41 41 
41 42 
42 43 
44 44 
44 44 
44 44 
44 45 
45 45 
45 46 
46 46 
46 47 
47 47 
47 47 
47 47 
48 48 
48 48 
48 48 
48 48 
49 49 
49 49 
49 49 
50 50 
50 50 
50 51 
51 52 
52 52 
52 52 
53 53 
53 53 
53 54 
54 54 
55 55 
55 55 
55 56 
56 56 
56 56 
56 57 
57 57 
57 58 
58 59 
59 59 
59 60 
60 60 
61 61 
62 62 
62 63 
63 63 
63 63 
64 64 
64 64 
64 65 
65 65 
65 66 
66 66 
66 67 
67 67 
67 67 
67 68 
68 68 
69 69 
70 70 
71 72 
72 72 
72 73 
73 74 
75 75 
75 75 
76 76 
76 76 
77 77 
77 77 
78 78 
78 78 
78 78 
79 79 
79 79 
80 80 
80 81 
81 81 
81 82 
82 82 
83 83 
83 83 
84 84 
84 85 
86 86 
86 86 
86 86 
87 87 
88 88 
88 89 
89 89 
89 89 
90 91 
91 92 
92 92 
92 93 
93 93 
94 94 
94 94 
95 95 
95 95 
96 96 
97 97 
98 98 
99 99 
100 100 
100 100 
100 101 
101 101 
101 101 
101 101 
103 103 
103 103 
103 104 
104 104 
105 106 
106 107 
107 109 
109 109 
110 110 
110 110 
110 111 
111 111 
112 113 
113 114 
114 115 
115 115 
115 116 
117 117 
118 118 
118 119 
120 120 
120 122 
122 122 
123 123 
123 124 
124 125 
125 126 
126 126 
126 126 
126 126 
127 127 
127 127 
127 128 
128 128 
128 129 
129 130 
130 132 
132 132 
133 134 
134 135 
135 135 
135 135 
135 136 
136 136 
137 137 
138 138 
138 138 
138 139 
139 139 
139 139 
139 140 
140 140 
140 141 
141 141 
142 142 
142 143 
143 143 
143 143 
143 143 
143 143 
144 145 
145 146 
147 147 
149 149 
149 150 
150 150 
151 151 
151 151 
151 152 
152 153 
153 153 
153 153 
154 154 
155 155 
155 155 
156 156 
156 156 
156 157 
158 158 
158 158 
159 159 
160 160 
160 160 
161 161 
161 162 
162 162 
163 163 
164 164 
164 164 
164 164 
165 166 
166 166 
167 167 
168 169 
169 170 
170 170 
171 171 
171 172 
172 172 
172 172 
173 173 
173 173 
173 174 
175 175 
175 176 
177 177 
177 177 
177 177 
178 178 
178 178 
179 180 
180 180 
180 181 
181 182 
182 183 
183 183 
184 185 
186 186 
187 187 
187 187 
188 188 
188 188 
188 189 
189 189 
189 190 
190 190 
191 191 
191 191 
191 192 
192 192 
192 193 
193 193 
193 193 
194 195 
195 195 
195 196 
196 196 
197 197 
197 197 
199 199 
199 200 
200 201 
201 202 
202 202 
202 203 
204 204 
204 205 
206 206 
207 207 
208 208 
209 209 
209 209 
209 209 
209 209 
210 210 
210 210 
211 211 
211 211 
212 212 
213 214 
214 214 
215 215 
215 215 
215 215 
216 217 
217 217 
218 218 
218 219 
219 219 
220 220 
221 221 
221 222 
222 222 
223 223 
223 223 
224 224 
224 224 
224 224 
225 225 
225 225 
226 226 
229 229 
229 230 
230 230 
230 231 
231 231 
231 232 
233 233 
233 234 
234 234 
234 235 
235 235 
235 235 
236 236 
236 236 
236 236 
236 236 
237 237 
237 237 
237 238 
238 238 
238 238 
239 239 
239 239 
241 241 
242 242 
242 244 
244 245 
245 245 
246 246 
246 246 
247 247 
248 248 
248 248 
249 249 
249 249 
249 250 
250 250 
250 250 
251 251 
251 251 
251 251 
252 252 
252 252 
252 252 
252 253 
253 253 
253 254 
255 255 
255 255 
255 255 
255 255 
256 256 
256 257 
257 257 
257 257 
257 258 
258 258 
258 258 
258 259 
259 259 
259 259 
260 260 
260 261 
261 261 
261 262 
262 262 
263 265 
265 265 
265 266 
266 267 
267 267 
268 268 
269 270 
270 270 
270 270 
271 271 
272 272 
273 273 
273 274 
274 275 
275 277 
278 278 
279 279 
279 279 
279 279 
279 279 
280 280 
280 280 
280 281 
281 281 
282 282 
282 282 
282 282 
283 284 
284 284 
284 284 
285 285 
286 286 
286 286 
287 287 
287 288 
288 288 
289 289 
290 290 
290 291 
293 294 
294 295 
295 296 
296 297 
297 297 
298 299 
299 299 
299 300 
300 300 
300 300 
300 301 
301 301 
302 303 
303 303 
303 303 
305 306 
307 308 
308 309 
309 309 
310 310 
310 310 
310 311 
311 311 
311 312 
313 313 
313 313 
314 315 
315 315 
316 317 
317 317 
318 318 
319 319 
319 319 
321 321 
322 322 
322 323 
323 323 
324 324 
324 324 
324 324 
324 325 
325 326 
326 327 
327 327 
327 327 
327 328 
329 329 
329 329 
329 330 
330 331 
331 332 
333 333 
333 333 
334 334 
334 335 
335 335 
337 337 
337 337 
338 339 
339 341 
341 342 
342 342 
342 343 
343 343 
343 343 
344 344 
344 345 
345 345 
345 346 
346 346 
346 346 
346 346 
347 348 
348 349 
350 350 
350 350 
350 351 
351 351 
351 351 
352 352 
353 353 
353 354 
354 354 
354 355 
355 355 
356 356 
356 357 
357 357 
357 358 
359 359 
359 360 
360 360 
362 362 
363 363 
363 363 
364 364 
364 364 
364 366 
366 366 
367 367 
367 367 
368 368 
368 369 
369 369 
369 369 
370 370 
371 371 
371 371 
372 372 
372 373 
373 373 
373 374 
374 374 
375 375 
375 375 
375 376 
376 377 
379 379 
379 380 
380 380 
380 381 
381 381 
381 382 
382 382 
383 383 
383 384 
385 385 
386 386 
386 386 
389 389 
389 390 
391 391 
391 392 
392 393 
393 393 
393 393 
393 393 
394 395 
395 395 
395 395 
396 396 
397 398 
399 399 
399 399 
400 400 
400 401 
401 401 
401 402 
402 403 
403 403 
404 404 
404 405 
405 405 
405 405 
406 406 
406 407 
407 407 
407 408 
408 408 
408 409 
409 409 
409 411 
411 411 
411 412 
413 414 
414 414 
414 414 
415 415 
415 415 
416 416 
417 417 
417 417 
417 418 
418 419 
419 419 
419 420 
421 421 
421 422 
422 423 
423 423 
423 424 
424 424 
425 425 
425 426 
426 426 
427 427 
428 428 
428 428 
429 429 
430 431 
431 431 
431 431 
432 434 
434 434 
434 435 
435 435 
436 436 
436 437 
437 437 
438 438 
439 441 
441 441 
441 441 
441 442 
442 442 
443 443 
443 443 
443 443 
443 443 
444 445 
445 445 
445 445 
446 447 
447 447 
448 448 
448 448 
448 449 
450 450 
450 450 
450 450 
450 451 
451 452 
452 452 
453 453 
453 453 
454 454 
454 454 
454 454 
455 455 
455 455 
455 457 
457 457 
457 458 
458 458 
458 458 
459 459 
460 460 
460 460 
462 462 
462 462 
462 463 
463 464 
465 465 
465 465 
465 465 
466 466 
466 466 
466 466 
467 467 
467 467 
468 468 
468 469 
470 470 
470 471 
471 471 
471 471 
471 472 
472 472 
472 473 
473 473 
473 473 
473 474 
474 474 
474 475 
475 475 
475 476 
476 477 
477 477 
477 478 
479 480 
480 481 
481 481 
482 482 
482 482 
483 483 
483 483 
484 484 
485 485 
486 486 
486 487 
487 488 
488 488 
489 489 
489 489 
490 490 
490 491 
491 491 
492 492 
492 492 
492 493 
494 494 
495 495 
495 495 
496 496 
496 496 
496 497 
497 498 
500 500 
500 500 
501 501 
501 501 
502 502 
502 502 
502 502 
502 503 
503 503 
503 503 
504 504 
505 505 
505 505 
506 506 
506 506 
507 507 
507 507 
507 507 
507 508 
508 508 
508 508 
508 508 
508 509 
509 510 
510 511 
511 511 
512 513 
513 513 
514 514 
514 514 
514 514 
515 515 
515 516 
516 516 
517 518 
518 518 
519 519 
519 519 
519 519 
520 520 
520 520 
521 521 
521 522 
522 523 
525 525 
525 526 
526 526 
526 526 
526 527 
528 528 
528 529 
530 530 
531 531 
531 532 
532 532 
533 533 
534 534 
534 536 
536 536 
536 537 
537 539 
539 539 
539 539 
540 540 
540 540 
541 542 
542 542 
543 543 
543 543 
544 544 
544 545 
545 545 
546 547 
547 547 
548 548 
549 549 
549 549 
550 550 
550 550 
551 552 
552 552 
552 553 
553 553 
554 555 
555 555 
556 556 
556 556 
557 557 
557 557 
558 558 
559 560 
560 560 
560 560 
561 561 
561 561 
562 562 
563 563 
563 564 
564 564 
564 564 
565 565 
565 565 
565 565 
566 566 
566 566 
566 566 
567 567 
568 568 
568 568 
568 569 
569 570 
571 571 
572 572 
572 573 
573 574 
574 574 
574 575 
575 576 
577 577 
578 578 
579 580 
580 580 
580 580 
580 583 
583 584 
584 584 
585 585 
585 586 
586 586 
587 587 
587 587 
588 588 
588 588 
589 589 
589 590 
590 590 
590 590 
590 591 
592 593 
594 594 
594 594 
595 595 
596 596 
597 597 
597 597 
598 598 
598 598 
599 599 
599 600 
600 600 
600 601 
601 602 
602 602 
603 603 
603 603 
604 604 
604 604 
604 604 
605 605 
605 605 
606 606 
606 606 
607 607 
608 608 
609 609 
610 610 
610 610 
610 610 
611 611 
611 611 
613 613 
613 613 
614 614 
615 615 
615 616 
617 617 
618 618 
618 618 
618 618 
619 619 
620 620 
620 622 
622 622 
623 624 
624 626 
626 626 
626 626 
626 626 
626 627 
627 628 
628 628 
629 629 
629 629 
630 631 
631 631 
631 632 
632 632 
633 633 
633 633 
634 634 
634 634 
634 636 
636 636 
638 639 
639 640 
640 640 
641 641 
641 643 
643 643 
644 644 
644 645 
645 645 
646 646 
646 646 
646 647 
647 647 
647 647 
648 648 
648 648 
648 649 
649 649 
650 650 
650 651 
651 651 
651 651 
651 652 
652 653 
653 654 
654 654 
654 655 
655 656 
656 656 
657 657 
657 657 
657 657 
658 658 
659 659 
659 660 
660 660 
660 660 
661 661 
662 663 
663 664 
664 664 
665 665 
665 666 
666 667 
667 668 
668 669 
669 669 
669 669 
670 670 
670 670 
671 673 
673 673 
673 674 
675 676 
676 676 
676 677 
678 678 
678 679 
679 679 
680 680 
680 680 
680 681 
681 681 
682 683 
683 683 
683 683 
683 684 
684 685 
685 685 
686 686 
686 687 
687 688 
689 689 
689 689 
690 690 
691 691 
691 692 
693 693 
693 693 
693 693 
694 694 
694 694 
695 696 
696 697 
697 698 
698 698 
699 699 
700 700 
700 700 
701 701 
701 701 
703 704 
704 704 
704 705 
705 706 
708 708 
709 710 
710 710 
710 711 
711 711 
711 712 
712 712 
712 713 
714 714 
715 716 
716 716 
716 717 
717 718 
718 719 
719 719 
719 720 
720 720 
720 721 
722 722 
723 723 
723 723 
724 724 
724 724 
725 726 
726 726 
726 728 
728 728 
728 729 
729 729 
729 729 
729 730 
730 732 
733 734 
734 734 
734 735 
736 736 
736 736 
738 738 
739 739 
739 739 
739 740 
740 741 
741 741 
742 742 
743 744 
744 746 
746 746 
747 747 
748 748 
749 749 
749 750 
750 750 
750 750 
750 751 
752 752 
752 752 
753 753 
753 753 
753 755 
755 755 
755 757 
757 757 
757 758 
758 758 
758 758 
759 759 
760 760 
760 760 
760 761 
761 761 
762 762 
762 763 
763 764 
764 764 
764 764 
765 766 
766 766 
767 767 
767 767 
768 768 
768 768 
769 769 
769 769 
770 770 
770 770 
770 770 
772 772 
772 772 
772 773 
773 773 
773 773 
773 773 
773 774 
774 775 
775 775 
775 776 
776 777 
777 777 
777 777 
777 778 
779 780 
781 781 
781 781 
782 782 
782 782 
783 784 
784 784 
785 785 
785 785 
786 786 
786 786 
786 787 
787 787 
787 787 
788 788 
788 788 
788 788 
789 789 
789 789 
789 790 
790 790 
790 790 
791 792 
792 792 
794 794 
794 794 
795 795 
796 796 
796 797 
797 797 
797 798 
799 799 
799 799 
799 799 
799 800 
800 801 
801 801 
802 802 
803 803 
803 803 
803 804 
804 804 
804 804 
805 805 
806 806 
806 807 
807 807 
807 807 
807 808 
809 809 
809 809 
810 810 
811 811 
811 811 
812 813 
813 813 
813 814 
814 814 
815 815 
816 816 
816 817 
817 817 
817 819 
819 819 
819 819 
819 819 
819 821 
821 822 
822 822 
822 823 
823 823 
823 824 
825 825 
825 825 
825 826 
826 826 
826 827 
827 828 
828 828 
828 828 
829 829 
829 829 
829 830 
830 830 
830 830 
830 831 
832 832 
833 835 
835 835 
835 836 
836 836 
837 837 
837 839 
839 839 
840 841 
841 841 
842 842 
842 842 
842 843 
843 843 
843 843 
844 845 
845 845 
845 845 
845 845 
845 846 
846 846 
846 847 
847 847 
847 848 
849 850 
850 850 
851 852 
852 852 
852 852 
853 853 
853 854 
854 855 
855 856 
856 856 
857 857 
858 858 
858 858 
859 860 
860 861 
861 861 
862 862 
863 863 
863 864 
864 864 
864 865 
865 865 
867 867 
867 867 
868 868 
869 869 
869 870 
871 872 
872 872 
873 873 
873 874 
874 874 
875 875 
876 876 
877 877 
877 877 
877 878 
878 878 
878 879 
879 879 
879 881 
881 881 
881 882 
882 882 
882 883 
884 884 
884 884 
884 885 
885 885 
885 887 
887 887 
887 887 
888 888 
889 889 
890 890 
890 890 
891 891 
891 892 
892 892 
892 893 
893 893 
893 894 
894 894 
894 896 
896 897 
897 897 
898 899 
899 899 
900 900 
901 901 
901 902 
902 902 
903 903 
903 904 
904 904 
904 905 
905 905 
906 906 
906 906 
907 907 
907 908 
908 908 
908 908 
908 909 
910 910 
910 910 
910 910 
910 911 
911 911 
911 911 
911 911 
911 912 
912 912 
913 914 
914 915 
915 915 
915 915 
916 916 
916 916 
916 916 
917 917 
917 917 
917 918 
918 918 
920 921 
921 921 
922 923 
924 925 
925 925 
925 925 
927 927 
927 928 
928 928 
928 928 
928 928 
929 929 
929 930 
930 930 
930 930 
931 931 
931 931 
932 932 
933 933 
933 933 
933 934 
934 935 
935 936 
936 936 
937 937 
937 937 
938 938 
938 938 
939 939 
939 939 
939 940 
940 940 
940 941 
941 942 
942 942 
943 944 
944 945 
945 946 
946 946 
946 946 
947 947 
947 948 
949 949 
949 950 
950 951 
951 952 
952 953 
953 954 
955 955 
955 956 
957 957 
957 958 
958 959 
959 959 
959 960 
960 960 
961 961 
961 961 
961 961 
961 963 
963 963 
963 963 
963 963 
964 964 
964 966 
966 967 
967 967 
967 967 
968 969 
969 969 
969 970 
970 971 
971 972 
972 972 
972 973 
973 973 
973 973 
975 975 
975 975 
975 976 
976 976 
976 977 
977 978 
979 979 
979 979 
979 980 
980 981 
981 981 
981 982 
982 982 
982 983 
983 983 
984 985 
985 986 
986 986 
986 986 
987 987 
988 988 
989 989 
989 990 
990 990 
990 990 
990 993 
993 993 
993 994 
994 994 
994 994 
994 995 
997 997 
997 998 
998 999 
999 999 
1000 1000 
1000 1000 
99 519 
540 159 
465 734 
129 268 
375 543 
977 224 
239 634 
762 811 
216 574 
169 101 
380 437 
574 773 
799 241 
299 334 
704 794 
829 226 
394 151 
447 804 
188 558 
575 230 
265 407 
507 917 
382 842 
128 486 
143 153 
753 829 
646 904 
998 62 
683 825 
436 66 
155 251 
684 714 
940 615 
193 664 
80 255 
280 502 
553 636 
719 52 
119 343 
245 462 
217 474 
998 367 
381 454 
509 843 
849 736 
263 553 
430 453 
525 149 
507 658 
928 67 
526 646 
794 944 
994 393 
829 318 
946 949 
981 156 
650 733 
55 135 
300 366 
488 701 
773 93 
164 770 
945 123 
196 209 
327 120 
157 284 
311 416 
473 757 
162 255 
297 346 
536 657 
660 947 
180 381 
447 514 
540 628 
149 350 
708 865 
910 370 
750 28 
513 828 
841 881 
139 716 
728 799 
930 114 
282 389 
44 372 
712 884 
980 173 
479 569 
584 668 
742 282 
299 560 
644 223 
224 364 
422 467 
519 225 
502 935 
112 973 
21 574 
950 331 
348 549 
817 933 
224 399 
598 705 
975 572 
580 654 
716 23 
195 375 
465 38 
257 259 
395 631 
681 398 
626 980 
104 525 
539 972 
90 171 
389 690 
892 254 
988 506 
419 657 
892 911 
504 602 
786 788 
229 450 
586 762 
166 189 
353 683 
717 842 
234 310 
683 959 
26 188 
522 120 
346 450 
510 248 
256 986 
93 126 
591 608 
372 508 
686 260 
564 619 
631 872 
908 997 
411 910 
661 825 
904 409 
431 794 
830 918 
71 238 
938 188 
373 779 
822 45 
83 341 
428 458 
764 901 
127 346 
605 961 
141 726 
458 659 
192 533 
1 500 
218 502 
632 879 
884 7 
204 211 
265 356 
508 710 
222 354 
590 646 
753 69 
376 483 
135 491 
868 339 
916 244 
493 647 
266 360 
633 931 
968 367 
496 500 
61 236 
327 54 
613 415 
561 729 
843 643 
900 902 
634 796 
877 28 
47 81 
961 261 
628 946 
46 187 
777 484 
758 282 
772 83 
323 705 
767 817 
888 892 
95 160 
279 324 
867 16 
319 826 
910 3 
492 481 
892 850 
879 894 
685 605 
881 44 
105 140 
427 467 
971 143 
261 761 
358 949 
256 265 
409 437 
496 53 
354 417 
443 663 
951 135 
384 556 
786 96 
163 363 
392 603 
904 17 
136 193 
202 286 
508 761 
888 994 
568 369 
685 790 
173 651 
35 50 
833 225 
512 632 
10 337 
357 406 
804 182 
234 17 
195 352 
496 567 
210 728 
23 226 
445 958 
42 284 
729 786 
994 47 
376 540 
720 729 
2 317 
127 279 
390 660 
322 382 
587 48 
291 500 
141 460 
45 375 
454 660 
669 952 
339 78 
297 908 
248 472 
489 6 
649 235 
483 967 
72 482 
916 177 
215 498 
590 823 
56 147 
255 755 
824 531 
534 876 
941 970 
172 585 
679 829 
913 961 
252 288 
425 985 
1000 49 
404 961 
963 231 
800 152 
353 293 
423 726 
374 921 
845 878 
123 338 
359 585 
11 80 
92 224 
853 78 
369 403 
450 411 
761 920 
309 552 
618 905 
939 98 
462 626 
788 25 
143 380 
426 887 
206 66 
153 405 
865 46 
200 566 
268 566 
812 984 
282 513 
773 196 
603 238 
260 143 
741 915 
969 717 
101 872 
882 232 
194 443 
214 910 
668 804 
46 239 
303 344 
508 610 
618 912 
154 508 
521 852 
101 438 
639 911 
545 723 
785 207 
359 550 
172 279 
557 560 
828 942 
5 30 
301 566 
100 506 
528 245 
371 735 
665 723 
491 523 
874 103 
753 768 
58 369 
474 925 
4 58 
64 188 
520 796 
60 150 
476 781 
9 155 
77 280 
324 13 
547 676 
871 181 
458 778 
981 205 
608 843 
877 79 
152 373 
393 170 
428 497 
646 867 
113 326 
501 618 
896 915 
928 975 
318 580 
719 810 
847 91 
201 350 
357 938 
4 209 
750 961 
8 870 
284 610 
651 109 
465 29 
219 807 
392 556 
782 845 
686 728 
82 167 
281 758 
287 590 
862 905 
911 424 
518 526 
584 785 
23 463 
510 891 
933 983 
178 257 
299 342 
448 752 
789 290 
514 750 
973 73 
26 48 
173 603 
752 806 
917 976 
82 138 
281 67 
252 689 
826 863 
963 282 
687 797 
807 809 
814 67 
407 466 
806 1000 
85 201 
298 122 
136 533 
934 552 
615 618 
33 14 
101 138 
704 110 
969 692 
739 864 
3 197 
601 448 
653 714 
938 955 
841 983 
536 792 
401 455 
644 657 
890 695 
884 811 
464 614 
127 160 
215 452 
465 466 
864 967 
26 229 
494 981 
990 248 
256 867 
54 57 
125 199 
258 748 
906 47 
156 242 
482 690 
349 580 
143 665 
797 844 
249 481 
803 178 
337 502 
776 903 
253 470 
649 162 
183 739 
963 386 
964 606 
627 48 
166 536 
260 8 
57 252 
799 44 
367 371 
528 586 
860 217 
356 364 
986 209 
750 930 
941 958 
857 827 
858 530 
772 191 
324 585 
79 319 
383 460 
993 47 
364 567 
787 724 
407 590 
946 955 
847 449 
556 976 
480 159 
655 979 
40 237 
128 310 
664 983 
435 457 
161 784 
989 126 
446 648 
127 229 
309 520 
632 784 
1000 552 
763 236 
750 46 
113 368 
483 544 
811 769 
334 503 
703 839 
925 770 
823 63 
557 959 
406 502 
873 929 
8 329 
821 564 
604 982 
151 288 
434 986 
187 107 
165 93 
828 252 
597 648 
839 28 
471 712 
752 979 
209 799 
893 460 
568 741 
746 48 
81 95 
466 600 
845 908 
791 63 
955 285 
50 238 
467 620 
772 436 
673 729 
767 883 
153 504 
78 182 
596 103 
139 455 
471 375 
408 507 
101 301 
373 151 
238 508 
516 137 
187 214 
773 110 
457 929 
527 905 
141 447 
496 633 
59 301 
311 521 
807 44 
383 740 
31 111 
300 532 
327 422 
999 145 
189 223 
774 929 
51 654 
219 300 
418 916 
55 84 
782 92 
234 356 
927 184 
781 899 
3 66 
164 355 
770 104 
158 587 
603 936 
977 7 
193 763 
845 31 
49 781 
967 15 
161 519 
310 366 
861 140 
583 960 
295 673 
940 960 
54 72 
534 160 
485 629 
822 142 
246 39 
234 401 
595 698 
742 963 
9 67 
563 587 
744 911 
931 964 
618 68 
64 683 
877 907 
489 566 
726 273 
393 604 
947 515 
782 189 
462 595 
180 618 
653 195 
473 589 
681 897 
151 333 
830 14 
259 313 
458 355 
474 573 
963 89 
138 640 
724 87 
190 858 
917 563 
734 641 
701 730 
785 835 
115 502 
565 953 
47 590 
139 450 
542 674 
700 371 
773 75 
547 560 
825 813 
443 486 
521 59 
368 183 
532 594 
746 250 
589 982 
178 555 
772 193 
666 689 
135 932 
94 235 
548 856 
562 918 
34 89 
495 622 
736 858 
611 337 
602 753 
789 321 
760 819 
22 351 
492 7 
138 914 
211 472 
592 448 
511 673 
940 960 
986 580 
633 730 
139 206 
421 514 
601 629 
694 788 
520 155 
454 721 
777 936 
323 10 
49 363 
252 270 
441 550 
665 315 
77 81 
189 417 
574 810 
931 482 
822 279 
599 788 
34 511 
680 781 
31 164 
445 610 
647 762 
273 354 
507 869 
890 321 
360 819 
873 94 
97 231 
407 908 
484 989 
163 310 
345 813 
29 192 
403 693 
799 251 
734 278 
2 66 
244 279 
572 915 
259 279 
346 749 
803 979 
59 135 
350 851 
699 910 
967 685 
290 697 
780 343 
354 475 
536 564 
861 167 
438 654 
872 47 
405 503 
545 598 
782 30 
223 408 
478 471 
676 718 
934 225 
661 743 
887 907 
908 474 
56 316 
830 130 
287 790 
171 284 
451 773 
104 170 
327 758 
124 459 
391 677 
16 421 
837 759 
842 44 
901 973 
168 400 
842 889 
656 799 
916 106 
221 921 
129 436 
511 764 
822 109 
280 546 
431 597 
910 951 
111 138 
153 363 
798 235 
830 172 
99 111 
162 889 
236 775 
970 990 
26 60 
100 288 
333 415 
893 329 
473 794 
864 927 
76 352 
543 712 
770 885 
74 218 
614 777 
14 35 
355 455 
557 651 
722 84 
101 143 
209 210 
357 760 
946 31 
768 81 
251 441 
453 492 
150 52 
199 884 
49 253 
443 543 
550 993 
402 807 
969 357 
589 609 
584 250 
712 807 
1 59 
382 520 
597 670 
224 324 
444 519 
210 364 
421 80 
882 221 
34 69 
902 38 
250 613 
857 911 
917 362 
218 300 
837 645 
308 716 
174 647 
993 367 
423 821 
98 261 
175 389 
775 48 
272 297 
471 683 
736 70 
613 634 
693 767 
1 49 
158 813 
942 417 
777 975 
3 505 
514 666 
327 738 
957 212 
473 879 
494 230 
419 711 
428 828 
63 559 
561 760 
214 448 
514 659 
792 191 
262 325 
647 27 
33 698 
976 425 
681 916 
140 246 
315 766 
215 331 
507 684 
11 775 
549 57 
215 419 
770 994 
115 549 
579 946 
429 710 
395 412 
720 86 
335 471 
710 897 
415 610 
658 764 
790 990 
196 197 
217 400 
744 957 
153 311 
144 345 
819 860 
928 56 
930 897 
801 979 
65 465 
823 408 
698 5 
7 62 
450 11 
648 693 
652 922 
588 925 
561 65 
237 285 
442 835 
939 385 
868 56 
250 517 
177 187 
309 77 
300 891 
161 377 
395 790 
578 729 
769 932 
405 424 
516 103 
172 249 
313 416 
667 83 
439 626 
423 816 
890 933 
393 403 
353 659 
342 495 
519 819 
64 473 
863 985 
452 854 
891 346 
689 700 
724 269 
443 76 
434 928 
142 200 
255 379 
335 401 
736 774 
832 856 
95 134 
645 853 
296 670 
797 893 
786 963 
83 233 
516 972 
209 242 
454 565 
846 925 
432 679 
699 877 
114 526 
539 634 
278 506 
24 262 
874 971 
893 930 
191 209 
236 262 
397 404 
86 696 
350 739 
746 431 
764 952 
987 628 
788 68 
192 593 
630 757 
758 766 
811 296 
777 49 
122 624 
391 443 
911 915 
626 67 
86 918 
942 100 
150 324 
110 363 
442 796 
4 118 
539 613 
819 27 
670 847 
693 211 
836 409 
648 912 
414 645 
894 116 
722 819 
57 273 
758 529 
605 641 
19 38 
103 235 
650 109 
454 531 
552 693 
323 342 
575 640 
657 169 
290 773 
42 646 
945 147 
242 507 
725 845 
1000 577 
759 270 
404 65 
370 472 
704 317 
902 490 
846 989 
48 75 
274 648 
914 935 
35 565 
97 550 
596 48 
160 164 
803 815 
88 476 
994 139 
691 25 
319 937 
220 286 
448 426 
543 590 
982 56 
208 164 
678 784 
882 948 
519 606 
636 997 
843 351 
386 441 
878 417 
814 230 
475 700 
808 485 
669 788 
835 177 
611 749 
453 752 
760 846 
875 67 
405 555 
825 21 
78 79 
399 537 
813 23 
557 133 
145 469 
84 247 
807 258 
751 858 
257 426 
600 875 
72 284 
663 814 
819 267 
462 539 
576 638 
647 959 
443 750 
769 966 
275 619 
937 470 
711 393 
553 573 
468 611 
417 600 
676 925 
44 414 
783 836 
329 8 
265 654 
916 64 
126 830 
50 881 
749 101 
562 564 
803 547 
697 755 
894 55 
343 505 
518 855 
23 270 
720 53 
65 530 
757 78 
203 475 
915 27 
237 789 
986 158 
563 715 
739 445 
507 643 
212 220 
804 852 
312 409 
600 755 
651 96 
183 400 
776 53 
154 247 
738 115 
156 158 
351 588 
734 414 
442 840 
43 2 
413 463 
729 219 
32 431 
537 604 
544 728 
267 294 
620 720 
910 366 
769 202 
345 852 
56 393 
477 395 
566 345 
423 620 
800 956 
282 786 
466 679 
709 51 
239 253 
303 326 
694 687 
252 255 
343 680 
17 103 
222 434 
990 173 
711 724 
847 47 
626 716 
837 124 
248 483 
626 644 
487 652 
435 508 
549 680 
885 136 
143 190 
4 77 
454 325 
380 94 
492 565 
622 802 
887 556 
626 768 
126 351 
539 867 
222 509 
766 909 
328 588 
694 740 
45 330 
375 505 
560 979 
125 308 
350 425 
961 7 
44 199 
359 418 
482 649 
792 369 
604 501 
534 558 
825 289 
726 123 
445 506 
542 627 
861 231 
92 470 
225 374 
381 453 
246 372 
402 473 
701 322 
324 669 
213 250 
414 815 
76 140 
156 607 
748 311 
836 906 
978 987 
76 192 
443 452 
624 678 
252 434 
719 869 
912 146 
481 565 
587 999 
347 272 
551 773 
8 38 
89 503 
917 950 
118 224 
633 258 
286 606 
852 496 
7 53 
299 344 
462 490 
931 181 
747 571 
846 961 
764 963 
287 466 
660 710 
953 10 
151 208 
723 907 
827 966 
255 259 
826 245 
258 364 
515 518 
686 676 
258 885 
936 982 
237 450 
4 277 
327 626 
197 420 
460 540 
683 258 
675 691 
660 785 
594 903 
939 63 
126 856 
906 435 
457 568 
597 634 
643 691 
845 334 
532 92 
391 451 
492 172 
330 572 
878 173 
21 88 
419 682 
775 128 
257 806 
981 306 
805 52 
215 341 
548 954 
8 17 
39 177 
972 89 
406 480 
497 706 
930 848 
604 928 
149 414 
580 678 
944 639 
701 787 
486 528 
757 329 
342 928 
732 52 
271 999 
15 78 
487 489 
964 31 
115 233 
671 878 
286 186 
246 346 
380 651 
819 887 
990 610 
656 680 
801 237 
314 636 
755 831 
31 132 
855 881 
467 210 
723 741 
797 873 
188 605 
865 599 
859 713 
850 428 
604 817 
305 526 
307 411 
431 688 
854 300 
568 383 
471 777 
249 993 
257 598 
928 267 
279 503 
933 50 
195 853 
127 235 
281 767 
106 583 
455 789 
959 241 
230 86 
204 472 
333 457 
852 221 
615 976 
680 689 
175 975 
118 233 
399 611 
885 186 
673 823 
843 100 
132 545 
938 52 
134 708 
850 204 
522 669 
887 351 
55 100 
275 513 
939 505 
760 809 
877 193 
477 765 
845 882 
126 143 
489 500 
274 455 
594 903 
251 586 
599 72 
75 126 
130 344 
502 606 
617 132 
641 711 
973 236 
898 405 
564 570 
896 374 
900 967 
117 899 
94 488 
972 117 
525 655 
289 816 
890 19 
88 142 
988 191 
249 362 
283 787 
817 940 
399 477 
804 86 
166 346 
458 477 
957 768 
50 87 
128 207 
468 495 
739 75 
211 249 
395 526 
629 921 
997 209 
640 789 
177 437 
657 202 
236 465 
629 718 
107 171 
371 490 
555 704 
14 255 
411 526 
795 89 
429 631 
190 185 
491 911 
577 937 
943 223 
329 578 
610 700 
373 503 
933 35 
236 568 
602 832 
839 863 
333 360 
369 53 
303 569 
617 830 
110 396 
450 799 
427 588 
63 251 
594 864 
927 261 
475 60 
657 379 
445 809 
664 696 
923 995 
91 238 
270 879 
191 580 
816 884 
994 23 
386 441 
906 175 
303 215 
541 631 
924 38 
835 45 
650 41 
122 313 
508 561 
48 401 
949 669 
41 137 
947 62 
795 139 
495 164 
622 415 
803 828 
270 313 
348 747 
544 566 
908 155 
303 79 
332 693 
869 385 
386 441 
95 120 
177 180 
239 772 
801 180 
257 294 
393 408 
607 802 
295 396 
842 694 
805 170 
279 381 
468 899 
110 202 
266 515 
973 176 
501 135 
616 70 
609 829 
901 61 
253 488 
894 969 
64 236 
542 876 
990 255 
315 554 
874 3 
379 787 
317 343 
466 571 
770 55 
68 41 
231 280 
826 335 
424 667 
809 251 
271 319 
197 178 
598 82 
302 337 
441 719 
623 787 
73 904 
322 459 
656 280 
501 565 
753 845 
975 310 
514 531 
862 38 
143 156 
560 662 
939 937 
86 670 
911 20 
30 368 
790 841 
179 259 
324 651 
