1 1 
2 2 
2 3 
3 4 
4 5 
5 5 
5 5 
5 5 
6 7 
7 7 
7 7 
7 7 
7 8 
8 8 
9 10 
10 11 
11 12 
12 12 
12 12 
12 13 
13 13 
13 14 
14 14 
14 15 
16 16 
18 18 
18 18 
18 18 
18 18 
19 20 
20 20 
20 20 
20 20 
20 20 
21 21 
21 21 
22 22 
23 23 
23 24 
25 25 
25 26 
26 27 
27 28 
29 30 
30 30 
31 31 
32 32 
32 32 
32 32 
33 33 
33 34 
34 35 
35 35 
36 36 
36 37 
37 37 
37 38 
38 38 
38 38 
39 39 
39 39 
39 40 
40 41 
41 41 
42 42 
42 43 
43 43 
43 43 
43 44 
44 44 
45 45 
45 46 
46 46 
46 47 
48 48 
48 49 
49 49 
50 50 
50 51 
51 52 
54 54 
54 55 
55 55 
55 55 
56 56 
57 57 
57 57 
57 58 
58 58 
58 58 
59 59 
60 61 
61 62 
62 62 
63 64 
64 64 
64 65 
65 65 
65 65 
65 66 
66 66 
66 67 
67 67 
67 68 
68 69 
69 69 
71 71 
71 72 
72 72 
73 73 
73 73 
73 74 
74 74 
74 75 
76 76 
76 76 
77 77 
77 77 
78 79 
79 79 
81 81 
81 81 
81 82 
82 82 
82 83 
83 83 
84 84 
84 84 
85 85 
86 86 
86 87 
87 87 
88 89 
89 90 
90 90 
91 91 
91 93 
93 93 
93 93 
93 93 
94 95 
96 96 
96 97 
97 97 
97 99 
99 99 
100 100 
100 101 
101 102 
102 103 
103 103 
103 103 
104 104 
105 105 
105 106 
106 106 
106 106 
107 107 
107 107 
107 108 
108 108 
108 109 
109 109 
109 109 
109 109 
110 110 
110 110 
111 111 
112 112 
112 112 
113 113 
113 113 
113 113 
114 114 
115 116 
116 116 
118 118 
118 121 
122 122 
122 122 
123 123 
123 123 
123 124 
124 125 
125 125 
125 126 
126 126 
126 127 
128 128 
129 130 
130 130 
130 131 
131 132 
132 132 
133 133 
133 133 
133 134 
134 134 
135 135 
135 135 
135 135 
136 136 
136 136 
138 138 
139 139 
139 140 
140 140 
141 141 
142 142 
142 142 
142 143 
143 143 
144 144 
144 144 
145 145 
146 146 
146 147 
147 147 
148 148 
149 149 
149 149 
150 151 
151 152 
153 154 
154 154 
154 155 
155 155 
155 156 
156 156 
156 157 
157 157 
158 158 
159 159 
159 159 
160 161 
161 162 
162 163 
163 163 
164 164 
165 165 
166 167 
168 168 
168 168 
168 168 
168 168 
168 169 
169 171 
171 171 
171 173 
173 174 
174 174 
174 175 
175 175 
176 176 
176 176 
177 177 
177 177 
177 177 
178 178 
178 178 
178 178 
179 179 
179 179 
179 180 
181 182 
182 182 
183 183 
184 185 
185 185 
186 186 
186 186 
188 188 
188 189 
189 189 
190 191 
191 192 
192 192 
192 193 
193 193 
193 193 
193 194 
194 195 
195 196 
196 196 
196 197 
197 197 
198 198 
198 198 
198 199 
199 199 
199 199 
200 200 
201 201 
201 202 
202 202 
202 203 
203 203 
203 204 
204 204 
205 205 
206 206 
206 206 
206 206 
207 208 
209 210 
210 210 
210 211 
211 211 
212 212 
212 212 
213 213 
213 214 
214 214 
214 214 
214 214 
214 215 
215 215 
215 215 
216 216 
217 217 
218 218 
219 219 
220 221 
221 221 
221 221 
222 223 
223 224 
224 224 
224 224 
225 225 
226 226 
226 226 
226 227 
228 228 
228 230 
231 231 
231 232 
232 232 
232 232 
232 232 
233 233 
233 233 
233 233 
233 233 
234 234 
234 234 
234 235 
235 235 
236 236 
236 236 
236 236 
237 237 
237 238 
238 238 
239 239 
239 240 
240 240 
240 240 
241 241 
241 242 
242 243 
243 244 
244 244 
245 245 
245 245 
245 246 
246 246 
246 247 
247 247 
248 249 
249 249 
250 250 
251 251 
251 251 
252 252 
252 252 
252 252 
253 253 
253 254 
255 256 
256 257 
257 257 
257 258 
258 258 
259 259 
259 259 
259 259 
260 260 
260 260 
261 261 
262 262 
262 262 
263 263 
264 264 
264 264 
265 265 
265 266 
266 267 
267 267 
267 267 
268 268 
268 268 
269 269 
269 269 
269 269 
270 270 
271 271 
272 272 
272 272 
272 273 
273 273 
273 273 
274 274 
274 274 
274 275 
277 278 
278 278 
278 279 
280 281 
281 282 
282 282 
283 283 
285 285 
285 285 
286 286 
287 287 
287 287 
288 288 
288 289 
289 289 
289 289 
290 290 
290 291 
291 291 
291 291 
292 292 
292 292 
293 293 
293 293 
293 294 
294 294 
294 295 
295 295 
296 296 
297 297 
298 298 
298 298 
298 299 
299 299 
299 300 
300 300 
301 301 
302 303 
303 303 
303 304 
304 304 
305 306 
306 306 
306 306 
306 307 
308 308 
308 308 
308 308 
309 309 
309 309 
310 310 
310 310 
310 311 
311 311 
311 311 
311 311 
312 312 
312 313 
313 314 
314 314 
315 315 
315 315 
315 315 
315 315 
316 316 
316 318 
318 318 
318 318 
318 318 
319 319 
319 320 
320 320 
320 320 
321 321 
322 322 
322 323 
323 323 
323 323 
324 324 
325 325 
326 326 
326 326 
326 327 
327 328 
329 330 
330 330 
331 332 
332 333 
333 334 
334 335 
336 336 
337 337 
337 338 
338 338 
339 339 
341 341 
341 342 
342 342 
343 343 
343 344 
344 345 
345 346 
346 347 
347 348 
348 349 
349 349 
350 350 
351 351 
351 351 
351 352 
352 353 
355 355 
355 355 
356 356 
357 357 
358 358 
359 359 
359 359 
360 360 
360 361 
361 361 
361 362 
362 362 
362 364 
364 366 
366 366 
367 367 
368 368 
368 368 
368 368 
368 368 
369 369 
370 370 
370 371 
371 371 
372 372 
372 372 
372 373 
373 373 
374 374 
374 374 
375 375 
375 377 
377 377 
377 378 
378 379 
379 379 
379 380 
380 380 
380 380 
381 381 
381 382 
383 383 
384 384 
385 386 
386 386 
386 387 
387 387 
387 388 
388 389 
389 389 
390 391 
391 392 
392 392 
394 394 
394 394 
394 395 
395 395 
396 396 
396 396 
396 396 
396 396 
396 397 
397 398 
400 400 
400 400 
400 400 
400 400 
400 400 
401 401 
401 401 
401 401 
402 403 
403 404 
404 404 
404 405 
405 406 
406 406 
406 407 
407 407 
408 408 
408 408 
410 410 
410 411 
411 411 
412 412 
412 412 
413 413 
413 413 
414 414 
414 415 
415 415 
415 415 
416 416 
417 417 
417 417 
417 417 
418 418 
419 419 
419 419 
419 420 
420 420 
420 420 
421 421 
422 422 
422 423 
423 423 
423 423 
424 425 
425 425 
425 426 
426 426 
426 426 
426 426 
426 427 
427 427 
427 427 
427 427 
427 428 
429 429 
429 429 
429 430 
430 431 
431 431 
431 431 
432 432 
432 432 
432 433 
433 435 
436 436 
436 437 
437 437 
437 438 
438 439 
439 439 
440 441 
441 441 
441 442 
442 442 
443 444 
444 444 
445 445 
445 445 
445 445 
446 446 
446 446 
446 447 
447 447 
448 448 
448 448 
449 449 
449 449 
449 450 
450 450 
450 450 
450 452 
453 453 
454 454 
455 455 
455 455 
456 456 
456 458 
458 458 
458 459 
460 460 
460 460 
460 461 
461 462 
462 462 
462 462 
462 463 
463 464 
464 464 
464 465 
465 465 
465 466 
466 466 
466 467 
468 468 
468 469 
469 469 
470 470 
471 471 
471 471 
471 471 
471 472 
473 473 
474 474 
474 474 
475 475 
475 476 
476 476 
477 477 
477 477 
478 478 
478 479 
480 480 
480 480 
481 481 
481 481 
481 482 
482 483 
483 484 
484 484 
484 484 
485 485 
485 486 
486 486 
486 487 
487 487 
487 487 
488 488 
488 488 
488 489 
489 489 
490 490 
491 491 
491 492 
492 492 
492 493 
493 495 
495 496 
496 496 
497 497 
497 498 
498 498 
499 500 
501 502 
502 504 
504 504 
504 505 
505 505 
505 505 
505 505 
505 506 
506 506 
506 508 
509 509 
510 510 
511 512 
513 513 
514 514 
514 515 
515 515 
515 516 
516 516 
517 517 
517 517 
517 518 
518 518 
519 519 
519 520 
520 520 
520 522 
522 522 
523 524 
524 524 
524 525 
525 525 
526 526 
526 526 
527 528 
530 530 
531 532 
532 532 
533 533 
534 534 
534 534 
535 536 
536 537 
537 538 
538 539 
539 539 
540 540 
540 540 
540 540 
540 541 
541 541 
541 542 
542 542 
542 542 
542 543 
543 543 
543 544 
544 544 
544 544 
544 544 
544 545 
545 545 
546 546 
546 547 
547 547 
548 548 
549 549 
549 549 
549 549 
550 550 
551 551 
551 551 
552 552 
553 553 
553 553 
553 554 
554 555 
555 555 
556 556 
556 556 
556 556 
556 557 
557 558 
558 558 
558 559 
559 559 
560 560 
560 560 
560 561 
561 561 
561 561 
561 562 
562 562 
562 562 
563 563 
563 563 
563 564 
564 564 
564 564 
565 565 
565 565 
565 565 
565 566 
566 566 
566 566 
566 567 
567 568 
568 569 
569 569 
569 570 
571 571 
571 571 
571 572 
572 572 
573 573 
573 574 
575 575 
575 575 
575 575 
576 576 
576 577 
577 578 
578 578 
578 579 
580 581 
581 581 
582 582 
583 583 
583 584 
584 584 
584 585 
585 585 
585 585 
586 586 
587 587 
587 587 
588 588 
588 588 
589 590 
590 590 
590 590 
590 590 
591 592 
592 593 
593 593 
594 595 
595 595 
597 597 
598 598 
598 598 
598 598 
599 599 
599 600 
600 601 
602 602 
602 603 
603 603 
604 604 
604 604 
604 605 
605 605 
605 605 
606 606 
606 607 
607 608 
608 609 
609 609 
609 609 
610 610 
610 611 
611 612 
612 612 
614 614 
615 615 
615 615 
616 617 
617 617 
617 618 
618 619 
619 620 
621 621 
621 621 
622 623 
623 623 
623 624 
624 624 
624 624 
625 625 
625 625 
625 625 
625 625 
625 626 
626 626 
626 627 
627 627 
627 628 
628 629 
629 630 
630 630 
630 630 
631 631 
632 633 
634 634 
634 634 
635 635 
635 636 
638 638 
639 639 
639 639 
639 639 
640 640 
641 641 
641 641 
641 641 
641 642 
642 642 
642 643 
644 644 
644 644 
645 645 
645 645 
645 646 
646 646 
647 647 
647 648 
648 649 
649 649 
649 649 
649 649 
650 651 
651 652 
652 653 
653 653 
653 653 
654 654 
655 655 
655 656 
656 658 
658 658 
659 660 
660 660 
661 661 
661 661 
662 663 
663 663 
664 664 
664 665 
665 665 
665 665 
666 666 
666 667 
667 668 
668 668 
669 669 
669 669 
669 669 
669 670 
670 670 
670 670 
671 671 
671 671 
671 672 
672 672 
673 673 
673 675 
675 675 
675 676 
676 676 
676 677 
677 678 
678 679 
679 679 
680 680 
680 680 
680 681 
681 681 
682 682 
682 682 
682 683 
683 684 
684 684 
684 684 
684 684 
685 685 
685 686 
686 686 
686 686 
687 687 
688 688 
688 689 
689 689 
689 690 
691 691 
691 691 
691 692 
692 693 
693 693 
694 694 
695 695 
695 695 
695 697 
697 697 
697 697 
698 698 
698 698 
698 699 
699 699 
700 700 
700 700 
701 701 
701 701 
703 703 
704 704 
704 704 
704 704 
704 705 
705 705 
705 706 
706 706 
707 707 
707 707 
707 708 
708 709 
710 710 
710 711 
711 711 
712 712 
712 712 
712 712 
712 713 
713 714 
715 715 
715 716 
716 716 
716 717 
717 717 
717 718 
718 718 
719 719 
720 720 
720 721 
721 721 
721 721 
722 722 
722 723 
723 723 
723 723 
724 724 
725 725 
725 726 
726 727 
727 728 
728 728 
728 729 
730 731 
731 731 
731 731 
732 732 
733 733 
733 733 
733 734 
734 734 
734 735 
735 735 
736 736 
736 737 
737 737 
737 738 
738 738 
739 739 
739 740 
740 740 
740 740 
741 741 
741 741 
742 743 
743 743 
744 744 
744 744 
745 745 
746 747 
747 748 
749 749 
749 749 
750 750 
750 750 
751 752 
752 752 
752 753 
753 753 
753 753 
754 754 
754 755 
755 756 
756 756 
756 756 
756 756 
757 757 
758 758 
758 759 
759 759 
760 760 
760 760 
760 761 
761 761 
761 761 
761 762 
762 763 
763 763 
763 763 
764 764 
764 765 
765 765 
765 765 
766 766 
766 766 
767 767 
767 767 
768 768 
768 768 
769 769 
770 770 
770 770 
770 772 
772 772 
773 773 
773 773 
773 774 
774 774 
775 775 
775 775 
775 775 
777 778 
780 780 
780 780 
781 781 
782 782 
783 783 
783 784 
784 784 
784 785 
785 786 
786 787 
787 787 
787 788 
788 789 
789 790 
790 791 
791 791 
792 792 
793 793 
794 794 
795 795 
795 796 
796 796 
796 796 
797 797 
797 797 
797 798 
798 800 
800 800 
800 800 
800 800 
801 802 
802 802 
803 803 
803 804 
805 806 
806 806 
807 807 
807 808 
808 808 
809 809 
809 809 
810 810 
810 811 
811 811 
812 812 
812 812 
813 813 
813 814 
814 814 
815 815 
815 815 
816 816 
816 817 
817 817 
818 818 
818 819 
819 819 
819 819 
819 819 
820 820 
820 821 
821 821 
821 821 
822 823 
823 823 
823 824 
824 825 
825 825 
825 825 
825 825 
825 825 
826 826 
828 828 
829 829 
830 830 
830 831 
831 831 
831 832 
833 833 
833 833 
834 834 
834 834 
834 834 
835 835 
835 836 
836 836 
837 837 
837 837 
838 838 
838 839 
839 840 
840 840 
840 840 
841 841 
841 842 
842 842 
843 843 
843 843 
843 844 
844 845 
845 845 
845 846 
846 846 
846 846 
846 847 
847 847 
847 847 
847 847 
847 849 
849 849 
850 850 
850 850 
850 850 
851 851 
851 851 
852 852 
852 852 
852 853 
853 853 
853 853 
854 854 
854 854 
855 855 
855 856 
856 856 
857 857 
857 857 
858 858 
858 858 
858 860 
860 860 
861 861 
862 862 
862 862 
862 863 
863 863 
864 864 
865 865 
865 865 
865 865 
866 866 
866 866 
867 867 
867 867 
868 868 
869 870 
870 871 
872 872 
873 873 
873 875 
875 875 
875 875 
875 876 
876 876 
876 877 
877 878 
878 878 
879 879 
879 879 
880 880 
880 881 
882 883 
884 884 
884 885 
885 885 
885 885 
886 886 
887 887 
887 888 
889 889 
889 889 
890 890 
890 891 
891 891 
892 892 
893 893 
894 895 
895 895 
895 895 
896 896 
896 896 
897 897 
897 898 
898 898 
898 899 
899 899 
899 899 
900 900 
900 900 
900 901 
902 902 
902 903 
903 903 
903 903 
904 904 
904 905 
905 906 
906 906 
906 906 
906 906 
906 907 
907 908 
908 908 
908 908 
909 909 
910 911 
911 912 
912 913 
913 914 
914 914 
914 915 
915 915 
915 915 
916 916 
916 916 
917 918 
919 919 
920 920 
920 921 
921 921 
922 922 
922 922 
923 923 
923 923 
924 925 
925 925 
925 926 
926 926 
926 927 
927 928 
928 928 
928 929 
929 929 
929 930 
930 930 
931 931 
931 931 
931 931 
931 932 
932 933 
933 933 
934 935 
935 935 
936 936 
936 936 
936 936 
937 937 
937 937 
937 938 
938 939 
940 941 
941 941 
941 943 
943 943 
943 943 
943 944 
944 944 
944 944 
944 945 
945 946 
946 946 
947 947 
947 948 
949 949 
949 949 
949 950 
950 950 
950 950 
951 951 
951 952 
952 953 
953 954 
954 955 
955 955 
955 955 
955 955 
955 956 
956 956 
957 957 
958 959 
959 959 
959 959 
959 960 
960 960 
960 961 
962 962 
963 963 
963 963 
964 964 
964 965 
965 965 
965 966 
966 966 
967 967 
968 968 
968 968 
968 968 
968 969 
969 970 
970 971 
972 972 
972 973 
973 973 
973 973 
973 974 
975 975 
976 977 
977 977 
978 978 
978 978 
978 979 
979 979 
979 979 
979 979 
980 980 
981 981 
982 982 
982 983 
983 983 
983 983 
983 984 
984 984 
984 985 
985 986 
986 986 
986 987 
987 988 
989 989 
989 990 
990 990 
990 990 
990 991 
991 992 
992 992 
992 992 
993 993 
993 993 
993 994 
994 994 
994 994 
995 995 
996 996 
996 996 
997 997 
997 997 
997 997 
998 998 
999 999 
999 999 
999 1000 
1000 1000 
327 720 
66 228 
645 680 
973 49 
193 282 
400 465 
646 725 
821 907 
583 14 
210 342 
414 476 
820 858 
865 84 
524 950 
206 240 
847 392 
560 100 
125 310 
442 718 
840 168 
233 417 
936 7 
32 42 
830 739 
286 972 
34 39 
104 191 
418 517 
775 825 
893 193 
427 429 
450 582 
715 770 
772 968 
201 260 
562 851 
178 406 
38 465 
617 226 
101 515 
912 906 
979 463 
815 908 
401 178 
449 766 
338 532 
14 223 
704 756 
904 946 
401 555 
721 18 
735 523 
910 975 
55 689 
790 356 
374 578 
895 23 
58 318 
364 520 
18 125 
253 299 
949 713 
906 115 
783 959 
14 163 
417 202 
233 572 
573 749 
823 448 
606 935 
110 369 
898 364 
496 574 
709 412 
786 847 
865 4 
149 477 
400 505 
832 116 
658 979 
65 723 
852 36 
168 791 
902 903 
287 350 
221 638 
680 781 
845 38 
295 481 
737 763 
474 629 
522 228 
257 760 
862 951 
113 401 
556 656 
668 54 
147 571 
585 639 
880 2 
644 665 
814 311 
381 719 
780 234 
612 654 
895 983 
449 484 
835 355 
462 938 
290 716 
796 875 
1000 286 
370 707 
968 720 
103 278 
394 931 
292 309 
417 534 
800 108 
609 723 
128 343 
400 587 
748 101 
584 766 
795 112 
262 805 
8 218 
280 318 
970 980 
225 299 
761 223 
291 695 
182 672 
831 130 
539 995 
147 428 
943 217 
244 315 
460 744 
806 975 
537 597 
298 459 
795 474 
604 683 
895 326 
429 492 
12 419 
600 25 
82 679 
896 76 
233 313 
484 816 
18 793 
684 737 
858 271 
347 533 
556 712 
236 423 
431 609 
679 79 
629 821 
923 142 
333 388 
540 566 
652 907 
45 449 
587 641 
263 571 
83 183 
898 959 
63 273 
326 345 
641 926 
147 825 
41 51 
540 908 
285 740 
750 890 
133 214 
290 564 
321 430 
475 486 
968 281 
553 12 
39 366 
997 132 
713 745 
849 651 
81 197 
553 90 
226 906 
936 520 
862 126 
183 595 
122 208 
249 755 
941 155 
851 872 
224 247 
372 560 
688 929 
142 270 
361 954 
154 686 
264 688 
717 171 
267 456 
298 323 
109 136 
279 839 
898 402 
497 669 
450 458 
556 853 
269 536 
455 577 
639 65 
91 114 
236 544 
49 195 
444 984 
896 532 
911 168 
464 138 
412 582 
754 134 
341 544 
655 232 
396 803 
815 167 
731 867 
660 677 
176 396 
506 834 
886 492 
768 215 
653 42 
906 996 
224 505 
443 617 
338 157 
13 55 
152 389 
413 515 
598 653 
931 349 
518 140 
374 756 
849 212 
712 303 
420 471 
558 562 
960 985 
159 335 
337 361 
330 618 
685 830 
857 896 
22 30 
384 495 
522 644 
293 345 
540 634 
978 752 
564 88 
420 785 
112 132 
449 353 
810 959 
419 711 
721 756 
509 559 
623 291 
573 678 
355 18 
980 213 
682 767 
880 4 
20 427 
461 723 
902 542 
661 149 
619 401 
705 736 
968 128 
489 792 
214 425 
485 578 
968 205 
362 514 
675 885 
567 871 
21 258 
730 43 
232 243 
908 206 
275 516 
882 288 
602 665 
199 423 
9 203 
209 685 
873 933 
943 133 
206 7 
278 359 
617 379 
708 828 
173 462 
663 756 
192 297 
878 122 
198 487 
627 646 
837 852 
959 162 
232 298 
505 642 
408 615 
93 673 
84 858 
368 396 
234 57 
801 899 
906 919 
707 32 
87 135 
164 462 
982 996 
86 538 
24 130 
517 715 
775 311 
2 61 
753 812 
546 807 
851 156 
202 215 
298 584 
639 944 
13 43 
103 260 
405 423 
534 813 
68 220 
485 540 
821 483 
671 675 
107 148 
344 508 
590 592 
532 669 
816 445 
471 973 
550 573 
809 10 
260 740 
884 990 
781 857 
947 269 
414 202 
469 93 
396 478 
322 391 
481 732 
768 272 
304 758 
943 135 
262 744 
315 133 
487 950 
329 487 
272 545 
590 722 
308 323 
359 366 
481 992 
39 630 
889 527 
932 490 
847 61 
728 741 
768 201 
446 764 
566 571 
650 854 
906 963 
21 233 
240 979 
273 765 
83 247 
500 941 
111 593 
139 541 
664 920 
306 584 
849 475 
524 140 
312 505 
549 850 
504 653 
728 796 
145 242 
341 482 
802 867 
136 834 
106 384 
246 251 
590 623 
710 113 
261 735 
770 794 
356 395 
603 626 
992 203 
293 76 
210 717 
922 142 
84 124 
604 5 
915 917 
899 918 
118 368 
575 890 
16 74 
56 396 
454 764 
204 728 
962 460 
539 659 
731 989 
73 122 
661 87 
189 310 
808 853 
77 309 
380 878 
179 277 
437 915 
922 410 
506 899 
964 58 
662 926 
421 697 
213 576 
96 141 
215 232 
310 39 
86 474 
860 669 
944 961 
308 957 
564 174 
737 777 
782 246 
797 979 
857 265 
446 464 
624 875 
892 711 
252 301 
392 716 
787 951 
77 292 
406 861 
12 291 
298 510 
773 67 
227 408 
458 839 
893 914 
267 421 
889 103 
738 556 
820 994 
93 248 
415 491 
502 618 
809 843 
654 666 
714 38 
84 380 
441 804 
826 845 
645 756 
924 698 
741 879 
885 911 
123 914 
245 483 
957 141 
252 468 
543 735 
377 929 
605 921 
99 113 
624 661 
773 1 
818 387 
250 177 
425 504 
929 546 
784 109 
981 456 
983 176 
544 920 
176 565 
788 31 
166 491 
627 693 
155 269 
419 7 
639 896 
81 633 
880 236 
455 113 
179 432 
955 106 
423 576 
813 169 
626 765 
56 999 
471 752 
814 955 
1000 680 
723 185 
72 190 
538 550 
37 274 
458 819 
556 967 
210 252 
368 825 
758 938 
974 136 
176 617 
840 199 
630 685 
931 38 
46 125 
252 608 
711 879 
219 285 
359 480 
553 634 
833 994 
45 850 
74 567 
575 684 
986 989 
135 626 
628 665 
824 569 
584 623 
37 171 
583 622 
436 855 
986 324 
585 628 
675 670 
721 211 
427 460 
565 292 
318 787 
789 916 
67 625 
765 621 
565 984 
178 271 
432 401 
496 639 
761 328 
825 853 
933 109 
680 168 
547 699 
862 245 
649 11 
308 746 
76 445 
484 845 
900 274 
704 996 
156 159 
219 244 
287 474 
697 758 
999 635 
762 505 
5 50 
81 432 
525 571 
765 798 
984 993 
29 33 
64 196 
386 670 
143 563 
759 486 
548 615 
684 233 
737 22 
309 847 
913 565 
753 976 
216 311 
585 914 
294 800 
931 741 
870 964 
47 154 
563 982 
168 446 
649 858 
7 242 
563 315 
533 630 
678 704 
558 943 
13 42 
77 479 
586 684 
18 846 
100 186 
341 537 
751 174 
182 486 
818 916 
296 312 
458 944 
946 107 
205 233 
347 991 
437 198 
330 638 
841 736 
757 761 
794 881 
898 908 
983 20 
193 379 
465 476 
588 701 
860 91 
20 99 
621 682 
712 123 
812 107 
522 625 
909 995 
346 385 
400 742 
925 704 
772 462 
375 642 
983 293 
424 800 
823 830 
888 519 
868 986 
759 318 
566 740 
865 12 
693 969 
165 149 
552 585 
238 394 
558 667 
703 841 
258 306 
413 560 
704 505 
595 931 
44 585 
717 979 
30 71 
110 184 
846 20 
144 553 
635 647 
655 642 
860 879 
287 689 
146 344 
699 955 
140 334 
934 144 
311 357 
422 96 
93 289 
379 658 
684 193 
959 72 
212 224 
435 477 
992 27 
612 153 
306 544 
803 5 
23 427 
847 648 
708 901 
967 541 
323 829 
852 243 
480 753 
953 981 
174 238 
351 518 
556 915 
937 889 
930 983 
59 97 
299 396 
123 266 
699 7 
427 566 
49 462 
705 865 
244 525 
774 417 
368 469 
603 835 
58 245 
252 504 
524 269 
816 235 
322 71 
103 394 
561 973 
198 234 
754 123 
404 420 
811 214 
249 250 
621 853 
516 643 
669 734 
843 197 
609 749 
256 785 
315 338 
542 99 
161 690 
891 671 
876 178 
920 46 
386 540 
143 722 
928 558 
598 875 
815 262 
561 315 
578 268 
330 481 
704 50 
164 215 
267 398 
447 819 
887 159 
294 836 
919 236 
188 973 
310 994 
809 930 
517 760 
199 634 
977 25 
168 572 
921 203 
488 663 
18 226 
513 710 
743 169 
471 963 
439 718 
857 38 
131 897 
952 60 
178 431 
35 8 
266 481 
755 400 
478 808 
624 686 
731 866 
254 978 
689 810 
778 31 
151 237 
106 415 
77 233 
562 956 
821 145 
895 94 
419 225 
355 90 
289 565 
109 116 
179 234 
496 916 
941 264 
467 701 
928 194 
491 705 
825 998 
999 323 
568 738 
947 148 
155 336 
464 670 
676 692 
731 251 
561 684 
231 332 
625 389 
591 724 
404 562 
267 579 
687 697 
891 973 
239 355 
645 846 
905 946 
444 598 
124 129 
368 450 
877 669 
998 33 
664 700 
64 106 
144 314 
358 471 
566 672 
843 174 
416 445 
498 188 
680 740 
11 135 
446 726 
738 484 
501 545 
775 802 
837 21 
175 534 
548 791 
403 412 
414 787 
990 122 
181 302 
641 686 
337 379 
383 407 
539 761 
996 109 
259 441 
476 556 
977 200 
370 543 
769 373 
599 609 
844 948 
65 111 
259 400 
784 43 
515 715 
43 189 
239 46 
285 370 
588 590 
700 838 
297 348 
951 146 
834 37 
198 502 
647 549 
668 740 
760 966 
20 154 
6 374 
682 82 
232 265 
373 65 
377 408 
444 448 
417 666 
81 110 
712 734 
427 575 
819 846 
627 236 
251 272 
575 786 
834 952 
547 236 
993 263 
635 663 
791 132 
447 904 
95 802 
168 498 
552 813 
847 855 
569 743 
925 100 
719 876 
204 819 
847 274 
480 608 
97 281 
720 747 
931 325 
793 823 
885 926 
44 691 
936 908 
937 366 
603 79 
107 489 
569 744 
722 725 
727 636 
921 68 
463 807 
649 728 
216 404 
665 836 
955 23 
165 210 
361 177 
315 195 
645 769 
382 429 
487 797 
374 188 
272 373 
679 306 
326 526 
625 733 
381 431 
546 624 
669 671 
829 864 
940 274 
349 372 
875 214 
339 589 
955 372 
377 59 
108 253 
362 415 
761 986 
706 822 
784 343 
179 368 
514 958 
397 450 
593 611 
57 425 
65 146 
232 342 
386 727 
658 762 
110 113 
564 721 
831 891 
936 215 
436 452 
894 488 
66 178 
767 831 
2 319 
551 619 
660 5 
214 913 
450 578 
716 466 
790 391 
413 614 
689 695 
788 844 
259 127 
990 109 
993 162 
168 268 
817 955 
69 316 
155 450 
707 64 
992 51 
460 640 
289 158 
645 867 
194 290 
326 903 
295 212 
516 593 
264 555 
810 66 
204 372 
615 697 
316 586 
770 445 
825 64 
580 739 
143 237 
300 488 
554 625 
935 378 
401 544 
733 869 
235 493 
625 943 
968 89 
557 707 
217 760 
775 199 
235 377 
853 544 
784 812 
960 158 
959 189 
415 102 
107 623 
3 57 
352 388 
559 774 
838 989 
192 429 
583 743 
836 97 
851 105 
371 404 
417 460 
545 993 
177 206 
362 138 
526 564 
842 876 
549 834 
135 139 
782 36 
454 530 
649 492 
606 873 
912 925 
943 544 
879 339 
442 969 
749 833 
87 649 
936 983 
987 296 
396 549 
665 744 
320 731 
773 885 
973 389 
455 475 
555 575 
763 775 
427 541 
712 770 
445 780 
32 395 
415 433 
446 504 
987 196 
477 542 
706 631 
705 950 
74 222 
655 672 
750 211 
466 46 
272 517 
916 186 
307 367 
106 173 
429 587 
701 904 
970 40 
126 316 
20 226 
572 73 
308 647 
966 139 
278 448 
825 12 
519 944 
67 600 
1 75 
604 33 
186 378 
641 800 
251 497 
610 54 
79 193 
352 906 
547 949 
5 610 
997 560 
887 610 
639 257 
268 288 
614 838 
201 157 
289 526 
544 698 
245 852 
624 670 
734 818 
895 488 
587 733 
783 34 
273 323 
196 426 
855 58 
105 303 
405 313 
543 560 
15 668 
825 118 
240 441 
559 581 
257 320 
411 842 
432 517 
599 682 
93 247 
609 697 
126 997 
392 604 
994 81 
43 489 
694 927 
118 707 
963 978 
419 180 
351 935 
950 228 
407 469 
903 937 
154 485 
905 133 
524 32 
171 186 
212 319 
811 954 
426 900 
246 360 
396 403 
440 875 
62 513 
581 673 
979 86 
386 426 
565 630 
993 397 
640 58 
700 765 
806 926 
258 287 
837 261 
349 381 
400 763 
30 82 
856 929 
192 644 
872 941 
161 245 
257 902 
568 620 
20 273 
666 701 
811 20 
433 797 
310 326 
698 817 
997 478 
681 906 
18 226 
561 673 
700 858 
303 531 
67 703 
787 897 
57 241 
303 688 
41 734 
814 332 
571 632 
676 182 
490 48 
590 308 
380 563 
780 337 
649 380 
937 36 
648 55 
562 594 
197 885 
104 605 
273 426 
82 96 
812 73 
268 808 
843 915 
304 621 
772 862 
950 400 
964 78 
410 437 
721 826 
842 962 
221 269 
561 597 
156 464 
887 318 
83 93 
763 850 
231 612 
847 291 
525 796 
239 315 
511 997 
185 530 
664 486 
756 770 
230 430 
676 795 
233 348 
598 66 
351 783 
27 156 
499 984 
103 237 
482 653 
773 960 
327 420 
733 357 
505 588 
602 825 
846 945 
7 314 
949 5 
108 234 
535 878 
631 43 
437 605 
889 372 
978 18 
114 359 
387 542 
667 717 
739 819 
318 800 
211 867 
468 625 
14 177 
438 89 
641 644 
965 50 
368 694 
890 897 
159 270 
577 590 
687 994 
71 480 
840 506 
615 682 
214 561 
764 956 
575 681 
729 142 
311 12 
361 835 
956 977 
425 445 
854 686 
741 800 
315 488 
557 796 
999 569 
649 57 
318 394 
863 418 
449 551 
588 819 
866 10 
48 256 
406 465 
598 602 
807 126 
171 265 
267 369 
806 899 
968 988 
21 134 
231 683 
54 214 
468 732 
854 144 
291 387 
487 675 
259 841 
852 991 
375 598 
736 766 
903 923 
177 241 
305 519 
7 105 
218 413 
775 299 
427 453 
309 971 
62 131 
390 797 
965 845 
876 922 
625 949 
7 48 
441 477 
892 930 
526 846 
875 883 
157 269 
660 828 
439 870 
670 411 
868 200 
134 767 
206 691 
945 73 
306 498 
626 759 
866 493 
601 686 
863 553 
965 213 
292 821 
320 367 
453 692 
65 192 
343 426 
203 866 
240 928 
978 199 
320 605 
698 792 
160 1000 
505 726 
803 438 
253 312 
472 823 
121 285 
833 492 
549 641 
306 865 
19 311 
642 37 
69 97 
536 733 
102 150 
177 342 
520 780 
833 45 
112 142 
426 221 
283 294 
850 923 
394 757 
932 965 
990 466 
55 193 
768 55 
661 753 
856 997 
32 595 
712 551 
754 26 
40 130 
163 221 
259 723 
774 5 
109 28 
116 202 
426 607 
431 927 
35 151 
320 25 
691 406 
646 311 
321 408 
972 282 
293 471 
796 990 
380 420 
540 710 
282 283 
221 506 
264 336 
495 325 
515 611 
278 293 
863 979 
108 856 
899 955 
319 432 
599 691 
953 113 
295 605 
763 749 
909 497 
541 884 
985 135 
324 331 
766 473 
512 865 
76 168 
362 410 
447 604 
990 255 
900 206 
387 944 
456 44 
669 752 
13 130 
606 641 
695 963 
471 607 
753 789 
999 72 
360 992 
625 133 
262 540 
767 91 
207 246 
416 671 
691 232 
300 422 
718 933 
955 819 
873 32 
422 551 
241 543 
949 570 
39 724 
820 864 
947 8 
249 706 
752 797 
62 308 
576 520 
590 470 
925 136 
756 346 
351 455 
616 627 
653 923 
944 534 
837 840 
301 322 
634 41 
112 185 
214 461 
677 175 
676 817 
972 300 
288 800 
259 518 
750 936 
294 411 
798 831 
862 877 
900 581 
716 982 
358 466 
20 74 
123 196 
198 671 
850 442 
693 85 
712 861 
16 914 
960 3 
238 484 
509 549 
698 360 
35 93 
407 514 
566 840 
179 528 
750 824 
884 26 
52 260 
304 448 
760 922 
85 191 
333 470 
224 412 
966 69 
334 426 
436 473 
695 149 
383 400 
815 175 
928 371 
375 439 
630 695 
704 850 
289 371 
681 240 
563 651 
900 915 
931 423 
854 252 
274 462 
656 939 
400 592 
652 684 
761 314 
368 510 
747 834 
90 431 
163 224 
395 565 
125 725 
745 773 
809 903 
542 554 
350 396 
542 843 
937 73 
351 886 
