1 1 
2 2 
2 2 
2 2 
3 3 
3 4 
4 5 
5 6 
7 7 
7 9 
9 9 
10 10 
10 10 
10 10 
12 12 
12 13 
13 13 
13 13 
13 13 
14 14 
14 14 
15 15 
15 16 
16 16 
17 18 
19 19 
19 19 
20 21 
22 22 
22 23 
23 23 
23 23 
23 24 
24 24 
24 25 
25 25 
26 26 
27 27 
27 27 
27 27 
28 28 
28 29 
30 30 
30 30 
32 33 
33 33 
35 35 
36 36 
37 37 
37 38 
38 38 
39 39 
39 39 
40 40 
41 42 
42 42 
43 43 
43 43 
43 43 
43 44 
46 46 
47 47 
48 48 
48 49 
49 50 
50 50 
51 51 
51 51 
51 51 
52 52 
53 53 
53 54 
54 54 
54 54 
55 55 
55 55 
56 56 
56 56 
56 56 
57 57 
58 58 
58 58 
58 59 
59 59 
59 60 
61 61 
62 62 
62 62 
62 62 
62 63 
63 63 
63 63 
63 64 
64 65 
65 65 
66 66 
66 66 
67 67 
68 68 
68 68 
68 69 
69 70 
70 70 
71 71 
71 71 
71 72 
73 73 
73 74 
75 75 
75 75 
75 76 
76 76 
76 76 
76 76 
76 77 
78 78 
78 78 
79 79 
80 81 
81 81 
81 81 
82 82 
82 82 
83 83 
83 83 
84 84 
84 84 
84 85 
86 86 
86 86 
86 86 
87 87 
87 87 
87 87 
87 88 
88 88 
88 88 
89 89 
90 90 
90 91 
91 91 
91 92 
92 92 
92 92 
93 93 
93 93 
93 93 
94 94 
94 94 
96 96 
97 97 
97 97 
97 98 
98 98 
98 99 
99 99 
99 99 
101 101 
101 103 
103 103 
104 104 
104 104 
105 105 
105 105 
105 105 
106 106 
106 106 
106 106 
107 107 
107 107 
107 108 
108 108 
108 108 
109 109 
109 110 
110 111 
111 113 
113 114 
115 115 
115 115 
116 116 
116 116 
116 118 
118 118 
119 119 
119 120 
120 121 
122 122 
122 122 
122 123 
123 123 
123 123 
123 124 
124 124 
124 125 
125 126 
126 126 
127 127 
127 127 
127 127 
128 128 
129 129 
130 130 
130 130 
131 131 
131 132 
132 132 
132 133 
133 133 
134 134 
134 134 
134 134 
134 134 
135 136 
136 136 
137 138 
138 138 
138 139 
139 139 
139 139 
140 140 
140 142 
142 143 
143 143 
143 144 
144 144 
145 145 
145 146 
146 146 
146 147 
147 147 
147 148 
148 148 
148 149 
149 150 
150 151 
151 153 
153 153 
154 154 
155 156 
156 157 
157 157 
157 158 
158 158 
158 159 
160 160 
160 161 
161 161 
162 162 
162 162 
163 163 
163 163 
163 164 
164 164 
165 165 
165 166 
166 167 
168 168 
169 169 
170 170 
170 170 
170 170 
171 171 
171 171 
171 172 
172 172 
172 173 
173 174 
174 174 
174 175 
175 176 
177 177 
177 177 
178 179 
180 181 
181 182 
183 183 
183 183 
183 183 
184 184 
184 185 
185 186 
186 186 
186 188 
188 189 
189 189 
189 189 
190 191 
191 192 
192 192 
192 192 
192 193 
193 193 
194 194 
194 194 
194 195 
195 196 
196 196 
197 197 
198 199 
199 199 
199 200 
200 200 
201 201 
201 201 
202 203 
204 204 
204 204 
204 205 
205 205 
205 206 
206 207 
207 207 
207 207 
208 208 
208 208 
208 209 
210 210 
210 210 
211 211 
211 212 
212 212 
213 213 
214 214 
215 215 
215 215 
215 215 
215 216 
216 216 
216 217 
218 218 
218 218 
218 218 
219 219 
219 219 
219 219 
220 220 
220 220 
220 220 
221 221 
221 223 
223 224 
224 224 
224 224 
224 225 
225 225 
225 226 
226 226 
226 227 
227 227 
228 228 
228 228 
228 229 
229 229 
230 230 
230 231 
231 231 
231 231 
231 231 
232 232 
232 232 
233 233 
233 233 
233 233 
234 234 
234 235 
236 237 
237 237 
237 238 
238 238 
238 238 
239 239 
240 240 
240 240 
240 240 
241 241 
241 242 
242 243 
243 243 
244 244 
244 244 
244 245 
245 245 
245 245 
246 246 
246 246 
247 247 
247 248 
248 248 
248 248 
248 248 
248 248 
249 249 
249 250 
251 252 
253 254 
254 254 
254 254 
255 255 
255 256 
256 257 
257 258 
258 258 
259 259 
259 260 
260 260 
261 261 
261 262 
262 262 
262 263 
263 264 
264 264 
264 264 
264 265 
265 265 
265 265 
266 266 
266 266 
267 267 
268 268 
268 268 
269 269 
269 269 
270 270 
270 270 
271 271 
271 271 
272 272 
272 272 
273 273 
274 274 
274 274 
274 276 
276 276 
277 277 
277 277 
277 278 
278 278 
278 279 
279 280 
281 281 
281 283 
283 283 
284 284 
284 284 
284 284 
285 285 
286 287 
287 287 
287 287 
289 289 
290 291 
292 292 
293 293 
294 295 
295 296 
296 296 
296 296 
296 296 
297 297 
297 297 
298 298 
298 299 
300 300 
300 300 
301 302 
303 304 
304 304 
305 305 
305 305 
305 306 
306 307 
307 307 
307 307 
307 307 
308 309 
309 309 
309 309 
309 310 
310 311 
311 311 
312 312 
313 313 
313 314 
314 315 
315 315 
315 316 
317 317 
317 317 
317 318 
318 318 
318 319 
319 319 
319 319 
320 321 
321 321 
321 322 
322 322 
322 322 
323 323 
325 325 
325 326 
326 326 
327 327 
327 327 
328 328 
328 329 
330 330 
331 331 
331 332 
332 332 
332 333 
333 334 
334 334 
334 334 
335 336 
337 337 
337 337 
338 338 
338 339 
339 339 
340 340 
340 340 
341 341 
342 342 
342 342 
343 344 
344 344 
344 344 
344 345 
345 346 
346 347 
348 348 
348 348 
348 349 
349 349 
350 351 
351 353 
353 353 
353 354 
354 354 
355 356 
356 356 
356 356 
356 357 
357 357 
357 357 
358 358 
359 359 
359 360 
360 360 
360 360 
360 360 
361 361 
362 362 
362 362 
362 363 
363 363 
364 364 
364 365 
365 365 
366 367 
368 368 
368 368 
368 369 
370 370 
371 371 
371 371 
371 372 
372 372 
372 372 
373 373 
373 373 
374 374 
374 375 
375 375 
375 376 
376 376 
376 376 
377 377 
377 377 
378 378 
378 379 
379 379 
379 380 
380 380 
380 381 
382 382 
382 383 
383 384 
384 385 
385 385 
385 385 
385 385 
386 386 
386 386 
386 386 
387 387 
388 388 
388 389 
389 389 
389 389 
390 390 
390 391 
391 391 
391 391 
392 392 
392 393 
393 394 
394 394 
395 395 
396 396 
396 396 
396 397 
397 397 
397 398 
398 398 
400 400 
400 400 
401 402 
403 403 
403 404 
404 404 
404 405 
405 405 
407 407 
409 410 
410 410 
411 411 
412 412 
412 412 
413 413 
413 414 
414 414 
414 415 
415 415 
415 416 
416 416 
417 417 
418 419 
419 419 
419 420 
420 420 
420 420 
420 421 
421 421 
422 423 
423 423 
423 424 
424 425 
425 425 
426 426 
426 426 
426 426 
427 428 
428 429 
429 430 
430 430 
430 430 
431 431 
431 431 
433 433 
433 433 
434 434 
434 435 
435 435 
436 436 
437 438 
438 439 
439 439 
439 440 
440 440 
441 441 
441 442 
442 443 
443 443 
443 445 
445 445 
446 446 
447 447 
447 448 
448 448 
449 450 
451 451 
451 451 
451 451 
451 452 
454 454 
454 454 
454 455 
456 456 
456 456 
456 456 
456 456 
456 458 
459 459 
461 461 
461 462 
462 463 
463 463 
464 464 
464 464 
464 465 
465 465 
465 466 
466 466 
467 467 
467 467 
467 468 
468 468 
469 470 
470 470 
471 471 
471 472 
473 473 
475 475 
476 476 
476 476 
476 476 
477 477 
478 478 
478 479 
479 479 
480 480 
480 481 
481 481 
481 481 
482 482 
482 482 
483 483 
483 484 
484 484 
484 485 
485 485 
485 485 
486 486 
486 486 
487 487 
487 488 
488 489 
489 489 
489 490 
490 490 
490 491 
492 492 
493 494 
494 494 
494 495 
495 495 
495 496 
496 497 
497 497 
498 498 
499 499 
499 499 
499 499 
499 499 
500 501 
502 502 
502 502 
503 503 
503 504 
504 505 
505 506 
506 506 
506 507 
507 507 
508 508 
508 508 
508 508 
508 509 
509 510 
511 512 
512 512 
513 513 
514 514 
515 515 
516 516 
516 517 
517 517 
517 518 
518 519 
519 519 
520 520 
521 521 
522 522 
522 522 
522 522 
523 523 
524 525 
527 527 
528 529 
529 529 
531 532 
532 532 
533 533 
534 534 
535 536 
536 536 
536 537 
537 538 
538 538 
538 538 
539 539 
539 539 
540 540 
541 541 
542 543 
543 544 
544 544 
544 545 
545 546 
546 546 
548 548 
549 549 
549 549 
550 550 
550 551 
551 551 
552 552 
552 553 
553 554 
554 554 
554 554 
555 555 
556 556 
556 558 
558 558 
558 558 
560 560 
560 560 
560 560 
560 560 
562 562 
562 563 
563 564 
564 565 
566 566 
566 566 
567 567 
567 567 
567 568 
568 568 
568 569 
569 569 
571 572 
572 572 
572 573 
573 573 
573 573 
574 574 
574 575 
576 576 
577 577 
578 578 
579 579 
580 580 
580 580 
580 580 
581 581 
582 582 
582 583 
583 583 
584 584 
584 585 
585 585 
585 586 
587 587 
587 587 
587 588 
588 588 
589 589 
589 589 
589 591 
591 591 
591 591 
591 592 
593 593 
593 593 
593 594 
595 595 
595 596 
596 596 
596 598 
599 600 
600 600 
600 601 
601 602 
602 602 
603 603 
603 604 
604 605 
605 605 
605 605 
606 606 
606 606 
607 608 
608 609 
609 609 
609 610 
610 611 
611 611 
612 612 
612 613 
613 613 
614 614 
615 615 
615 616 
616 617 
617 618 
618 619 
619 620 
620 621 
621 621 
622 622 
622 623 
623 624 
624 624 
624 624 
625 625 
625 625 
625 626 
626 627 
628 629 
629 629 
630 630 
630 630 
631 631 
632 632 
632 632 
632 634 
634 634 
634 634 
635 635 
635 635 
635 636 
636 636 
637 639 
639 639 
639 639 
640 640 
640 640 
641 641 
641 641 
641 642 
643 643 
644 644 
644 645 
645 645 
645 646 
646 647 
647 647 
647 647 
647 647 
648 648 
648 649 
649 649 
649 649 
649 649 
650 650 
651 652 
652 652 
653 653 
654 654 
654 655 
655 655 
655 655 
656 656 
656 657 
657 657 
658 659 
659 660 
660 660 
660 660 
661 661 
662 662 
662 663 
663 663 
664 664 
665 665 
665 666 
666 666 
666 667 
667 667 
667 667 
667 667 
667 668 
669 669 
669 669 
669 669 
669 670 
670 670 
670 671 
671 672 
672 672 
672 672 
673 673 
674 674 
675 675 
675 676 
676 676 
677 677 
677 677 
677 678 
678 678 
679 679 
680 680 
680 681 
681 682 
682 682 
682 683 
683 683 
683 683 
684 684 
684 685 
685 687 
687 687 
687 688 
688 689 
689 689 
689 689 
690 690 
691 691 
692 692 
692 692 
692 692 
693 693 
693 693 
694 694 
694 694 
694 695 
695 696 
696 698 
698 699 
699 699 
700 700 
700 700 
700 700 
700 701 
702 703 
703 703 
704 704 
704 705 
705 705 
705 706 
706 708 
708 708 
708 708 
709 709 
710 711 
711 712 
712 712 
712 712 
712 713 
713 713 
713 713 
714 714 
715 715 
716 717 
717 717 
718 718 
718 718 
719 719 
719 719 
719 719 
720 720 
720 720 
721 721 
721 721 
723 723 
724 724 
724 724 
724 725 
726 726 
727 727 
727 727 
727 727 
728 728 
729 729 
731 731 
731 731 
732 732 
732 733 
733 733 
733 734 
734 734 
734 735 
736 736 
736 737 
737 737 
737 737 
738 738 
738 738 
738 739 
739 739 
740 740 
740 741 
741 743 
743 743 
743 743 
743 743 
743 745 
745 745 
745 745 
746 746 
746 746 
747 747 
748 748 
748 749 
749 749 
749 749 
750 751 
751 751 
752 752 
752 752 
753 753 
753 754 
755 756 
756 756 
756 757 
757 758 
758 758 
758 759 
759 760 
760 761 
761 762 
762 762 
762 763 
763 764 
764 764 
765 765 
765 766 
766 766 
766 767 
767 767 
767 768 
768 769 
769 769 
769 769 
770 770 
770 771 
771 771 
771 771 
772 773 
773 773 
773 773 
774 774 
774 775 
776 776 
776 777 
777 777 
777 778 
778 780 
780 780 
781 781 
782 782 
782 782 
782 782 
783 784 
784 784 
785 785 
785 786 
787 787 
789 789 
789 789 
790 791 
791 791 
791 792 
792 792 
792 792 
792 793 
793 794 
794 794 
795 795 
795 795 
796 796 
797 797 
797 797 
798 798 
798 798 
798 798 
799 799 
799 800 
801 801 
802 802 
803 804 
804 804 
804 805 
805 805 
806 806 
806 806 
806 806 
807 807 
807 807 
807 808 
808 808 
809 809 
809 809 
810 810 
810 811 
813 813 
813 813 
814 814 
814 815 
815 815 
815 815 
816 816 
816 816 
817 817 
818 818 
818 818 
819 819 
819 819 
820 820 
820 820 
821 821 
822 822 
822 823 
823 823 
824 824 
826 826 
826 826 
826 826 
827 827 
827 827 
828 828 
829 830 
830 831 
832 833 
833 834 
834 834 
836 836 
836 837 
837 838 
838 838 
838 839 
839 839 
839 840 
841 841 
841 842 
842 843 
843 843 
844 845 
845 845 
845 846 
846 847 
847 848 
848 848 
849 850 
850 850 
850 850 
850 850 
851 851 
852 852 
852 852 
853 853 
853 854 
854 854 
855 855 
855 856 
856 857 
857 858 
858 858 
859 859 
859 859 
859 859 
860 860 
860 861 
862 862 
862 862 
863 863 
863 864 
864 865 
865 866 
866 867 
867 867 
867 868 
869 869 
869 869 
870 870 
871 872 
873 874 
874 874 
874 875 
875 875 
875 876 
876 877 
877 877 
877 877 
878 878 
878 878 
878 878 
878 879 
879 879 
879 879 
879 879 
879 880 
880 880 
880 881 
881 882 
882 882 
883 883 
883 884 
884 884 
884 885 
885 885 
885 886 
886 886 
887 887 
887 887 
887 887 
888 888 
889 889 
889 890 
891 891 
891 891 
894 894 
894 895 
895 895 
895 895 
896 896 
896 896 
897 897 
898 898 
898 899 
899 899 
900 900 
900 900 
900 901 
902 902 
902 902 
902 903 
904 904 
904 904 
905 905 
905 905 
906 906 
906 907 
907 908 
908 908 
908 909 
910 910 
911 911 
911 911 
912 912 
912 913 
913 913 
913 914 
914 914 
915 915 
915 915 
915 915 
915 916 
916 916 
916 917 
917 918 
918 919 
919 920 
920 920 
921 921 
921 922 
922 922 
923 923 
924 924 
924 924 
924 924 
924 925 
925 926 
927 927 
928 928 
928 929 
929 929 
929 929 
930 930 
930 930 
930 931 
931 931 
931 932 
932 932 
933 933 
933 933 
933 934 
934 934 
935 936 
936 937 
937 938 
938 938 
939 939 
939 939 
940 940 
940 940 
941 941 
943 944 
944 945 
945 945 
946 946 
947 948 
948 949 
949 950 
950 950 
951 951 
951 951 
951 952 
952 952 
952 953 
954 954 
954 955 
955 955 
955 956 
956 957 
957 957 
962 962 
962 962 
962 963 
963 963 
963 963 
964 964 
964 964 
965 965 
965 966 
967 967 
967 967 
967 968 
968 968 
968 968 
971 971 
972 972 
973 973 
973 974 
974 975 
976 976 
976 976 
977 977 
977 977 
978 978 
979 979 
979 979 
979 980 
980 980 
981 981 
981 982 
982 982 
982 983 
983 983 
983 984 
984 985 
986 987 
987 987 
987 988 
988 988 
988 989 
989 989 
990 990 
990 990 
990 992 
992 992 
992 993 
993 993 
993 993 
993 994 
994 995 
995 995 
995 995 
996 996 
996 996 
997 997 
997 997 
998 998 
998 998 
999 999 
1000 1000 
264 952 
256 328 
445 542 
576 688 
82 698 
820 245 
878 490 
764 278 
315 717 
924 63 
356 428 
200 420 
480 584 
767 830 
21 52 
973 269 
340 454 
713 773 
792 919 
353 407 
639 851 
88 164 
435 206 
440 459 
75 977 
124 549 
693 819 
508 12 
207 534 
600 78 
125 636 
666 746 
844 69 
340 476 
594 265 
630 644 
340 745 
109 373 
377 626 
681 899 
809 914 
1000 470 
318 423 
824 919 
695 91 
715 784 
497 583 
859 879 
540 700 
753 293 
334 577 
163 426 
814 957 
334 984 
230 122 
201 677 
86 87 
165 669 
705 826 
921 662 
553 770 
123 999 
218 545 
719 576 
814 220 
447 886 
59 240 
389 692 
881 933 
12 649 
70 669 
775 132 
280 719 
740 902 
478 761 
852 911 
389 431 
487 628 
985 988 
734 977 
231 397 
737 877 
916 51 
283 764 
998 613 
243 348 
122 284 
348 369 
589 847 
936 9 
189 244 
768 914 
923 732 
900 580 
642 837 
694 894 
963 968 
692 983 
169 195 
608 807 
838 24 
882 53 
573 683 
331 451 
552 615 
841 376 
131 192 
356 767 
17 329 
539 560 
983 126 
194 271 
448 612 
623 652 
747 307 
23 258 
277 879 
342 889 
211 128 
183 200 
276 595 
3 185 
274 897 
245 260 
728 983 
136 360 
791 827 
880 908 
43 370 
579 616 
766 963 
43 269 
380 566 
685 760 
984 15 
439 713 
789 911 
663 669 
278 756 
945 33 
581 900 
915 183 
569 621 
798 887 
296 302 
349 632 
850 954 
109 218 
778 814 
156 481 
158 194 
231 233 
362 207 
396 463 
929 226 
279 513 
605 860 
229 391 
751 115 
208 562 
396 409 
420 606 
115 143 
191 632 
737 777 
375 519 
523 556 
745 877 
367 669 
711 727 
824 321 
400 415 
516 670 
27 94 
887 486 
769 700 
827 658 
819 477 
103 105 
137 719 
166 171 
482 546 
703 245 
419 433 
192 854 
930 175 
499 718 
42 62 
306 580 
965 47 
391 615 
771 845 
930 19 
476 821 
912 23 
963 76 
441 747 
346 405 
621 649 
756 777 
81 368 
149 473 
231 300 
609 655 
73 229 
308 54 
170 360 
550 390 
608 852 
239 266 
532 567 
572 617 
709 726 
508 84 
588 938 
115 333 
654 867 
965 192 
270 470 
689 932 
298 372 
395 294 
609 105 
817 995 
996 215 
386 765 
171 539 
977 248 
655 810 
930 454 
589 655 
670 262 
393 480 
578 129 
924 681 
976 287 
384 304 
489 823 
246 668 
952 96 
902 344 
647 689 
736 97 
317 416 
720 440 
201 220 
765 171 
248 997 
219 253 
787 797 
39 196 
332 558 
839 15 
372 622 
43 277 
495 116 
894 682 
771 782 
68 522 
132 489 
635 691 
858 911 
116 145 
161 489 
582 194 
360 435 
472 482 
993 419 
433 441 
465 120 
955 511 
487 497 
706 786 
297 414 
567 667 
704 805 
81 92 
377 493 
700 955 
296 720 
978 82 
976 223 
289 411 
899 257 
810 63 
201 362 
415 433 
700 105 
943 73 
119 139 
270 351 
891 218 
284 989 
76 97 
172 208 
210 68 
802 163 
219 900 
204 807 
862 240 
712 774 
817 10 
81 874 
42 160 
189 773 
734 554 
197 333 
424 733 
990 610 
645 724 
756 16 
768 22 
98 315 
550 776 
103 194 
368 454 
951 220 
194 249 
359 641 
80 575 
982 419 
935 957 
484 759 
233 374 
144 243 
591 796 
798 850 
941 414 
421 656 
971 820 
48 94 
193 411 
412 515 
162 196 
550 581 
622 645 
50 160 
209 738 
773 780 
738 856 
979 186 
854 362 
443 692 
706 995 
997 292 
442 648 
993 99 
370 635 
710 593 
819 855 
274 438 
739 841 
904 101 
131 312 
41 416 
490 58 
97 130 
525 556 
857 876 
234 380 
551 712 
97 214 
319 377 
500 870 
232 776 
806 459 
538 259 
261 499 
857 410 
667 929 
987 998 
134 505 
51 199 
677 727 
807 962 
388 505 
887 502 
591 61 
215 971 
63 254 
496 517 
815 4 
83 118 
605 826 
154 593 
662 956 
249 353 
846 146 
161 307 
574 683 
891 905 
930 989 
210 247 
827 705 
625 425 
162 244 
376 571 
572 588 
517 745 
898 2 
843 188 
580 78 
402 413 
237 614 
840 83 
307 940 
237 566 
672 148 
634 636 
667 789 
940 1 
296 339 
640 745 
843 25 
567 660 
784 996 
134 388 
389 811 
624 679 
456 729 
797 940 
13 87 
503 643 
139 192 
560 630 
76 309 
538 767 
360 554 
573 727 
939 967 
82 228 
364 499 
944 81 
794 978 
78 165 
507 610 
820 6 
90 682 
908 99 
884 54 
562 663 
993 59 
712 989 
62 193 
371 431 
471 600 
834 992 
680 151 
451 486 
611 877 
186 928 
357 486 
225 357 
38 990 
142 363 
913 93 
184 264 
490 552 
758 763 
178 389 
443 665 
140 349 
665 712 
130 476 
866 964 
441 93 
931 153 
508 534 
552 649 
743 818 
972 122 
639 77 
248 260 
426 585 
875 912 
131 271 
396 434 
438 451 
558 611 
735 356 
602 635 
229 504 
405 574 
665 861 
933 7 
207 619 
930 693 
158 562 
600 635 
724 30 
368 475 
802 233 
712 750 
915 928 
667 108 
332 382 
485 560 
605 800 
891 895 
536 806 
477 785 
902 420 
563 731 
338 424 
580 663 
2 806 
986 75 
529 757 
71 624 
951 163 
321 481 
482 138 
204 38 
40 425 
498 585 
766 885 
360 738 
900 994 
327 499 
882 264 
473 842 
13 24 
26 737 
381 520 
79 423 
462 816 
895 157 
403 705 
845 964 
967 371 
712 127 
694 830 
61 62 
669 886 
990 93 
298 430 
999 192 
859 14 
247 721 
898 518 
641 880 
468 9 
73 311 
414 740 
748 290 
292 496 
499 694 
867 879 
210 778 
878 84 
132 172 
272 337 
386 609 
567 968 
97 189 
224 421 
850 295 
573 782 
274 451 
541 392 
751 915 
905 107 
128 208 
318 456 
544 62 
86 226 
284 345 
467 587 
789 140 
164 692 
769 838 
27 596 
667 833 
214 458 
839 106 
787 883 
968 72 
254 596 
640 690 
27 183 
233 383 
617 846 
950 634 
736 931 
992 87 
232 470 
806 341 
321 422 
879 377 
596 151 
912 412 
439 522 
528 533 
551 757 
144 360 
418 680 
767 822 
818 821 
241 266 
669 51 
56 266 
297 592 
133 646 
673 101 
123 577 
652 993 
365 709 
864 148 
579 507 
609 916 
140 828 
98 104 
309 506 
682 58 
494 793 
979 886 
903 997 
108 514 
527 560 
601 258 
344 868 
913 417 
456 492 
992 127 
313 950 
14 532 
104 238 
462 793 
186 218 
218 385 
688 878 
258 631 
804 179 
216 356 
521 108 
189 428 
602 158 
230 806 
404 717 
386 118 
174 212 
426 10 
104 326 
482 603 
890 216 
362 792 
382 30 
342 454 
586 204 
327 252 
334 792 
39 307 
419 467 
506 625 
569 9 
415 714 
856 349 
625 630 
782 850 
56 284 
517 708 
118 174 
189 862 
309 584 
944 15 
172 489 
703 728 
934 228 
309 88 
385 479 
506 16 
159 612 
126 174 
301 225 
899 224 
297 741 
981 2 
507 920 
795 982 
50 702 
809 76 
801 911 
515 875 
71 287 
309 364 
475 625 
889 915 
13 147 
208 423 
795 983 
268 368 
404 483 
543 554 
731 880 
931 374 
16 235 
485 522 
560 342 
410 98 
625 749 
553 584 
891 973 
980 174 
684 924 
957 691 
780 863 
371 426 
603 752 
828 355 
471 743 
618 29 
139 380 
284 468 
815 172 
129 339 
318 451 
24 124 
300 502 
822 946 
114 325 
55 794 
937 439 
807 929 
10 148 
827 96 
332 549 
661 996 
116 173 
332 420 
456 804 
979 213 
485 678 
720 321 
461 484 
569 963 
110 287 
291 687 
56 177 
602 696 
913 153 
170 171 
435 5 
230 296 
874 509 
404 504 
183 397 
549 680 
914 165 
546 738 
929 244 
357 35 
177 666 
334 699 
120 237 
274 338 
357 580 
593 951 
233 522 
242 476 
508 589 
269 660 
685 312 
492 239 
241 396 
426 439 
826 277 
394 445 
20 135 
304 502 
536 885 
953 491 
649 995 
176 756 
798 915 
99 516 
400 796 
218 449 
108 513 
882 244 
255 431 
713 354 
783 106 
540 619 
341 593 
414 655 
169 385 
461 501 
649 974 
106 629 
588 231 
400 836 
385 330 
762 968 
601 134 
407 731 
385 829 
22 304 
895 323 
508 648 
672 541 
719 236 
271 606 
819 949 
75 145 
568 646 
37 519 
364 537 
2 456 
851 368 
698 746 
952 48 
951 116 
495 902 
582 869 
19 481 
494 653 
132 207 
219 232 
385 834 
71 296 
305 46 
464 203 
272 456 
773 859 
679 700 
106 231 
639 163 
309 645 
670 836 
75 270 
322 400 
461 629 
639 772 
103 281 
317 326 
769 818 
896 708 
87 261 
723 883 
134 180 
265 361 
826 539 
599 703 
734 92 
427 485 
254 134 
254 662 
808 70 
272 363 
626 852 
248 313 
732 211 
2 49 
38 391 
148 734 
86 393 
65 122 
257 327 
499 591 
91 219 
171 548 
913 35 
593 923 
10 434 
464 307 
334 643 
977 423 
371 660 
664 853 
867 136 
254 524 
62 147 
502 606 
848 215 
242 580 
627 798 
976 389 
227 246 
499 520 
583 24 
81 816 
885 373 
376 383 
761 907 
568 22 
284 317 
962 401 
531 311 
415 487 
420 467 
782 624 
635 99 
245 322 
678 719 
104 538 
589 921 
683 68 
133 130 
142 360 
394 205 
277 287 
310 770 
76 440 
888 60 
791 982 
259 781 
71 123 
870 86 
962 134 
378 469 
743 315 
519 776 
924 92 
127 879 
164 219 
641 76 
674 267 
331 604 
805 920 
251 426 
430 451 
463 27 
573 591 
56 523 
560 659 
25 270 
430 987 
413 676 
93 105 
634 820 
850 262 
379 632 
738 951 
170 226 
311 317 
604 23 
262 987 
905 14 
306 556 
560 838 
264 376 
853 974 
210 354 
622 683 
721 65 
269 585 
25 781 
875 205 
219 558 
839 390 
539 157 
743 754 
906 916 
949 996 
225 536 
975 52 
127 305 
509 522 
672 700 
815 917 
689 76 
391 934 
549 896 
138 672 
938 130 
146 147 
521 689 
216 936 
992 693 
713 954 
113 629 
871 265 
503 587 
813 973 
481 864 
44 246 
572 89 
281 327 
587 692 
297 298 
313 23 
497 723 
733 181 
238 262 
320 373 
918 933 
982 154 
43 53 
89 107 
348 388 
677 108 
147 558 
884 676 
858 261 
536 649 
654 879 
390 749 
623 843 
795 805 
904 631 
671 718 
42 240 
669 736 
994 484 
605 704 
267 555 
286 386 
494 27 
150 167 
278 396 
929 70 
248 607 
641 915 
465 769 
863 87 
503 486 
727 752 
758 2 
412 139 
157 651 
655 831 
376 931 
170 466 
51 67 
224 372 
664 771 
19 316 
657 879 
66 346 
357 769 
925 32 
841 488 
848 3 
544 498 
727 823 
37 111 
183 190 
555 649 
798 946 
447 116 
436 568 
181 678 
837 43 
250 344 
875 177 
224 431 
565 807 
862 955 
134 392 
226 107 
822 199 
232 283 
299 319 
345 13 
88 517 
657 876 
429 922 
33 932 
938 7 
417 806 
121 676 
849 955 
48 54 
115 537 
605 850 
158 184 
484 826 
353 641 
726 773 
566 666 
205 317 
803 809 
981 964 
134 721 
107 240 
272 687 
699 865 
83 436 
268 847 
326 456 
532 885 
64 574 
881 204 
666 815 
873 57 
202 568 
578 310 
157 379 
677 58 
105 340 
791 799 
220 221 
337 495 
634 228 
813 990 
54 356 
924 443 
904 305 
468 618 
647 782 
918 948 
962 26 
106 255 
264 799 
23 544 
791 988 
76 126 
356 878 
993 463 
673 896 
948 963 
319 101 
365 810 
467 687 
784 877 
37 845 
869 647 
771 90 
127 205 
512 330 
385 296 
687 867 
878 213 
997 87 
842 55 
596 529 
860 941 
988 296 
832 5 
59 789 
144 160 
904 86 
335 872 
908 10 
74 271 
386 63 
206 110 
372 563 
684 694 
46 611 
888 123 
168 692 
755 852 
560 13 
201 220 
554 721 
199 833 
884 53 
207 234 
620 105 
127 859 
937 94 
359 220 
466 818 
614 644 
168 363 
430 603 
743 952 
518 33 
265 752 
325 801 
901 177 
162 375 
88 263 
371 764 
995 84 
613 737 
746 13 
421 425 
804 894 
932 397 
410 276 
478 990 
446 454 
675 808 
215 514 
162 268 
860 966 
92 215 
512 591 
700 866 
737 745 
940 322 
448 785 
195 318 
724 413 
483 792 
980 182 
624 675 
234 323 
328 380 
416 717 
68 197 
240 479 
708 572 
795 863 
28 447 
724 859 
146 188 
751 266 
660 739 
850 950 
39 49 
94 244 
471 650 
733 965 
342 595 
853 915 
143 199 
305 387 
564 780 
19 113 
227 538 
3 217 
277 632 
124 387 
386 476 
711 153 
699 845 
30 107 
43 245 
506 567 
720 855 
84 111 
249 480 
395 467 
533 10 
347 689 
763 373 
774 285 
551 858 
527 558 
902 65 
704 68 
372 639 
927 163 
374 645 
945 259 
71 228 
695 339 
760 256 
264 674 
23 123 
344 753 
823 247 
378 62 
729 589 
696 883 
718 93 
215 362 
430 632 
719 813 
14 543 
55 133 
573 771 
587 640 
816 119 
223 896 
227 826 
869 221 
429 231 
237 170 
671 834 
36 351 
554 777 
809 939 
99 762 
797 314 
198 433 
708 905 
466 684 
808 392 
661 727 
979 300 
798 138 
358 587 
758 403 
548 753 
855 998 
233 615 
659 766 
733 200 
490 979 
998 307 
450 644 
705 231 
713 58 
106 287 
752 939 
4 359 
412 748 
758 922 
924 36 
78 358 
382 621 
672 693 
947 84 
354 456 
933 51 
732 69 
338 516 
375 566 
848 279 
670 774 
954 336 
508 595 
731 50 
348 398 
92 109 
241 916 
934 967 
612 770 
79 451 
967 420 
192 248 
322 464 
66 166 
792 322 
343 535 
906 993 
564 653 
749 854 
82 898 
255 353 
897 27 
186 442 
64 91 
196 337 
933 785 
54 156 
325 546 
836 398 
228 675 
741 765 
248 366 
637 862 
647 895 
922 598 
945 85 
278 766 
925 920 
967 988 
55 88 
170 448 
124 307 
384 295 
403 488 
582 28 
63 494 
91 319 
365 452 
512 683 
816 58 
394 647 
887 650 
964 667 
743 13 
30 445 
624 909 
43 606 
980 714 
878 906 
63 583 
7 149 
465 620 
740 878 
995 694 
908 968 
838 972 
289 319 
1000 98 
238 479 
495 682 
119 123 
146 248 
315 303 
379 456 
690 139 
715 792 
51 314 
667 880 
900 437 
652 887 
212 62 
656 478 
777 136 
654 716 
273 859 
877 987 
260 263 
268 799 
215 762 
191 274 
434 90 
839 907 
476 701 
879 743 
749 538 
647 378 
405 813 
208 331 
499 545 
634 1 
155 544 
782 508 
93 657 
884 175 
183 708 
718 246 
981 39 
212 465 
240 600 
616 743 
976 66 
86 125 
485 749 
300 344 
725 917 
122 138 
815 797 
273 344 
887 889 
910 66 
361 375 
529 926 
216 243 
305 927 
12 464 
660 522 
640 648 
150 185 
591 962 
18 57 
145 585 
184 276 
221 397 
483 865 
874 464 
804 921 
443 724 
956 211 
446 613 
667 67 
75 83 
455 40 
87 56 
328 238 
630 636 
939 56 
746 762 
910 193 
248 283 
204 293 
348 739 
794 285 
379 404 
656 173 
225 281 
391 748 
895 337 
677 143 
224 510 
790 924 
143 265 
481 647 
161 224 
398 759 
59 238 
869 874 
47 350 
28 928 
