1 2 
2 3 
3 4 
5 5 
5 5 
5 6 
6 6 
6 6 
7 7 
8 8 
8 8 
8 8 
9 9 
11 11 
11 12 
13 13 
13 15 
15 15 
16 16 
17 17 
17 17 
17 17 
18 18 
18 19 
19 19 
20 20 
20 21 
22 22 
23 23 
23 24 
24 24 
24 24 
24 25 
25 26 
26 26 
27 27 
27 28 
28 28 
29 30 
30 30 
30 31 
31 31 
31 32 
32 32 
33 33 
34 34 
34 34 
34 34 
34 34 
35 35 
35 35 
35 35 
36 36 
36 36 
37 37 
37 37 
37 37 
38 38 
39 39 
39 39 
39 40 
40 40 
40 41 
42 42 
42 42 
43 43 
43 43 
44 45 
45 45 
45 46 
46 46 
47 47 
47 48 
48 49 
49 49 
50 50 
50 50 
50 51 
51 51 
51 51 
52 52 
53 53 
53 53 
54 55 
55 55 
55 56 
56 56 
57 57 
57 58 
58 59 
59 59 
59 59 
60 62 
62 62 
63 63 
63 63 
63 63 
63 64 
64 65 
65 66 
66 66 
67 67 
68 68 
69 69 
70 70 
70 70 
71 71 
71 72 
73 73 
73 73 
74 74 
74 75 
75 75 
75 75 
76 76 
76 77 
77 77 
77 77 
78 78 
79 79 
79 79 
79 80 
80 80 
81 81 
81 81 
81 81 
82 82 
83 83 
84 84 
84 84 
84 85 
85 85 
85 85 
86 86 
86 87 
87 87 
88 88 
89 89 
90 90 
90 91 
91 92 
92 92 
92 93 
93 94 
94 95 
95 95 
95 96 
96 96 
96 97 
97 97 
97 97 
98 98 
98 98 
98 99 
99 99 
100 100 
100 101 
102 102 
102 102 
103 103 
103 104 
105 105 
105 106 
106 106 
106 107 
108 108 
109 109 
109 109 
109 109 
110 111 
111 112 
113 113 
113 113 
114 115 
115 115 
115 116 
116 117 
117 117 
118 119 
119 119 
119 120 
120 121 
122 122 
122 123 
123 123 
123 123 
124 124 
124 124 
124 125 
125 126 
128 128 
128 128 
129 129 
129 130 
130 131 
131 131 
132 132 
132 132 
132 132 
133 133 
133 133 
134 134 
134 134 
134 134 
135 135 
136 136 
137 137 
139 139 
139 139 
140 140 
140 140 
141 141 
141 142 
142 142 
143 143 
143 144 
144 145 
146 146 
146 146 
146 146 
147 147 
147 148 
148 148 
149 149 
150 150 
152 152 
154 154 
154 154 
154 154 
155 155 
155 156 
156 156 
157 157 
158 158 
158 158 
159 159 
159 159 
159 159 
160 160 
160 160 
161 161 
161 161 
161 161 
162 162 
163 163 
163 164 
164 165 
166 166 
166 167 
167 167 
167 168 
168 168 
168 168 
169 169 
169 169 
169 170 
170 170 
170 171 
172 172 
173 173 
173 173 
174 174 
174 174 
174 175 
175 175 
175 176 
176 176 
177 177 
177 177 
178 179 
179 179 
179 180 
180 180 
181 181 
181 181 
182 182 
183 183 
183 184 
185 185 
185 186 
186 186 
186 186 
187 187 
187 188 
188 188 
188 188 
189 189 
189 189 
190 190 
190 190 
190 190 
191 192 
192 192 
192 192 
192 192 
193 193 
193 194 
194 194 
195 195 
195 196 
196 196 
197 197 
197 198 
198 198 
199 199 
199 199 
200 200 
200 200 
200 200 
201 201 
202 202 
202 202 
203 203 
204 204 
205 205 
205 205 
205 205 
206 206 
206 206 
207 207 
207 207 
208 208 
208 208 
208 208 
208 208 
209 209 
209 209 
209 209 
210 210 
210 211 
211 211 
213 214 
215 215 
216 216 
217 217 
217 217 
218 218 
218 218 
219 219 
219 220 
220 220 
221 221 
222 223 
223 223 
223 224 
224 224 
224 225 
225 225 
226 226 
226 227 
228 228 
228 228 
229 230 
230 230 
230 231 
231 231 
231 231 
231 232 
233 233 
233 233 
234 235 
235 235 
235 236 
236 237 
237 238 
238 238 
240 240 
240 241 
241 241 
242 242 
242 242 
242 243 
243 243 
244 244 
244 244 
244 244 
245 246 
246 246 
246 246 
247 248 
248 248 
248 248 
249 249 
250 250 
250 251 
251 252 
252 252 
252 253 
253 254 
255 255 
258 258 
258 259 
260 260 
260 260 
264 264 
264 264 
264 265 
265 266 
267 267 
268 268 
268 268 
269 269 
269 270 
271 272 
272 273 
273 273 
273 273 
273 274 
274 274 
274 275 
275 275 
276 276 
276 276 
276 277 
277 277 
278 278 
279 279 
280 280 
280 280 
281 281 
281 281 
283 283 
283 283 
284 284 
284 284 
284 284 
284 284 
284 285 
285 285 
285 286 
286 286 
286 287 
287 287 
288 288 
289 289 
290 290 
290 291 
291 291 
291 291 
292 292 
292 293 
293 293 
293 294 
294 294 
295 296 
297 297 
298 299 
299 299 
299 299 
299 299 
300 300 
300 301 
302 302 
302 303 
303 303 
303 303 
303 303 
304 305 
305 305 
305 306 
306 307 
307 308 
308 309 
309 309 
309 310 
310 310 
310 311 
311 311 
312 312 
312 312 
313 313 
313 313 
313 314 
314 315 
315 316 
316 316 
316 316 
317 317 
317 317 
317 317 
317 319 
319 319 
319 320 
320 320 
320 320 
320 320 
320 320 
321 321 
321 322 
322 322 
322 322 
322 322 
322 323 
323 323 
324 324 
324 325 
325 326 
326 327 
327 327 
327 327 
327 327 
328 330 
330 330 
330 331 
331 331 
331 332 
332 332 
332 332 
333 333 
333 334 
334 334 
335 335 
336 336 
336 336 
337 337 
337 337 
338 338 
338 339 
339 340 
340 340 
340 341 
341 341 
341 341 
341 341 
342 342 
342 342 
342 342 
342 343 
343 343 
343 343 
344 344 
344 346 
346 346 
346 346 
347 347 
347 347 
347 347 
348 348 
348 349 
349 349 
350 350 
350 350 
350 351 
352 352 
352 352 
353 353 
353 353 
353 354 
354 354 
354 355 
355 356 
356 356 
356 356 
357 357 
357 358 
359 359 
359 360 
360 360 
360 361 
361 361 
361 361 
362 362 
363 364 
364 365 
365 365 
366 366 
366 366 
366 366 
367 367 
369 369 
369 369 
370 370 
370 370 
370 370 
370 371 
371 372 
372 372 
372 373 
373 373 
373 374 
374 374 
374 375 
375 376 
376 376 
376 378 
378 378 
379 380 
381 381 
381 382 
382 383 
383 383 
383 384 
384 384 
384 384 
385 385 
385 385 
385 385 
386 386 
386 386 
386 387 
387 388 
388 388 
389 390 
390 391 
391 391 
392 392 
392 393 
393 394 
395 395 
395 396 
397 397 
397 398 
398 398 
398 398 
400 400 
400 401 
401 401 
401 402 
402 402 
402 402 
403 403 
405 405 
405 405 
406 406 
406 406 
407 407 
408 408 
408 409 
410 410 
410 412 
412 412 
413 413 
413 413 
413 413 
414 414 
414 414 
415 415 
415 416 
416 416 
416 416 
417 417 
418 418 
418 418 
419 419 
420 420 
420 421 
421 423 
423 424 
424 424 
424 425 
425 426 
426 426 
426 427 
427 428 
428 429 
429 429 
429 430 
431 431 
431 431 
431 432 
433 433 
433 434 
434 435 
436 437 
437 439 
439 439 
440 440 
440 440 
440 441 
442 442 
442 442 
443 443 
444 444 
444 445 
445 446 
446 447 
448 448 
448 449 
449 449 
449 450 
451 451 
451 451 
451 452 
453 453 
453 453 
454 454 
454 454 
454 455 
455 455 
456 456 
456 456 
456 458 
458 458 
459 460 
460 460 
460 460 
461 462 
462 462 
462 462 
463 463 
463 464 
464 465 
465 466 
466 466 
466 466 
466 466 
466 466 
466 466 
467 467 
467 468 
469 469 
470 470 
470 471 
471 472 
472 473 
473 474 
475 476 
477 477 
477 477 
477 477 
478 478 
478 478 
479 479 
479 479 
479 481 
481 481 
482 482 
482 482 
482 483 
484 484 
484 484 
485 485 
486 486 
486 487 
487 487 
488 488 
488 488 
488 488 
489 490 
490 490 
490 492 
492 492 
493 493 
493 494 
494 496 
496 496 
497 497 
497 498 
498 499 
499 499 
500 500 
500 500 
502 502 
502 502 
502 503 
503 503 
503 503 
504 504 
504 505 
505 506 
507 507 
508 508 
509 509 
509 509 
509 509 
510 510 
511 511 
512 512 
512 512 
512 513 
513 513 
513 514 
515 515 
515 516 
516 517 
517 517 
518 518 
518 518 
519 519 
519 519 
520 522 
523 523 
524 524 
525 525 
525 525 
525 526 
526 526 
527 527 
527 527 
527 528 
528 528 
528 528 
528 528 
529 530 
530 531 
531 532 
532 533 
533 533 
534 535 
536 536 
536 536 
537 537 
537 537 
537 537 
537 538 
538 539 
539 540 
540 541 
541 541 
541 542 
542 542 
542 543 
543 543 
543 543 
544 544 
544 545 
545 545 
546 546 
546 547 
547 547 
547 547 
548 548 
548 549 
549 549 
549 549 
550 550 
551 551 
551 552 
552 553 
553 554 
556 556 
556 557 
557 557 
557 557 
557 558 
558 558 
558 559 
559 559 
560 560 
560 560 
561 561 
562 563 
563 564 
564 565 
566 567 
567 568 
568 568 
569 569 
570 571 
572 572 
572 573 
573 573 
573 574 
574 574 
575 575 
575 576 
577 577 
577 578 
578 578 
578 579 
579 579 
580 580 
580 580 
580 580 
580 581 
581 581 
581 582 
582 583 
584 584 
584 584 
585 586 
586 586 
586 587 
587 587 
587 587 
588 588 
588 589 
590 590 
591 591 
591 591 
592 592 
592 593 
593 594 
594 594 
594 595 
595 596 
596 596 
596 596 
596 596 
597 597 
597 598 
598 599 
599 599 
599 599 
600 600 
600 600 
600 601 
601 601 
602 603 
603 603 
603 603 
604 604 
604 604 
604 605 
605 605 
605 606 
606 607 
607 607 
608 608 
608 608 
609 609 
609 609 
610 610 
610 610 
611 612 
612 613 
613 613 
614 614 
614 616 
616 616 
617 618 
618 619 
619 619 
619 619 
619 621 
621 621 
621 621 
621 622 
623 623 
623 623 
623 624 
624 625 
625 625 
625 625 
625 626 
626 627 
627 627 
627 627 
628 629 
629 630 
630 630 
630 631 
631 631 
631 632 
632 632 
632 632 
633 633 
633 634 
635 635 
635 636 
636 636 
636 637 
637 637 
637 638 
638 638 
638 638 
639 639 
640 640 
640 640 
640 640 
641 641 
641 641 
642 643 
644 644 
644 645 
645 645 
646 646 
647 647 
647 648 
648 648 
648 648 
648 649 
649 650 
650 650 
650 651 
651 651 
652 652 
652 653 
653 653 
654 654 
654 654 
654 656 
656 656 
656 656 
657 657 
657 657 
657 658 
659 659 
659 660 
660 660 
660 660 
661 662 
662 663 
663 663 
663 663 
663 664 
664 665 
665 665 
666 666 
667 667 
667 667 
667 667 
668 668 
668 669 
670 670 
671 671 
671 671 
672 672 
672 673 
673 674 
674 674 
674 674 
675 675 
676 676 
676 676 
677 677 
677 678 
678 679 
679 679 
679 680 
680 680 
680 680 
681 681 
682 682 
683 683 
683 683 
684 684 
684 684 
685 685 
686 686 
686 687 
687 687 
687 688 
688 688 
688 688 
688 689 
689 689 
689 690 
690 690 
690 691 
691 691 
691 692 
692 692 
693 693 
694 694 
695 696 
696 696 
696 697 
697 697 
698 698 
699 700 
700 700 
700 701 
701 701 
702 702 
703 703 
703 704 
705 705 
706 706 
706 706 
707 707 
707 707 
707 707 
708 708 
708 708 
708 709 
709 710 
710 711 
712 712 
712 713 
713 713 
713 715 
715 715 
715 715 
716 716 
716 717 
717 718 
718 719 
719 719 
720 720 
721 722 
722 722 
723 723 
723 724 
724 724 
724 724 
725 726 
726 726 
726 726 
727 727 
727 727 
728 728 
728 728 
728 728 
728 729 
729 730 
730 730 
731 731 
731 732 
732 732 
732 732 
732 732 
733 733 
733 734 
734 735 
735 736 
737 737 
737 737 
737 738 
738 738 
738 739 
739 739 
740 740 
740 741 
741 741 
742 742 
742 743 
743 743 
743 743 
743 743 
743 744 
745 745 
745 745 
746 746 
746 746 
746 747 
748 749 
750 750 
751 751 
751 751 
751 752 
752 752 
753 753 
753 754 
754 755 
755 755 
756 756 
756 756 
757 757 
757 757 
758 758 
758 759 
759 759 
760 760 
760 760 
760 761 
761 762 
762 762 
762 762 
762 763 
764 764 
765 765 
766 767 
767 767 
768 768 
769 769 
770 770 
770 770 
771 771 
771 771 
771 772 
772 773 
773 774 
774 774 
774 774 
775 776 
776 776 
776 776 
776 777 
777 777 
777 779 
780 780 
781 781 
781 782 
782 782 
782 783 
783 783 
783 783 
784 785 
785 785 
786 786 
786 788 
788 788 
788 789 
789 790 
790 790 
790 791 
791 791 
791 792 
792 793 
793 793 
794 794 
794 794 
795 795 
795 795 
796 797 
797 798 
798 798 
798 798 
799 799 
799 800 
800 800 
801 801 
801 802 
803 803 
804 805 
805 805 
805 806 
806 807 
807 808 
809 809 
809 810 
811 811 
811 811 
812 812 
813 813 
814 815 
815 816 
816 817 
817 817 
818 818 
819 819 
820 820 
820 820 
820 821 
821 822 
823 823 
824 825 
825 825 
825 826 
826 827 
828 828 
828 829 
829 829 
829 831 
831 831 
831 832 
832 833 
834 834 
834 834 
834 835 
835 835 
835 835 
835 836 
836 836 
837 837 
838 839 
839 840 
841 841 
842 842 
842 842 
843 843 
843 844 
844 844 
845 845 
845 846 
846 846 
846 847 
847 847 
847 847 
847 847 
848 848 
848 848 
849 849 
849 850 
850 850 
851 851 
851 852 
852 852 
853 853 
853 854 
854 854 
855 855 
856 857 
857 857 
857 858 
858 859 
859 860 
860 860 
860 860 
861 861 
861 861 
862 862 
862 862 
862 862 
863 863 
863 863 
864 864 
864 864 
865 865 
866 866 
866 866 
867 867 
868 868 
868 869 
869 869 
869 870 
870 870 
871 872 
872 872 
872 873 
874 874 
874 874 
874 874 
874 875 
875 875 
876 876 
876 877 
877 877 
877 877 
877 878 
878 878 
878 879 
879 880 
880 880 
880 880 
881 881 
881 881 
881 882 
882 883 
884 884 
884 885 
885 885 
885 885 
885 886 
886 886 
886 886 
887 888 
888 888 
888 888 
888 888 
889 889 
890 890 
890 890 
891 891 
891 891 
891 891 
892 892 
893 893 
893 894 
895 895 
895 895 
896 896 
896 896 
896 897 
897 898 
898 898 
899 900 
900 900 
900 901 
901 901 
902 902 
902 903 
903 904 
904 904 
904 904 
904 904 
904 905 
905 906 
906 906 
907 907 
908 908 
908 908 
908 909 
909 910 
910 911 
911 911 
911 911 
912 912 
913 913 
913 914 
914 914 
915 916 
916 917 
917 917 
918 918 
918 918 
918 918 
919 919 
920 920 
921 921 
921 922 
922 922 
922 922 
922 923 
923 923 
923 923 
923 924 
924 924 
924 925 
925 925 
925 925 
926 926 
926 926 
927 927 
928 928 
928 928 
928 928 
928 929 
930 930 
930 930 
930 930 
930 930 
930 931 
931 932 
932 932 
932 933 
934 934 
934 935 
935 935 
935 935 
935 936 
936 936 
937 937 
937 937 
937 937 
938 939 
939 940 
940 940 
941 941 
941 942 
942 942 
942 943 
943 943 
943 944 
944 945 
946 946 
946 947 
947 948 
948 948 
950 950 
950 951 
951 951 
951 952 
952 953 
953 954 
954 954 
954 955 
956 956 
957 957 
958 958 
958 959 
959 959 
959 960 
960 960 
960 960 
960 962 
962 962 
963 964 
964 964 
964 965 
965 965 
965 965 
967 967 
968 968 
969 969 
969 969 
971 971 
971 975 
975 976 
976 976 
977 977 
978 978 
978 979 
979 979 
980 981 
981 983 
983 983 
984 984 
984 984 
985 986 
986 986 
986 987 
987 987 
987 988 
988 988 
988 989 
989 990 
990 990 
991 991 
991 991 
992 992 
992 992 
993 993 
993 993 
995 995 
996 996 
996 997 
997 997 
998 998 
998 998 
999 999 
999 999 
1000 1000 
646 339 
703 682 
752 43 
109 180 
783 885 
935 290 
453 743 
753 998 
18 986 
187 429 
468 825 
945 951 
275 923 
130 687 
718 180 
182 327 
579 186 
392 737 
63 73 
330 496 
671 861 
883 912 
7 109 
553 142 
660 904 
133 264 
276 512 
541 599 
516 659 
751 219 
350 374 
660 737 
916 56 
146 175 
466 664 
50 407 
578 284 
471 984 
488 159 
524 755 
804 134 
198 237 
341 88 
376 659 
64 286 
160 484 
512 596 
708 791 
808 941 
170 218 
370 503 
822 890 
163 338 
579 765 
48 140 
196 327 
577 898 
289 635 
308 395 
452 680 
773 269 
366 490 
732 722 
502 638 
654 803 
4 125 
406 800 
373 115 
395 716 
959 122 
303 691 
343 417 
921 37 
440 575 
594 683 
27 71 
680 748 
861 408 
536 653 
847 930 
795 815 
172 418 
651 926 
238 494 
757 870 
886 25 
504 993 
177 595 
909 133 
245 140 
222 805 
807 877 
829 403 
586 719 
16 148 
228 466 
618 849 
922 33 
248 510 
941 285 
627 887 
594 885 
280 956 
951 960 
327 374 
820 942 
50 105 
435 425 
16 181 
701 770 
402 683 
946 110 
605 710 
832 942 
223 397 
683 173 
416 608 
613 678 
580 753 
133 754 
806 848 
874 541 
712 901 
209 481 
631 674 
754 985 
170 862 
639 953 
156 210 
499 606 
688 134 
183 218 
348 921 
155 302 
884 299 
413 925 
32 563 
200 538 
252 488 
637 634 
955 204 
680 739 
996 192 
484 235 
988 556 
871 878 
937 163 
232 614 
755 98 
659 872 
902 960 
97 376 
518 708 
882 291 
508 694 
400 445 
608 690 
299 331 
589 745 
477 728 
760 770 
71 829 
926 231 
482 542 
637 658 
366 558 
5 18 
139 197 
779 922 
75 340 
582 600 
479 635 
652 663 
202 45 
360 625 
928 255 
641 195 
250 811 
764 131 
373 529 
915 161 
891 657 
46 737 
856 243 
328 446 
596 722 
268 332 
641 696 
730 43 
616 826 
610 684 
726 999 
378 567 
619 11 
293 119 
458 917 
386 393 
463 735 
790 930 
20 58 
79 437 
31 85 
231 401 
556 950 
706 847 
683 969 
185 717 
109 144 
591 780 
37 59 
619 916 
237 756 
911 19 
834 885 
444 533 
927 139 
209 306 
25 164 
335 605 
656 925 
490 713 
815 63 
870 886 
229 428 
322 652 
640 995 
431 542 
654 741 
947 964 
86 322 
525 84 
378 414 
488 853 
294 640 
758 836 
30 268 
391 756 
797 998 
34 303 
382 481 
120 169 
347 353 
372 512 
211 948 
36 96 
790 146 
443 339 
169 315 
479 600 
686 819 
877 226 
238 388 
720 762 
161 166 
320 466 
647 35 
82 677 
878 205 
53 650 
77 810 
831 962 
334 646 
788 789 
959 26 
188 746 
751 349 
518 903 
57 325 
776 782 
557 186 
844 954 
976 5 
12 872 
73 374 
509 888 
13 352 
85 321 
385 687 
137 419 
847 15 
179 280 
836 987 
8 424 
623 175 
281 440 
923 999 
348 552 
557 967 
211 248 
297 362 
541 842 
597 93 
248 384 
625 670 
742 850 
309 609 
777 322 
360 508 
117 492 
552 37 
324 668 
109 479 
577 31 
292 633 
224 557 
750 864 
89 207 
244 337 
473 891 
594 786 
114 215 
497 624 
616 937 
92 236 
171 241 
258 500 
685 759 
284 370 
596 943 
200 337 
372 581 
224 349 
417 509 
601 629 
700 906 
81 144 
284 414 
605 724 
84 311 
878 162 
190 695 
425 960 
202 571 
294 798 
448 512 
644 677 
35 85 
234 648 
24 715 
807 255 
434 526 
250 320 
59 76 
597 674 
831 199 
208 486 
724 384 
398 783 
168 458 
664 726 
63 352 
866 895 
149 497 
499 537 
605 106 
134 300 
412 462 
772 96 
260 583 
672 931 
218 94 
409 510 
950 204 
416 31 
141 54 
168 738 
401 584 
920 205 
365 383 
251 428 
690 914 
960 123 
745 969 
200 273 
454 698 
878 1000 
58 346 
527 775 
936 995 
482 64 
190 192 
482 795 
276 281 
117 221 
767 242 
287 90 
379 645 
946 431 
524 774 
116 220 
205 426 
631 719 
233 320 
507 702 
20 274 
430 492 
888 354 
727 283 
662 907 
124 159 
525 796 
40 604 
635 965 
674 454 
627 244 
274 314 
697 725 
789 264 
273 600 
865 9 
647 904 
20 249 
477 632 
904 319 
384 676 
613 741 
423 434 
68 186 
596 665 
188 249 
334 937 
266 381 
691 881 
28 206 
209 424 
466 580 
751 881 
938 66 
291 312 
416 33 
535 692 
694 251 
466 879 
388 638 
38 568 
6 771 
896 99 
285 317 
681 859 
198 520 
857 130 
547 668 
697 158 
216 857 
456 402 
190 414 
545 87 
102 604 
869 930 
979 999 
231 519 
704 429 
86 381 
653 46 
160 369 
460 573 
623 794 
374 607 
846 849 
913 145 
332 466 
997 39 
581 193 
347 470 
863 533 
609 648 
988 210 
439 674 
285 340 
649 900 
349 451 
467 688 
801 273 
771 166 
743 398 
528 573 
874 963 
291 551 
632 675 
898 908 
928 277 
383 661 
863 169 
221 260 
402 440 
706 762 
864 876 
183 387 
523 150 
155 194 
400 513 
537 783 
870 500 
630 786 
196 613 
759 177 
530 341 
860 13 
37 70 
449 471 
479 904 
123 17 
383 547 
785 102 
338 397 
917 124 
306 600 
678 900 
403 657 
922 174 
281 981 
146 633 
466 599 
900 910 
200 207 
544 782 
36 331 
801 2 
165 111 
312 360 
675 31 
326 486 
580 728 
729 975 
420 455 
565 599 
689 745 
956 47 
660 732 
813 841 
701 780 
996 246 
506 550 
572 799 
161 309 
578 721 
845 882 
85 189 
719 176 
208 313 
24 398 
429 454 
665 693 
182 228 
545 944 
161 451 
530 574 
935 265 
453 645 
939 450 
455 375 
572 573 
927 968 
380 507 
984 811 
608 644 
918 115 
194 340 
831 543 
697 700 
820 874 
190 625 
369 685 
889 241 
818 983 
40 108 
413 466 
847 1000 
406 790 
303 363 
625 703 
35 206 
516 621 
626 707 
833 652 
876 161 
207 587 
851 44 
119 515 
960 24 
70 181 
304 356 
665 32 
98 446 
760 129 
156 798 
252 357 
283 302 
537 160 
395 241 
319 330 
390 192 
225 277 
541 753 
183 527 
743 825 
842 953 
132 564 
601 619 
838 321 
996 168 
288 559 
459 383 
946 159 
723 990 
15 633 
835 132 
743 448 
39 45 
382 957 
76 331 
741 225 
316 350 
496 600 
100 322 
547 134 
240 669 
979 74 
296 320 
619 684 
62 333 
420 573 
588 623 
43 367 
437 667 
27 702 
51 802 
991 235 
517 720 
820 231 
627 979 
87 366 
513 584 
880 954 
156 209 
297 881 
707 897 
978 77 
236 285 
602 800 
47 208 
53 532 
654 707 
185 636 
342 405 
528 575 
930 279 
454 187 
284 957 
965 72 
213 258 
650 853 
928 805 
817 149 
242 8 
301 350 
729 264 
154 253 
728 904 
984 826 
561 713 
816 220 
279 71 
884 133 
406 311 
488 596 
48 188 
320 469 
727 467 
539 688 
905 997 
164 511 
143 686 
981 100 
705 123 
376 863 
217 394 
640 327 
557 828 
930 355 
313 353 
546 657 
947 39 
6 354 
621 746 
244 272 
350 423 
616 342 
355 756 
295 503 
690 739 
820 131 
226 798 
389 303 
724 823 
880 922 
885 231 
574 607 
676 896 
132 487 
889 792 
930 727 
794 26 
63 169 
284 287 
307 336 
366 547 
848 885 
313 441 
528 8 
440 809 
309 568 
700 28 
327 827 
848 200 
866 632 
911 496 
103 276 
537 548 
663 855 
493 656 
800 847 
113 166 
197 327 
503 81 
160 648 
106 247 
248 689 
881 679 
34 93 
537 641 
764 988 
224 341 
567 463 
726 782 
29 90 
157 439 
513 636 
854 40 
147 774 
812 195 
264 503 
478 641 
767 55 
860 17 
398 476 
202 230 
672 637 
762 84 
230 846 
205 323 
604 738 
42 569 
686 747 
975 35 
456 479 
492 688 
56 599 
776 657 
680 346 
260 357 
99 194 
181 208 
660 715 
903 908 
65 235 
443 921 
21 34 
161 217 
726 322 
413 488 
731 630 
373 699 
770 23 
370 410 
560 798 
98 176 
918 965 
300 647 
757 886 
292 536 
321 742 
30 253 
155 268 
706 811 
969 220 
707 891 
246 385 
549 598 
768 316 
420 467 
558 560 
940 969 
119 325 
353 656 
799 418 
923 143 
310 657 
548 286 
51 522 
765 842 
230 322 
381 477 
484 649 
799 89 
691 442 
762 715 
867 22 
80 190 
384 106 
154 630 
896 361 
544 599 
636 709 
337 543 
560 298 
352 581 
451 776 
930 293 
330 400 
466 550 
477 534 
869 527 
746 834 
835 900 
346 547 
317 636 
755 189 
195 18 
989 841 
95 134 
944 178 
189 199 
449 881 
926 108 
528 709 
911 388 
653 834 
517 528 
544 896 
433 928 
861 88 
679 386 
590 342 
713 129 
486 289 
470 766 
502 642 
781 215 
346 356 
651 303 
316 356 
405 353 
462 611 
49 421 
592 847 
37 197 
687 27 
347 598 
724 13 
36 679 
78 284 
341 707 
716 861 
866 207 
308 545 
676 111 
716 233 
240 413 
746 791 
734 62 
604 608 
935 372 
792 895 
959 971 
405 630 
760 102 
564 835 
139 662 
812 943 
575 688 
859 877 
976 49 
67 201 
732 57 
891 34 
123 206 
280 439 
847 911 
191 223 
968 527 
578 22 
336 342 
504 543 
112 167 
274 332 
398 208 
386 983 
416 744 
769 873 
909 932 
269 299 
500 586 
998 75 
146 209 
230 84 
918 305 
462 958 
77 100 
359 586 
193 310 
805 837 
128 623 
730 936 
574 823 
911 77 
278 324 
96 811 
986 125 
203 454 
923 63 
874 129 
140 386 
402 728 
906 370 
453 671 
737 846 
893 852 
187 303 
405 610 
869 202 
834 115 
192 362 
369 743 
773 370 
922 66 
272 412 
730 862 
733 208 
631 323 
514 542 
588 81 
258 629 
801 276 
317 474 
897 928 
198 335 
392 91 
38 113 
269 419 
488 543 
551 90 
106 498 
877 42 
288 888 
913 962 
83 854 
152 158 
448 776 
816 998 
116 124 
484 493 
569 843 
217 359 
986 252 
354 850 
1 174 
169 275 
519 218 
310 481 
733 772 
913 312 
537 172 
426 731 
835 53 
572 940 
113 150 
371 51 
302 559 
42 154 
418 715 
783 146 
478 531 
712 759 
121 333 
451 505 
533 107 
23 32 
97 19 
24 343 
509 893 
319 267 
591 113 
477 767 
784 857 
860 26 
226 280 
350 375 
740 809 
406 708 
850 888 
936 993 
196 293 
723 401 
192 875 
17 621 
761 991 
233 497 
745 681 
858 81 
223 271 
311 776 
317 340 
277 462 
581 837 
170 217 
904 77 
332 483 
563 579 
848 39 
50 92 
505 886 
291 673 
3 890 
49 74 
76 136 
128 402 
934 965 
205 364 
167 444 
502 11 
184 577 
840 84 
313 442 
503 592 
876 342 
482 692 
805 101 
242 456 
952 46 
283 538 
797 286 
689 756 
351 937 
99 286 
211 124 
896 948 
987 273 
293 361 
244 865 
515 208 
361 470 
904 73 
344 751 
260 407 
2 369 
857 300 
445 868 
135 320 
525 758 
370 415 
418 526 
580 892 
34 98 
667 942 
948 543 
558 75 
924 908 
80 656 
924 147 
433 566 
874 219 
509 540 
654 891 
45 580 
582 137 
860 11 
890 62 
259 348 
168 410 
347 41 
123 914 
391 668 
925 209 
224 460 
578 746 
273 128 
227 487 
512 932 
265 440 
465 862 
103 341 
431 619 
739 940 
992 341 
429 124 
610 627 
513 650 
877 40 
343 594 
821 925 
935 950 
628 648 
886 585 
962 132 
738 895 
15 24 
122 621 
993 238 
500 735 
740 92 
456 728 
666 738 
774 154 
278 397 
192 523 
782 6 
315 385 
393 625 
924 928 
952 603 
102 243 
342 672 
175 453 
549 584 
724 502 
50 997 
199 785 
23 175 
284 701 
867 3 
793 851 
6 78 
384 79 
81 30 
96 551 
141 159 
455 692 
55 519 
809 892 
158 706 
869 205 
324 656 
103 376 
588 852 
862 671 
829 168 
320 498 
539 895 
971 795 
118 485 
36 536 
568 250 
493 663 
527 791 
603 828 
73 104 
515 875 
290 314 
819 820 
907 231 
648 39 
625 254 
490 740 
785 829 
246 177 
504 546 
640 674 
902 193 
790 844 
874 109 
139 344 
570 851 
935 177 
337 487 
742 5 
225 322 
654 849 
663 330 
750 774 
201 323 
934 174 
919 958 
964 174 
273 132 
163 367 
777 34 
584 768 
845 464 
587 752 
888 918 
303 465 
872 930 
52 248 
763 825 
268 159 
691 216 
378 458 
517 821 
346 531 
537 43 
416 478 
313 338 
631 408 
42 980 
30 59 
427 609 
689 79 
901 59 
219 34 
469 666 
757 173 
117 358 
525 614 
490 591 
343 898 
866 52 
147 433 
640 427 
918 983 
365 924 
167 771 
70 361 
410 456 
771 732 
798 35 
460 612 
939 8 
385 795 
958 126 
432 472 
449 769 
842 60 
105 761 
774 173 
223 360 
864 75 
976 370 
142 549 
559 624 
875 392 
549 590 
650 858 
987 158 
186 964 
609 676 
386 891 
926 687 
343 554 
190 385 
536 828 
643 899 
918 179 
777 990 
347 791 
860 305 
499 621 
989 51 
135 185 
366 478 
576 596 
79 466 
472 679 
63 305 
783 192 
645 667 
372 752 
781 622 
760 893 
157 426 
906 489 
639 901 
477 933 
122 292 
294 663 
703 673 
835 291 
592 326 
494 663 
717 845 
17 50 
562 580 
82 627 
727 760 
937 978 
309 319 
447 880 
199 320 
831 992 
274 698 
228 473 
580 814 
540 751 
705 877 
905 299 
548 623 
758 55 
148 322 
95 97 
180 794 
978 603 
79 316 
361 618 
713 777 
937 670 
770 834 
320 371 
688 59 
167 593 
637 731 
868 95 
170 210 
244 287 
990 413 
460 863 
888 986 
283 284 
414 482 
557 98 
347 17 
86 436 
885 5 
67 142 
461 466 
884 55 
148 519 
680 733 
66 181 
264 638 
667 793 
880 932 
364 463 
35 682 
718 902 
120 200 
526 595 
715 839 
707 757 
621 660 
852 922 
228 587 
736 762 
290 462 
542 560 
696 415 
632 37 
317 813 
843 312 
332 336 
549 80 
806 854 
97 776 
890 176 
509 19 
275 276 
327 431 
677 700 
925 442 
868 208 
619 853 
267 771 
317 509 
711 914 
943 57 
603 336 
932 141 
475 558 
596 612 
17 991 
305 638 
648 242 
722 908 
119 24 
140 131 
331 959 
359 518 
606 793 
817 843 
788 999 
240 931 
47 85 
511 63 
109 333 
460 626 
894 9 
188 532 
617 942 
965 710 
712 743 
818 87 
146 723 
732 904 
53 105 
557 839 
143 356 
115 317 
426 561 
632 743 
941 930 
51 132 
299 421 
449 464 
546 794 
929 233 
920 603 
726 888 
910 855 
684 786 
992 5 
353 586 
732 781 
991 246 
610 667 
95 203 
281 693 
862 874 
284 354 
824 528 
651 728 
34 65 
928 70 
75 708 
923 206 
591 908 
993 352 
556 8 
74 252 
390 154 
451 162 
696 708 
134 235 
732 8 
69 960 
984 690 
743 83 
385 179 
413 977 
992 91 
68 342 
396 424 
607 788 
825 45 
174 587 
917 69 
97 214 
242 373 
951 173 
638 734 
316 154 
788 836 
987 270 
424 518 
684 923 
189 971 
356 597 
136 243 
525 528 
587 762 
967 341 
502 179 
593 832 
954 988 
415 862 
872 299 
401 412 
803 334 
444 365 
601 817 
28 357 
431 951 
81 7 
614 644 
880 186 
696 835 
964 94 
310 485 
977 553 
846 391 
844 879 
408 671 
912 935 
728 864 
934 954 
56 667 
737 943 
152 246 
92 344 
387 307 
442 749 
6 159 
604 640 
128 188 
299 919 
244 366 
