1 1 
2 2 
2 2 
2 3 
3 3 
3 3 
4 4 
5 6 
6 6 
6 7 
7 7 
7 9 
9 10 
10 10 
10 10 
11 11 
12 12 
13 14 
14 14 
14 14 
14 15 
15 16 
16 16 
16 16 
16 16 
16 16 
16 17 
17 19 
19 19 
20 20 
20 21 
21 22 
22 22 
23 24 
24 24 
24 24 
25 25 
25 26 
27 27 
27 28 
29 29 
30 30 
30 30 
31 32 
32 32 
32 33 
33 33 
33 33 
33 33 
34 35 
35 35 
35 35 
36 36 
36 36 
37 37 
37 37 
38 38 
38 39 
39 39 
40 40 
40 40 
40 40 
41 41 
41 41 
42 42 
42 42 
43 43 
44 44 
44 44 
44 44 
45 45 
46 46 
46 47 
48 48 
49 49 
50 50 
50 51 
51 52 
52 52 
53 53 
53 53 
54 54 
54 54 
54 55 
55 56 
56 56 
56 56 
57 57 
57 57 
58 58 
58 58 
59 59 
59 61 
61 61 
62 62 
62 62 
62 63 
63 63 
63 64 
64 65 
65 65 
65 66 
66 67 
67 67 
67 67 
67 67 
68 68 
68 68 
68 68 
69 69 
70 70 
71 71 
71 72 
72 72 
72 72 
72 72 
72 73 
73 73 
73 73 
75 75 
76 76 
77 77 
77 77 
77 78 
78 78 
78 79 
79 79 
79 80 
80 80 
81 82 
82 82 
82 82 
83 83 
85 85 
85 85 
85 85 
85 85 
86 86 
88 89 
89 90 
90 90 
91 91 
91 91 
91 91 
92 93 
93 93 
93 94 
94 94 
94 94 
95 95 
95 95 
96 96 
96 96 
97 97 
97 97 
97 97 
98 98 
100 100 
100 100 
100 100 
101 101 
101 102 
102 102 
102 103 
103 104 
104 104 
104 104 
105 105 
106 106 
107 107 
108 108 
108 108 
109 109 
109 109 
110 110 
111 111 
112 112 
112 114 
114 115 
115 115 
116 117 
118 118 
118 118 
118 119 
120 120 
121 123 
123 124 
124 125 
126 127 
127 127 
127 127 
128 128 
128 128 
129 129 
129 129 
129 129 
130 132 
132 133 
133 133 
133 133 
134 135 
135 135 
137 138 
138 139 
139 139 
140 140 
140 140 
140 140 
141 141 
141 141 
141 142 
142 142 
142 143 
143 143 
143 144 
145 145 
145 145 
146 146 
146 146 
147 147 
147 147 
147 148 
149 149 
149 150 
150 150 
151 151 
151 152 
152 153 
153 153 
153 154 
154 154 
155 156 
156 156 
157 157 
157 157 
157 158 
158 158 
159 159 
159 159 
159 161 
161 161 
162 162 
162 162 
163 163 
164 164 
164 164 
165 165 
166 168 
168 168 
168 168 
169 170 
170 170 
170 170 
170 171 
171 172 
172 173 
174 174 
175 176 
176 176 
176 177 
177 177 
178 178 
178 179 
179 179 
180 180 
181 181 
181 181 
182 182 
182 182 
182 183 
183 183 
183 183 
183 183 
184 184 
184 184 
184 184 
185 185 
185 186 
186 186 
187 187 
187 188 
188 188 
188 188 
189 189 
189 189 
190 190 
191 191 
191 191 
192 194 
194 194 
195 195 
195 196 
196 196 
197 197 
197 197 
198 198 
198 198 
199 199 
200 200 
201 201 
201 202 
202 203 
203 205 
205 206 
206 207 
207 207 
207 208 
209 209 
210 211 
211 211 
211 211 
211 212 
212 212 
213 213 
213 213 
213 214 
214 214 
215 215 
216 216 
216 216 
217 218 
218 218 
218 219 
219 220 
220 220 
220 221 
222 222 
222 223 
223 223 
224 224 
224 225 
225 225 
226 226 
226 227 
227 227 
227 227 
228 228 
228 229 
229 230 
231 231 
231 232 
232 233 
233 234 
234 235 
235 235 
236 236 
236 236 
237 237 
237 237 
238 238 
238 238 
238 238 
238 239 
239 239 
239 241 
241 241 
242 242 
243 244 
244 244 
244 244 
244 245 
245 245 
246 246 
246 246 
246 246 
247 247 
247 247 
249 249 
249 249 
250 250 
250 251 
251 251 
252 252 
253 253 
253 253 
254 254 
254 254 
254 255 
255 255 
255 256 
256 256 
257 257 
257 258 
258 258 
258 258 
259 259 
259 259 
259 259 
260 261 
261 261 
261 261 
261 262 
262 262 
262 262 
263 263 
264 264 
265 265 
265 265 
265 266 
266 267 
268 268 
269 269 
270 270 
271 271 
271 272 
272 272 
273 273 
274 274 
274 274 
274 274 
275 275 
275 276 
278 279 
279 279 
280 280 
281 281 
281 281 
282 282 
283 283 
283 283 
283 283 
284 284 
284 285 
285 285 
285 285 
285 286 
286 286 
288 288 
289 289 
289 289 
289 290 
290 290 
290 290 
291 292 
293 293 
293 294 
294 295 
296 296 
296 296 
298 298 
298 298 
298 299 
299 299 
299 299 
300 300 
300 301 
301 301 
301 302 
302 303 
303 303 
304 304 
304 304 
304 305 
305 305 
306 306 
306 306 
307 307 
307 307 
307 307 
308 308 
308 308 
308 309 
309 309 
310 310 
310 311 
311 311 
311 312 
312 312 
312 312 
313 313 
314 314 
314 314 
314 314 
315 315 
316 316 
316 317 
317 317 
317 317 
318 318 
318 318 
318 319 
319 320 
320 320 
320 320 
321 321 
323 323 
323 323 
324 324 
324 324 
325 325 
325 325 
326 326 
327 328 
329 330 
330 330 
331 331 
332 332 
332 332 
332 332 
332 333 
333 333 
333 333 
333 334 
334 334 
335 337 
337 338 
338 338 
338 339 
339 339 
339 340 
340 341 
341 341 
342 342 
343 343 
343 344 
344 345 
345 345 
345 346 
346 346 
347 348 
349 350 
350 350 
350 351 
351 351 
352 352 
352 353 
354 354 
354 355 
355 356 
356 356 
356 356 
357 357 
357 357 
357 358 
358 359 
359 359 
359 359 
359 360 
360 361 
362 362 
362 362 
363 363 
363 363 
363 364 
364 364 
365 365 
365 365 
366 366 
366 367 
367 367 
367 368 
368 369 
369 370 
370 370 
370 370 
371 371 
372 372 
372 372 
372 372 
372 372 
373 373 
373 373 
373 374 
374 374 
375 375 
375 376 
376 376 
377 377 
377 377 
378 378 
378 379 
379 380 
380 380 
380 380 
380 381 
381 381 
382 382 
382 383 
383 383 
383 383 
384 385 
385 385 
386 386 
387 387 
387 389 
391 392 
392 392 
393 393 
393 393 
393 393 
393 394 
394 394 
395 395 
396 396 
396 396 
396 397 
397 397 
397 397 
398 398 
398 399 
399 400 
400 400 
400 400 
400 401 
401 402 
403 403 
404 404 
404 404 
404 405 
405 406 
406 406 
407 407 
408 408 
408 408 
408 409 
409 409 
411 411 
411 411 
411 412 
412 412 
413 413 
413 413 
414 414 
415 415 
415 416 
416 416 
417 417 
417 417 
418 419 
419 419 
419 420 
421 421 
422 423 
423 423 
423 423 
424 424 
424 424 
424 424 
425 425 
426 426 
427 427 
427 427 
427 427 
427 428 
428 429 
429 431 
431 431 
431 432 
432 432 
432 432 
432 432 
433 434 
434 434 
435 435 
435 436 
436 436 
437 438 
438 438 
438 439 
439 440 
440 440 
440 440 
440 441 
441 441 
442 442 
443 443 
443 444 
444 445 
445 445 
446 446 
446 446 
447 447 
447 447 
448 448 
448 449 
450 450 
451 451 
451 451 
452 452 
452 453 
453 454 
454 454 
454 454 
454 455 
456 456 
456 456 
456 457 
457 458 
458 458 
459 459 
459 460 
460 461 
461 461 
461 462 
462 463 
463 463 
463 463 
464 464 
464 465 
465 465 
465 465 
466 466 
466 467 
467 468 
468 468 
468 469 
469 469 
470 470 
470 470 
471 471 
472 472 
472 473 
473 474 
475 475 
475 475 
475 476 
477 477 
478 478 
479 480 
481 481 
481 481 
481 481 
481 482 
482 483 
483 483 
483 483 
484 484 
484 484 
485 485 
485 486 
486 486 
486 486 
487 488 
488 488 
489 489 
491 491 
491 492 
492 492 
493 493 
493 493 
494 494 
495 495 
495 496 
496 496 
496 496 
497 497 
497 498 
498 498 
499 499 
499 500 
500 501 
502 502 
502 502 
503 503 
503 504 
504 504 
505 505 
505 505 
506 506 
506 506 
507 507 
507 507 
507 508 
508 508 
508 508 
508 509 
509 509 
510 510 
511 511 
511 511 
511 512 
512 512 
512 512 
512 512 
512 513 
513 513 
514 514 
514 514 
515 515 
516 517 
517 518 
518 518 
518 518 
519 519 
519 519 
519 520 
520 520 
520 520 
520 521 
521 522 
522 522 
522 523 
524 524 
524 524 
525 525 
525 526 
526 526 
526 527 
527 527 
528 528 
528 528 
528 529 
529 530 
530 530 
531 531 
532 532 
532 532 
533 533 
533 533 
534 535 
536 536 
536 537 
537 537 
537 537 
538 538 
538 538 
538 539 
539 539 
539 539 
539 539 
540 540 
540 540 
540 540 
541 541 
541 542 
542 542 
542 542 
543 543 
543 543 
543 544 
544 545 
545 545 
547 547 
548 548 
549 549 
549 549 
550 550 
551 551 
551 551 
551 552 
553 553 
553 553 
554 554 
554 554 
554 555 
555 555 
555 556 
556 558 
559 559 
560 560 
561 561 
561 561 
561 561 
561 561 
562 562 
562 563 
563 564 
564 564 
564 564 
564 565 
565 565 
565 565 
566 566 
566 566 
567 567 
569 570 
570 570 
571 571 
571 572 
573 573 
573 574 
574 574 
575 575 
575 576 
576 576 
577 577 
577 578 
578 578 
578 579 
579 579 
579 579 
579 579 
579 580 
580 580 
580 580 
580 581 
581 581 
582 582 
582 582 
582 583 
583 583 
583 583 
583 584 
584 584 
585 587 
587 587 
588 588 
588 588 
588 588 
588 588 
589 589 
590 590 
591 591 
591 591 
592 592 
592 593 
593 593 
594 594 
595 595 
595 596 
596 596 
596 596 
597 597 
598 598 
598 598 
599 599 
599 599 
599 599 
600 600 
600 601 
601 601 
601 602 
602 603 
603 604 
604 604 
604 604 
604 606 
606 607 
607 607 
607 607 
607 608 
608 608 
608 608 
609 609 
609 610 
610 610 
611 611 
611 611 
611 612 
612 612 
612 612 
612 612 
613 613 
613 613 
613 613 
614 615 
616 617 
617 617 
618 618 
618 619 
620 620 
620 621 
621 621 
621 622 
623 624 
624 625 
625 625 
625 626 
626 627 
628 628 
628 629 
629 630 
630 631 
631 631 
631 631 
632 633 
633 633 
633 634 
634 634 
634 635 
635 635 
636 636 
636 636 
636 636 
636 636 
637 637 
637 638 
638 638 
639 639 
640 640 
641 642 
642 642 
642 642 
642 643 
643 644 
645 646 
647 647 
647 647 
648 648 
648 649 
649 649 
650 651 
651 652 
652 652 
653 653 
653 654 
654 654 
654 655 
655 655 
656 656 
656 657 
657 657 
657 657 
658 658 
658 658 
659 659 
660 660 
660 660 
660 660 
660 662 
662 662 
663 663 
664 665 
665 665 
665 666 
666 666 
666 667 
667 667 
668 669 
669 669 
669 669 
670 670 
671 671 
671 671 
671 671 
672 673 
673 673 
673 673 
674 674 
674 674 
675 675 
676 676 
677 678 
678 678 
679 679 
679 680 
680 681 
681 681 
681 682 
682 683 
684 684 
685 685 
685 685 
685 686 
686 686 
687 687 
687 687 
687 687 
688 688 
688 688 
688 688 
688 688 
689 689 
689 689 
689 689 
690 690 
690 690 
690 691 
692 692 
693 693 
693 694 
694 694 
694 695 
696 696 
696 696 
697 697 
699 699 
700 700 
700 700 
700 700 
700 701 
701 701 
702 702 
702 702 
703 703 
704 704 
705 705 
705 705 
706 707 
707 707 
707 707 
708 709 
709 709 
709 709 
710 710 
710 710 
711 711 
711 712 
712 712 
713 713 
713 713 
713 713 
714 714 
715 715 
716 716 
716 717 
717 717 
717 717 
718 718 
718 718 
719 719 
720 720 
720 721 
721 721 
722 722 
722 723 
723 724 
724 724 
725 725 
726 726 
726 727 
727 728 
728 729 
729 729 
730 730 
730 731 
732 732 
732 732 
733 733 
733 734 
734 734 
735 735 
735 735 
736 736 
736 738 
738 738 
739 739 
739 739 
739 740 
740 740 
740 740 
741 741 
741 741 
741 741 
742 742 
742 742 
742 743 
744 744 
744 744 
745 746 
747 747 
747 747 
748 748 
749 750 
750 751 
751 751 
751 752 
753 754 
754 754 
754 754 
754 755 
755 756 
757 757 
758 758 
758 758 
759 759 
759 759 
759 760 
760 760 
760 761 
761 761 
761 761 
762 763 
763 763 
763 764 
764 765 
765 765 
765 765 
766 766 
766 767 
768 768 
768 769 
771 772 
772 772 
773 773 
773 773 
773 773 
774 774 
774 774 
775 775 
775 775 
776 776 
776 776 
776 776 
777 777 
777 777 
777 778 
778 778 
779 779 
779 779 
780 780 
780 780 
780 781 
781 781 
782 782 
782 783 
783 784 
784 784 
784 784 
784 785 
785 785 
785 786 
786 787 
787 787 
787 787 
788 788 
788 789 
789 789 
790 790 
790 790 
790 790 
791 792 
792 793 
793 793 
794 795 
795 795 
796 796 
796 797 
798 798 
798 799 
800 800 
800 801 
801 801 
801 802 
802 803 
803 803 
803 803 
804 804 
804 805 
805 805 
806 806 
806 807 
807 808 
808 808 
809 809 
809 809 
809 809 
809 810 
810 810 
810 811 
811 811 
811 812 
812 812 
813 813 
813 813 
814 814 
815 815 
816 817 
817 817 
817 817 
817 817 
819 819 
819 820 
820 820 
821 821 
821 822 
822 823 
823 823 
823 824 
824 825 
825 826 
826 826 
827 827 
828 828 
828 828 
829 829 
829 829 
829 830 
830 831 
831 831 
831 832 
832 832 
832 833 
833 833 
834 834 
834 834 
835 835 
836 836 
836 837 
838 838 
838 839 
839 839 
839 840 
840 840 
840 840 
841 841 
841 842 
842 842 
842 843 
843 843 
843 844 
844 845 
847 848 
848 848 
849 849 
849 849 
850 851 
852 852 
852 853 
853 853 
853 854 
854 854 
855 855 
855 855 
855 855 
856 856 
856 856 
856 857 
857 857 
858 858 
858 859 
859 859 
859 859 
860 860 
861 861 
861 861 
861 861 
862 862 
863 864 
865 865 
865 866 
866 867 
867 867 
867 868 
868 868 
868 868 
869 869 
870 870 
870 870 
870 871 
871 871 
872 872 
872 872 
872 873 
873 873 
874 874 
875 875 
875 875 
875 876 
877 877 
877 877 
879 879 
879 879 
880 881 
881 881 
881 882 
882 882 
882 882 
882 883 
885 885 
885 886 
886 886 
887 888 
888 889 
889 889 
889 890 
890 890 
890 891 
891 891 
891 892 
892 893 
894 895 
895 896 
896 896 
896 896 
896 896 
896 897 
898 898 
898 899 
900 900 
900 900 
900 900 
900 900 
901 901 
902 903 
903 904 
904 906 
906 907 
908 908 
908 908 
908 908 
908 908 
909 909 
909 909 
909 910 
910 911 
911 911 
912 912 
912 913 
913 913 
914 914 
914 914 
917 918 
918 918 
918 918 
918 918 
918 919 
919 919 
919 920 
920 922 
922 923 
924 924 
924 925 
925 926 
926 926 
926 926 
926 927 
927 927 
928 928 
928 928 
929 929 
929 929 
929 930 
930 930 
930 930 
931 932 
932 935 
936 936 
937 937 
938 938 
939 939 
940 940 
940 940 
941 941 
941 942 
942 942 
942 943 
943 943 
944 944 
945 945 
946 946 
947 947 
947 948 
948 948 
948 949 
949 949 
949 950 
951 951 
951 952 
952 953 
953 953 
953 953 
953 954 
954 954 
955 956 
956 956 
957 957 
958 959 
959 960 
960 961 
961 961 
961 962 
962 963 
963 963 
963 964 
965 965 
966 966 
966 966 
966 967 
967 968 
969 969 
969 970 
970 970 
970 971 
971 972 
972 973 
973 974 
974 975 
975 975 
976 976 
976 977 
977 978 
978 978 
978 978 
978 979 
979 979 
980 980 
980 981 
981 981 
982 982 
982 982 
982 983 
983 983 
984 984 
985 985 
985 985 
985 985 
986 986 
986 987 
987 987 
987 987 
988 989 
989 990 
990 991 
991 991 
992 993 
993 993 
993 994 
994 996 
997 997 
997 997 
998 998 
998 999 
999 999 
1000 1000 
256 510 
96 211 
393 588 
722 109 
302 636 
873 885 
483 689 
63 77 
333 527 
696 69 
308 362 
882 184 
690 214 
461 666 
710 756 
370 636 
212 647 
813 67 
509 514 
537 975 
985 246 
363 33 
108 319 
332 334 
389 757 
819 953 
997 182 
554 436 
810 890 
140 523 
580 351 
671 838 
891 964 
440 35 
254 285 
512 834 
199 675 
956 349 
249 424 
861 776 
269 775 
81 146 
453 713 
298 213 
246 947 
998 16 
112 157 
230 514 
576 732 
311 24 
199 440 
459 976 
75 356 
427 554 
332 625 
662 750 
237 556 
844 109 
245 465 
42 91 
316 341 
503 690 
72 515 
611 817 
40 53 
393 407 
54 86 
63 105 
244 597 
635 868 
310 639 
188 294 
785 483 
421 540 
594 836 
191 289 
904 404 
809 82 
307 648 
42 195 
625 875 
43 222 
258 372 
533 292 
685 68 
470 667 
829 918 
596 700 
780 831 
127 218 
461 928 
573 660 
929 194 
250 302 
236 362 
768 801 
987 5 
44 265 
845 741 
760 308 
412 922 
981 660 
977 14 
387 515 
729 753 
946 993 
56 197 
209 475 
796 804 
7 859 
406 536 
260 403 
826 41 
283 320 
333 334 
579 584 
852 118 
397 596 
832 973 
36 621 
396 624 
6 254 
369 440 
872 198 
612 750 
966 596 
790 849 
951 222 
307 896 
30 52 
177 365 
892 980 
189 638 
246 324 
382 411 
592 609 
831 908 
43 493 
862 220 
982 184 
362 488 
40 140 
607 651 
720 961 
275 129 
190 332 
896 120 
427 643 
657 785 
216 298 
660 758 
2 296 
333 791 
192 393 
477 506 
631 751 
257 318 
168 398 
603 728 
744 865 
224 744 
999 317 
397 541 
992 259 
868 178 
754 762 
763 861 
44 790 
165 850 
666 896 
16 236 
325 394 
3 39 
213 730 
338 930 
561 728 
33 603 
982 208 
587 282 
493 554 
508 357 
73 152 
182 580 
690 877 
94 259 
658 154 
972 840 
900 733 
634 58 
216 239 
423 700 
132 671 
700 950 
93 432 
466 682 
769 806 
863 128 
139 172 
320 456 
491 621 
561 418 
604 859 
152 559 
588 132 
195 394 
20 91 
304 562 
810 855 
145 178 
261 513 
669 197 
655 700 
854 496 
520 889 
931 286 
141 591 
842 967 
30 151 
227 831 
211 465 
466 599 
805 161 
702 924 
963 380 
606 686 
146 296 
314 118 
137 411 
512 570 
583 123 
855 860 
313 633 
740 743 
33 255 
413 469 
765 464 
484 511 
189 281 
660 835 
949 148 
176 458 
285 450 
460 965 
419 539 
225 289 
393 792 
106 553 
434 100 
345 528 
877 997 
986 429 
510 633 
734 787 
848 331 
687 133 
868 628 
702 856 
701 161 
383 400 
874 82 
247 368 
104 141 
559 587 
599 812 
250 480 
359 405 
870 982 
17 118 
198 720 
775 213 
324 746 
776 862 
942 987 
9 90 
258 401 
427 607 
304 625 
699 502 
525 801 
392 622 
961 46 
454 583 
688 841 
83 159 
311 446 
93 856 
50 419 
560 613 
97 61 
321 979 
53 139 
491 226 
519 868 
68 142 
511 858 
78 182 
318 369 
25 35 
779 979 
299 524 
583 339 
417 238 
657 543 
580 821 
871 283 
386 909 
929 114 
68 830 
809 2 
147 517 
564 705 
740 12 
582 882 
32 109 
183 489 
664 10 
411 485 
717 722 
95 127 
253 983 
774 58 
227 561 
666 393 
868 89 
597 671 
689 530 
54 80 
544 301 
368 806 
101 253 
736 164 
463 571 
196 229 
608 146 
218 881 
900 1000 
258 462 
742 226 
271 33 
400 461 
918 235 
869 582 
930 539 
801 232 
303 599 
62 108 
428 747 
38 380 
413 991 
203 432 
494 506 
632 901 
987 127 
317 537 
809 275 
276 993 
298 819 
456 44 
306 468 
538 613 
754 39 
518 740 
15 32 
85 307 
318 907 
177 265 
411 777 
27 259 
477 932 
61 180 
881 312 
465 641 
481 784 
216 224 
492 966 
24 77 
385 562 
611 157 
274 504 
519 1 
282 805 
98 452 
978 54 
184 228 
266 304 
103 120 
249 446 
545 775 
71 141 
270 499 
658 774 
970 417 
478 541 
713 900 
773 787 
876 941 
63 247 
315 686 
926 258 
500 360 
512 540 
29 889 
261 335 
229 504 
604 383 
602 674 
379 565 
255 414 
448 542 
938 976 
92 241 
296 241 
788 358 
555 598 
319 864 
159 449 
804 999 
115 256 
72 207 
508 563 
696 822 
374 617 
875 24 
162 380 
909 953 
985 144 
512 696 
540 566 
50 164 
543 657 
736 364 
618 662 
755 919 
858 55 
372 377 
758 46 
495 867 
96 151 
275 654 
31 95 
242 372 
404 201 
307 681 
707 881 
378 778 
881 223 
413 685 
688 3 
61 235 
575 714 
140 185 
258 429 
615 588 
702 954 
244 669 
687 900 
52 80 
246 299 
512 908 
7 65 
348 595 
707 511 
539 721 
45 397 
476 34 
189 452 
887 251 
503 658 
696 741 
155 826 
151 499 
602 803 
879 918 
265 946 
40 352 
498 102 
239 392 
619 826 
98 198 
246 466 
908 16 
280 72 
133 773 
784 879 
194 754 
325 473 
481 507 
85 183 
352 383 
108 323 
343 678 
563 797 
673 730 
832 514 
604 919 
171 865 
16 37 
93 496 
520 551 
739 6 
72 96 
607 708 
809 16 
72 345 
270 516 
697 110 
463 676 
700 202 
520 583 
717 839 
890 40 
747 772 
451 789 
325 561 
828 810 
909 168 
334 396 
900 347 
415 873 
346 308 
26 526 
617 684 
879 21 
471 772 
316 324 
595 867 
635 844 
956 556 
777 36 
467 493 
511 927 
117 443 
497 795 
943 279 
724 181 
512 552 
794 809 
838 267 
612 940 
7 62 
90 902 
15 498 
588 598 
637 290 
631 688 
82 401 
687 709 
411 553 
833 487 
785 799 
891 177 
223 77 
198 11 
739 804 
857 861 
688 993 
54 293 
298 373 
502 570 
763 903 
372 451 
481 580 
598 284 
780 983 
609 676 
971 591 
839 917 
293 454 
611 980 
300 448 
485 273 
435 150 
237 285 
718 727 
851 499 
678 798 
85 457 
636 176 
272 324 
853 929 
817 254 
711 803 
207 540 
67 423 
787 16 
949 187 
317 709 
2 42 
97 164 
219 629 
819 108 
139 604 
404 432 
76 345 
445 468 
842 73 
102 310 
582 779 
100 848 
928 644 
732 176 
231 427 
718 829 
944 184 
365 566 
71 539 
51 298 
395 446 
486 181 
647 70 
793 867 
42 924 
504 535 
634 681 
949 673 
717 989 
85 153 
214 247 
366 65 
509 854 
157 237 
301 900 
274 798 
346 494 
978 635 
707 870 
202 262 
669 670 
135 163 
191 801 
874 513 
48 461 
498 127 
387 607 
704 859 
27 454 
470 532 
652 768 
565 608 
657 739 
36 94 
184 400 
432 441 
914 236 
784 170 
304 529 
642 827 
861 129 
238 395 
427 502 
838 908 
849 166 
688 861 
379 536 
904 19 
438 735 
607 436 
486 626 
941 926 
972 23 
35 77 
513 719 
806 427 
571 673 
577 947 
357 497 
679 599 
774 396 
544 814 
189 259 
404 550 
687 870 
961 982 
274 378 
857 281 
162 772 
342 373 
614 633 
257 311 
691 30 
721 188 
377 424 
502 579 
823 713 
133 243 
549 651 
773 382 
610 161 
739 986 
35 601 
812 162 
589 10 
58 231 
421 228 
766 225 
338 507 
525 758 
158 831 
981 39 
147 251 
565 840 
129 147 
318 356 
856 244 
396 637 
792 157 
581 882 
56 424 
814 856 
351 518 
489 508 
601 323 
922 694 
68 611 
681 724 
875 310 
97 249 
262 877 
811 180 
252 323 
373 575 
655 689 
754 608 
890 4 
47 526 
693 885 
158 909 
918 928 
214 378 
527 404 
438 694 
829 911 
367 90 
577 690 
213 472 
133 195 
496 253 
671 840 
86 115 
356 913 
238 415 
294 543 
763 143 
332 491 
521 990 
357 443 
977 316 
363 422 
261 314 
381 266 
855 611 
186 372 
432 454 
40 312 
778 255 
271 408 
539 566 
824 969 
97 238 
890 988 
323 463 
579 640 
998 116 
283 472 
520 754 
919 14 
412 809 
1 170 
158 197 
309 356 
533 24 
153 268 
286 307 
359 601 
978 141 
420 440 
14 33 
330 612 
41 67 
337 211 
941 245 
471 526 
538 940 
196 255 
521 808 
825 143 
332 339 
508 528 
574 496 
519 663 
786 871 
938 20 
201 590 
596 958 
186 463 
727 350 
483 518 
824 6 
485 612 
168 520 
604 718 
926 431 
853 221 
576 800 
633 885 
424 601 
898 909 
54 511 
573 861 
719 408 
70 435 
588 14 
239 706 
758 912 
244 518 
821 877 
911 163 
234 309 
403 505 
624 670 
48 268 
288 386 
785 918 
102 262 
575 274 
688 699 
726 930 
205 289 
495 660 
808 222 
445 259 
582 795 
692 954 
595 886 
456 669 
815 985 
446 642 
332 561 
572 700 
967 359 
165 366 
630 872 
17 36 
115 910 
918 279 
579 842 
973 38 
355 865 
138 178 
191 725 
111 134 
218 343 
551 671 
726 798 
140 254 
962 283 
326 211 
752 780 
781 832 
926 273 
425 465 
598 808 
288 402 
505 820 
859 948 
880 153 
372 893 
225 441 
873 551 
59 533 
997 520 
588 834 
303 481 
541 33 
530 686 
442 488 
700 579 
618 773 
886 72 
454 507 
555 578 
589 678 
742 20 
118 205 
373 669 
979 469 
784 978 
212 233 
397 545 
646 153 
188 201 
339 694 
829 72 
665 674 
613 114 
179 732 
2 138 
305 363 
536 574 
722 724 
460 579 
524 594 
145 376 
599 709 
85 894 
966 714 
741 929 
49 590 
308 352 
548 57 
73 79 
524 642 
44 220 
279 363 
373 565 
147 179 
235 444 
591 975 
829 936 
953 459 
472 512 
532 272 
314 100 
112 135 
271 330 
394 528 
942 150 
952 91 
184 333 
423 437 
760 226 
425 482 
742 790 
85 375 
817 457 
780 836 
41 254 
377 475 
501 78 
360 514 
527 662 
710 759 
191 244 
585 847 
870 948 
451 304 
620 284 
350 875 
290 578 
888 317 
616 849 
942 75 
133 793 
914 187 
683 76 
539 37 
53 185 
687 438 
823 634 
173 636 
834 393 
908 553 
730 97 
364 754 
805 839 
238 156 
170 451 
531 126 
408 627 
751 44 
354 416 
3 11 
382 628 
680 729 
776 911 
363 468 
779 83 
707 843 
45 953 
507 833 
251 431 
550 596 
822 853 
970 94 
667 399 
855 582 
12 405 
790 985 
52 962 
970 659 
731 987 
882 91 
456 424 
761 974 
673 755 
796 296 
723 899 
996 142 
481 656 
655 745 
858 94 
203 289 
426 951 
121 261 
312 673 
649 766 
59 66 
95 159 
543 780 
948 37 
290 612 
522 983 
213 584 
692 802 
935 10 
107 218 
872 56 
643 782 
991 141 
306 417 
549 580 
417 539 
21 128 
220 492 
561 712 
919 327 
409 441 
653 658 
272 584 
891 903 
25 896 
338 375 
820 325 
381 579 
443 840 
901 636 
685 299 
408 475 
705 129 
927 623 
350 742 
55 301 
680 908 
985 150 
265 576 
171 306 
365 447 
625 701 
188 301 
364 371 
434 542 
710 732 
4 220 
481 828 
968 998 
9 40 
118 488 
735 452 
547 665 
483 765 
813 474 
486 583 
788 886 
6 283 
286 312 
337 860 
185 542 
57 127 
128 142 
338 551 
577 175 
687 720 
149 174 
305 751 
764 926 
423 895 
211 681 
823 937 
537 299 
308 416 
638 966 
333 365 
392 591 
747 891 
10 612 
688 843 
385 751 
781 671 
718 889 
30 262 
455 807 
912 920 
303 593 
767 828 
747 768 
778 215 
339 409 
906 926 
380 400 
528 712 
440 534 
91 182 
701 309 
453 803 
2 215 
588 654 
763 358 
475 588 
560 761 
542 561 
840 380 
525 100 
111 67 
636 920 
109 328 
630 649 
33 399 
587 688 
125 759 
984 170 
790 843 
436 690 
841 969 
224 289 
817 817 
830 960 
332 370 
426 458 
759 156 
211 245 
761 783 
64 312 
593 906 
913 918 
228 579 
608 684 
817 156 
100 101 
896 918 
656 183 
236 341 
709 716 
866 925 
793 37 
78 97 
634 702 
711 564 
67 104 
244 321 
481 508 
631 290 
653 10 
16 930 
95 293 
463 537 
612 733 
739 781 
872 64 
607 963 
991 652 
725 740 
870 943 
104 104 
372 495 
723 703 
790 157 
693 776 
817 956 
462 659 
990 715 
62 424 
716 129 
788 341 
351 450 
263 320 
456 578 
856 978 
217 261 
444 811 
29 182 
259 855 
28 183 
636 765 
835 854 
247 355 
827 853 
914 300 
503 716 
200 397 
637 989 
57 374 
564 610 
660 564 
711 759 
667 787 
959 740 
813 252 
320 428 
581 786 
859 46 
94 367 
540 522 
784 170 
263 387 
782 908 
278 694 
771 342 
952 955 
79 105 
608 647 
734 764 
96 164 
468 406 
621 749 
359 357 
545 953 
68 653 
816 326 
381 414 
561 367 
530 993 
1000 62 
186 234 
419 665 
825 314 
385 721 
888 908 
68 281 
370 147 
256 631 
129 223 
440 713 
985 519 
543 565 
51 210 
239 333 
359 509 
927 19 
140 344 
898 479 
774 898 
974 179 
459 869 
13 693 
783 900 
445 470 
549 883 
796 41 
384 609 
736 738 
742 765 
16 242 
393 566 
677 969 
206 538 
896 283 
642 454 
626 705 
932 505 
526 519 
802 71 
313 317 
431 777 
343 689 
715 843 
56 400 
486 583 
600 209 
738 57 
85 146 
464 73 
329 564 
994 366 
640 951 
24 574 
628 939 
159 776 
49 610 
944 976 
22 359 
432 340 
376 631 
984 124 
465 492 
679 726 
188 735 
957 145 
396 555 
896 638 
710 734 
828 38 
354 63 
613 170 
398 889 
79 433 
620 892 
106 380 
72 928 
970 383 
529 642 
777 142 
412 776 
140 154 
500 645 
775 966 
174 190 
467 470 
773 370 
448 981 
197 291 
656 69 
135 423 
567 784 
154 697 
27 104 
370 431 
434 533 
88 183 
130 280 
100 331 
558 748 
914 295 
353 406 
954 44 
103 172 
196 219 
232 812 
181 416 
447 613 
761 206 
522 923 
77 553 
666 759 
910 3 
346 571 
176 419 
53 284 
475 617 
940 264 
119 168 
478 538 
314 320 
350 975 
569 227 
250 299 
300 7 
212 469 
650 940 
987 815 
3 483 
531 548 
578 695 
311 618 
803 143 
269 712 
848 19 
340 482 
506 22 
367 674 
709 82 
849 570 
592 704 
957 80 
93 107 
675 744 
821 842 
900 945 
532 810 
811 654 
124 227 
262 306 
345 413 
813 896 
238 679 
362 372 
674 50 
435 717 
741 246 
85 307 
318 432 
629 685 
787 803 
207 285 
344 484 
532 554 
872 486 
538 636 
537 713 
953 493 
741 980 
427 621 
777 866 
376 56 
231 314 
484 540 
554 741 
744 290 
330 508 
672 713 
729 65 
473 871 
149 407 
963 748 
965 265 
439 528 
564 703 
717 356 
682 809 
58 398 
484 852 
59 207 
383 593 
936 110 
233 542 
757 971 
143 249 
823 665 
600 929 
705 997 
274 522 
834 948 
361 518 
875 882 
264 438 
517 183 
604 620 
949 357 
761 960 
400 836 
897 963 
67 315 
32 442 
994 567 
613 660 
939 159 
391 408 
942 128 
79 657 
833 606 
789 16 
285 600 
639 795 
912 305 
547 867 
789 25 
354 765 
841 895 
524 782 
986 738 
943 91 
187 447 
978 562 
648 149 
760 924 
945 22 
162 925 
78 253 
592 707 
855 145 
551 689 
505 735 
820 261 
642 648 
852 375 
930 123 
439 73 
555 652 
811 14 
599 879 
35 274 
837 66 
497 257 
415 512 
581 773 
961 194 
200 580 
82 377 
913 65 
464 857 
89 112 
181 447 
999 216 
374 663 
733 839 
14 285 
549 647 
685 807 
169 458 
959 62 
183 238 
649 882 
506 409 
779 496 
766 237 
668 760 
102 67 
241 371 
800 832 
947 654 
16 168 
573 937 
32 507 
689 101 
281 982 
227 800 
