1 2 
3 3 
4 4 
5 5 
5 5 
5 6 
6 7 
7 7 
7 8 
9 9 
10 11 
12 12 
12 12 
12 13 
13 13 
13 14 
14 14 
14 15 
15 16 
16 16 
16 17 
17 18 
18 18 
18 19 
19 19 
20 21 
21 21 
21 21 
21 22 
22 22 
23 23 
23 23 
24 24 
25 25 
25 25 
25 25 
25 26 
26 26 
26 27 
27 28 
28 28 
28 29 
29 29 
29 30 
30 31 
31 31 
31 31 
32 32 
32 33 
33 33 
34 34 
35 35 
35 35 
35 35 
36 36 
36 36 
37 37 
38 38 
39 39 
39 39 
40 40 
40 40 
41 41 
42 43 
43 44 
44 44 
45 45 
45 45 
45 45 
45 46 
46 46 
46 47 
48 48 
48 48 
48 49 
49 50 
50 50 
51 51 
51 52 
53 54 
55 55 
55 55 
55 55 
56 56 
56 56 
56 57 
57 57 
58 58 
58 58 
58 58 
59 59 
59 59 
59 60 
60 60 
61 61 
61 62 
62 62 
62 62 
63 64 
65 65 
66 66 
66 66 
66 67 
67 67 
67 67 
68 68 
68 69 
69 69 
69 69 
71 71 
71 71 
72 72 
73 73 
73 73 
73 74 
74 74 
74 75 
76 76 
76 76 
78 78 
79 79 
80 80 
80 80 
80 80 
81 82 
82 83 
83 84 
85 85 
86 87 
87 87 
87 88 
88 89 
89 89 
89 90 
90 90 
90 90 
90 90 
90 91 
91 91 
92 93 
93 93 
94 94 
94 94 
94 94 
94 95 
95 95 
95 96 
96 96 
97 97 
97 97 
97 97 
97 98 
98 98 
99 99 
101 101 
101 102 
102 102 
103 103 
103 103 
104 105 
105 105 
105 105 
106 106 
106 107 
107 107 
108 108 
108 108 
108 109 
109 110 
111 111 
112 112 
112 113 
114 114 
114 114 
114 115 
116 117 
117 118 
119 119 
120 120 
120 121 
121 121 
121 121 
121 122 
123 123 
123 124 
124 124 
125 125 
126 127 
127 129 
129 130 
130 130 
130 130 
131 131 
131 133 
133 133 
133 134 
135 135 
135 135 
135 136 
136 136 
136 136 
137 137 
137 137 
137 137 
138 138 
138 138 
139 139 
139 140 
140 140 
141 141 
141 142 
142 142 
143 143 
144 145 
145 145 
145 145 
146 146 
146 146 
147 147 
147 148 
149 149 
149 150 
150 151 
151 151 
152 152 
153 154 
154 154 
154 155 
156 156 
157 157 
159 159 
159 159 
161 161 
162 162 
163 163 
163 164 
164 165 
165 166 
166 166 
166 167 
167 168 
168 170 
170 172 
172 172 
172 172 
172 172 
173 174 
174 175 
175 175 
175 175 
175 176 
176 176 
177 178 
178 178 
178 179 
179 179 
179 179 
180 180 
180 181 
181 182 
182 182 
182 182 
183 185 
185 185 
185 186 
186 187 
189 189 
189 189 
190 190 
191 192 
192 192 
193 193 
193 193 
193 194 
194 194 
195 195 
195 195 
196 196 
197 198 
198 198 
198 199 
199 199 
202 202 
202 202 
203 204 
204 205 
206 206 
206 206 
206 207 
207 208 
208 208 
209 209 
209 209 
210 210 
210 210 
211 211 
211 211 
212 212 
213 214 
214 214 
214 215 
216 216 
216 217 
217 218 
219 219 
219 220 
222 222 
222 223 
223 224 
224 225 
226 226 
226 227 
227 227 
228 228 
229 230 
230 230 
231 231 
232 232 
232 233 
233 234 
234 235 
235 236 
236 236 
236 236 
238 238 
238 238 
238 239 
239 239 
239 239 
239 240 
240 241 
242 242 
242 243 
243 243 
244 245 
246 246 
247 247 
247 248 
248 249 
249 250 
250 250 
251 251 
251 252 
252 252 
252 252 
253 253 
254 255 
255 255 
255 256 
257 257 
257 257 
257 258 
258 259 
259 259 
260 261 
261 262 
262 262 
262 262 
262 262 
262 263 
263 263 
263 264 
264 264 
264 265 
265 265 
266 267 
268 268 
268 268 
269 269 
269 269 
270 270 
270 271 
271 271 
271 271 
271 271 
272 272 
273 273 
274 274 
274 274 
275 275 
275 275 
276 276 
277 277 
277 277 
278 278 
279 279 
280 280 
280 281 
281 281 
282 282 
282 283 
283 283 
283 284 
284 284 
286 286 
287 287 
287 288 
288 288 
288 288 
289 291 
291 291 
291 291 
292 292 
292 292 
292 292 
293 293 
293 293 
294 294 
294 295 
295 295 
296 296 
296 298 
298 298 
298 299 
300 301 
301 301 
302 302 
302 302 
302 303 
303 303 
303 303 
305 305 
306 306 
306 307 
307 308 
308 308 
309 309 
309 310 
310 310 
310 311 
311 311 
311 311 
311 312 
312 312 
312 313 
314 314 
315 315 
315 315 
315 316 
316 316 
317 317 
319 319 
319 319 
320 320 
321 321 
321 322 
322 322 
322 322 
322 323 
323 323 
323 324 
325 325 
325 326 
326 326 
327 327 
328 328 
329 329 
329 330 
330 330 
331 331 
331 332 
332 332 
332 332 
333 333 
333 334 
335 335 
335 336 
336 337 
338 338 
338 338 
339 339 
339 339 
340 340 
341 341 
342 342 
342 344 
344 344 
344 344 
344 345 
345 345 
345 345 
345 346 
346 347 
348 348 
348 348 
349 349 
350 352 
352 352 
352 354 
355 355 
355 356 
356 357 
357 357 
359 360 
360 360 
361 361 
362 362 
362 363 
363 363 
363 363 
363 365 
365 365 
365 365 
365 366 
367 367 
368 368 
368 368 
369 369 
369 369 
369 369 
370 370 
370 370 
371 371 
371 372 
372 373 
373 373 
373 374 
375 375 
376 376 
376 377 
377 377 
378 379 
379 380 
381 381 
381 381 
382 382 
383 383 
385 385 
385 385 
386 386 
386 387 
388 388 
388 388 
389 389 
390 390 
391 391 
391 391 
391 392 
392 392 
392 393 
393 394 
394 394 
394 395 
395 395 
395 395 
395 395 
396 396 
396 397 
397 397 
397 397 
397 398 
398 398 
398 398 
399 399 
399 400 
400 400 
400 401 
402 402 
402 402 
402 403 
403 403 
403 404 
405 406 
406 407 
407 407 
408 408 
409 409 
409 409 
410 410 
410 411 
412 412 
413 413 
414 414 
414 415 
415 415 
416 416 
417 417 
417 418 
418 418 
418 419 
419 419 
419 419 
420 420 
420 421 
421 421 
422 423 
423 424 
425 425 
425 427 
428 428 
429 429 
429 429 
429 429 
429 430 
430 430 
430 431 
431 431 
432 432 
432 432 
432 433 
433 434 
434 434 
434 434 
434 434 
434 435 
435 435 
435 435 
435 435 
436 436 
436 436 
436 436 
437 437 
438 438 
438 438 
438 439 
439 440 
440 441 
441 441 
442 442 
443 443 
443 444 
444 445 
445 445 
445 445 
446 446 
446 446 
447 447 
447 447 
448 449 
449 449 
450 450 
451 451 
451 451 
451 451 
452 452 
452 452 
454 454 
454 455 
455 455 
455 456 
456 456 
457 457 
457 458 
458 458 
458 459 
459 459 
459 459 
459 460 
461 461 
461 462 
462 463 
463 464 
464 464 
464 465 
466 467 
467 468 
468 468 
469 469 
469 469 
469 470 
470 471 
471 471 
471 471 
472 472 
474 474 
474 474 
474 474 
475 475 
475 475 
475 476 
476 476 
476 477 
477 478 
479 481 
481 482 
482 483 
483 483 
484 485 
485 485 
486 487 
487 488 
488 488 
488 488 
488 488 
489 489 
490 490 
491 491 
491 492 
492 492 
492 492 
492 493 
493 493 
494 494 
494 494 
494 495 
495 495 
495 495 
495 496 
496 496 
497 497 
497 497 
497 497 
498 498 
498 498 
498 498 
498 499 
499 500 
500 501 
501 502 
503 503 
503 503 
504 504 
504 505 
505 505 
505 506 
506 506 
507 507 
508 508 
508 509 
509 512 
512 512 
512 513 
513 513 
514 514 
514 514 
515 515 
516 516 
516 517 
517 518 
519 519 
519 520 
520 521 
521 521 
521 522 
522 523 
523 523 
523 523 
524 524 
524 525 
525 525 
525 526 
526 527 
527 527 
527 528 
528 529 
529 529 
529 530 
530 530 
531 531 
531 532 
532 532 
533 533 
533 534 
534 535 
535 535 
536 536 
536 536 
537 538 
538 538 
538 538 
539 539 
539 539 
539 539 
540 540 
540 540 
541 541 
542 543 
543 543 
543 544 
544 544 
545 545 
545 545 
545 545 
545 545 
546 546 
546 547 
548 548 
548 548 
548 548 
548 548 
549 549 
550 550 
550 551 
551 551 
551 551 
552 553 
554 555 
555 555 
555 555 
555 555 
556 556 
556 556 
557 557 
557 558 
558 558 
559 559 
560 560 
560 560 
561 561 
561 561 
562 562 
563 563 
563 563 
563 563 
564 565 
565 565 
565 566 
566 567 
567 567 
568 568 
568 568 
569 569 
569 570 
570 570 
570 570 
571 572 
572 572 
572 573 
573 573 
574 576 
576 578 
579 579 
579 580 
580 580 
580 581 
581 581 
582 582 
582 582 
582 583 
583 583 
583 584 
584 585 
585 585 
585 585 
585 586 
586 586 
586 586 
586 586 
587 587 
587 587 
587 587 
588 588 
588 589 
590 590 
590 590 
590 591 
591 591 
592 592 
593 594 
594 595 
595 595 
595 595 
596 596 
597 597 
597 598 
598 598 
598 599 
599 600 
600 601 
601 601 
601 601 
601 602 
603 603 
603 604 
604 604 
604 604 
604 604 
605 605 
606 606 
607 607 
607 607 
607 608 
608 608 
609 609 
611 611 
611 611 
611 612 
613 613 
614 614 
614 615 
615 616 
616 616 
617 617 
617 618 
618 618 
618 619 
619 620 
620 621 
622 623 
623 623 
623 623 
625 625 
625 625 
626 626 
626 626 
627 627 
627 628 
628 628 
628 629 
629 629 
629 630 
630 631 
632 632 
632 632 
632 632 
632 633 
633 633 
633 633 
634 634 
634 634 
635 635 
636 637 
637 637 
637 637 
638 638 
639 639 
639 640 
640 640 
640 640 
641 642 
642 642 
642 642 
643 643 
644 644 
644 644 
645 645 
645 646 
647 647 
647 647 
647 648 
649 649 
649 650 
650 651 
651 651 
651 652 
652 652 
652 654 
655 655 
655 655 
655 656 
656 657 
657 657 
657 657 
657 657 
657 658 
658 658 
659 659 
659 659 
659 660 
661 661 
661 661 
662 662 
662 662 
663 663 
664 664 
664 664 
664 665 
665 665 
666 666 
667 667 
668 668 
669 670 
670 671 
671 671 
672 672 
672 672 
673 674 
676 676 
676 676 
676 676 
677 677 
677 678 
678 678 
678 679 
679 679 
679 679 
680 680 
680 680 
680 680 
681 681 
681 681 
682 682 
682 683 
683 684 
684 684 
685 686 
687 687 
687 688 
688 688 
688 688 
688 688 
688 688 
689 689 
689 689 
690 690 
690 691 
691 692 
692 692 
694 694 
694 694 
694 694 
695 695 
695 695 
695 695 
696 696 
696 697 
697 697 
697 697 
697 698 
698 698 
699 699 
699 700 
700 700 
701 701 
702 702 
702 703 
703 704 
705 705 
705 705 
705 706 
706 707 
707 707 
708 708 
709 710 
710 710 
712 712 
712 713 
713 714 
714 715 
715 715 
715 716 
716 716 
716 716 
717 717 
717 718 
718 718 
718 719 
719 719 
719 720 
721 721 
721 721 
721 722 
722 722 
723 723 
723 724 
724 724 
725 725 
725 726 
726 726 
726 726 
726 727 
727 727 
728 728 
729 729 
729 729 
729 730 
731 731 
731 731 
731 731 
731 732 
732 732 
732 732 
733 733 
733 733 
733 733 
734 734 
734 734 
734 735 
736 737 
737 737 
737 737 
737 738 
738 739 
739 740 
741 741 
741 742 
742 742 
742 742 
742 743 
743 743 
743 743 
744 745 
745 745 
745 747 
747 747 
748 748 
748 748 
748 749 
749 749 
749 749 
749 750 
750 750 
750 750 
750 750 
750 750 
751 752 
752 752 
752 752 
753 754 
754 754 
755 755 
755 756 
756 756 
757 757 
758 758 
758 759 
759 760 
760 761 
762 763 
763 763 
764 764 
764 765 
765 765 
765 766 
766 766 
766 767 
767 767 
767 767 
768 768 
768 769 
769 769 
769 770 
770 770 
771 771 
771 772 
773 773 
774 775 
775 775 
775 775 
775 776 
777 778 
778 778 
778 778 
779 779 
779 780 
780 780 
780 781 
781 781 
782 782 
782 783 
783 783 
783 783 
783 783 
784 784 
784 784 
785 785 
785 785 
785 785 
786 786 
786 786 
786 787 
788 788 
789 790 
790 790 
790 790 
791 791 
791 792 
793 793 
794 794 
794 794 
794 795 
795 795 
796 797 
798 799 
799 800 
800 800 
800 800 
801 801 
801 801 
801 802 
802 802 
803 803 
803 803 
804 804 
804 804 
804 804 
805 806 
806 807 
807 807 
807 808 
808 808 
808 808 
808 809 
809 809 
809 810 
810 810 
810 810 
811 811 
812 812 
813 813 
813 814 
814 814 
814 814 
815 815 
815 816 
816 816 
816 816 
817 817 
817 818 
818 818 
819 819 
820 821 
821 821 
821 821 
821 822 
822 822 
822 822 
823 824 
824 824 
825 825 
825 825 
825 825 
827 827 
828 828 
828 829 
830 830 
830 830 
831 831 
831 831 
831 832 
833 833 
833 833 
833 834 
834 834 
834 835 
835 835 
835 835 
836 836 
836 836 
837 839 
840 841 
841 841 
842 842 
843 843 
843 843 
843 843 
843 844 
844 844 
845 845 
845 845 
845 846 
846 847 
847 847 
847 847 
847 848 
848 848 
849 849 
849 849 
850 850 
850 850 
850 851 
852 852 
852 852 
852 852 
853 853 
853 853 
853 854 
855 855 
856 856 
857 857 
857 857 
858 858 
858 859 
859 860 
860 860 
860 860 
860 861 
861 861 
862 862 
862 862 
863 863 
863 863 
863 863 
864 864 
864 864 
865 865 
865 865 
866 866 
866 866 
866 867 
867 868 
868 869 
869 869 
869 869 
869 870 
870 870 
870 871 
871 871 
871 872 
872 872 
872 873 
874 874 
875 875 
875 875 
876 876 
876 876 
877 877 
878 878 
878 878 
878 878 
879 879 
879 879 
879 880 
880 880 
881 882 
882 882 
883 884 
884 884 
884 885 
885 885 
886 887 
887 887 
887 887 
887 887 
888 888 
888 889 
889 889 
890 891 
892 892 
892 893 
893 894 
895 895 
895 896 
896 896 
896 896 
896 897 
897 897 
897 898 
899 899 
899 899 
900 901 
901 901 
902 902 
902 902 
902 903 
903 904 
904 904 
905 905 
905 906 
906 906 
906 907 
907 907 
907 907 
908 908 
909 909 
909 910 
910 911 
911 912 
912 912 
912 912 
913 913 
913 914 
914 915 
915 915 
916 916 
916 917 
917 917 
918 918 
919 919 
919 920 
920 921 
921 921 
921 921 
921 922 
923 924 
924 924 
924 925 
925 925 
926 926 
927 927 
927 927 
927 928 
928 928 
928 929 
930 930 
930 931 
931 931 
931 931 
932 932 
933 934 
934 934 
934 935 
935 935 
936 936 
937 937 
937 938 
938 938 
939 939 
939 940 
940 940 
940 941 
942 942 
942 942 
943 943 
943 944 
944 944 
944 944 
944 945 
945 945 
945 945 
945 945 
946 946 
947 947 
948 948 
948 948 
948 948 
949 949 
950 951 
951 951 
952 952 
953 953 
953 954 
954 954 
954 955 
955 955 
956 957 
957 958 
958 958 
958 960 
961 961 
961 961 
962 962 
963 963 
963 963 
963 963 
964 964 
964 965 
965 965 
965 967 
968 968 
968 968 
968 968 
969 969 
969 969 
969 970 
970 970 
970 970 
971 971 
972 972 
972 973 
973 973 
973 974 
974 974 
975 975 
976 976 
977 977 
978 978 
979 979 
979 980 
980 980 
980 980 
980 981 
981 981 
982 983 
983 984 
984 984 
986 986 
986 987 
987 987 
988 988 
989 989 
989 990 
990 990 
991 991 
993 993 
993 994 
994 994 
994 994 
994 995 
995 996 
997 997 
997 997 
997 998 
998 998 
998 998 
998 998 
998 999 
999 999 
999 999 
999 1000 
1000 1000 
1000 1000 
1000 1000 
400 259 
495 738 
25 425 
235 327 
415 752 
880 208 
406 281 
337 680 
851 45 
309 790 
33 68 
424 545 
670 808 
994 272 
392 719 
725 532 
556 680 
752 145 
945 28 
32 90 
464 611 
869 307 
363 490 
698 84 
142 503 
474 75 
175 280 
345 458 
988 394 
635 808 
365 779 
805 950 
275 993 
4 54 
242 573 
646 676 
856 151 
244 601 
709 562 
828 16 
464 529 
599 89 
95 514 
628 66 
643 65 
105 283 
375 440 
16 784 
978 10 
768 880 
59 370 
268 381 
633 713 
742 809 
255 330 
691 974 
93 145 
50 719 
51 729 
848 856 
159 236 
536 981 
434 629 
94 146 
462 492 
932 968 
8 194 
219 319 
771 776 
801 205 
333 402 
429 641 
91 268 
566 585 
927 357 
467 38 
779 993 
39 274 
501 61 
406 25 
322 516 
523 528 
652 903 
233 372 
677 809 
939 240 
528 718 
112 147 
325 588 
633 853 
34 199 
466 924 
931 107 
726 733 
52 172 
609 130 
683 734 
796 970 
924 156 
31 436 
30 549 
568 680 
943 178 
554 676 
793 963 
11 556 
745 87 
138 505 
733 794 
443 500 
689 801 
90 189 
315 417 
444 680 
831 167 
572 919 
983 21 
303 507 
632 863 
157 617 
182 238 
124 182 
239 409 
819 937 
570 147 
808 928 
975 19 
541 855 
852 69 
142 491 
995 298 
546 29 
459 488 
547 16 
72 260 
368 452 
506 613 
971 48 
508 958 
430 37 
274 743 
42 151 
214 349 
748 836 
921 29 
108 377 
816 620 
749 752 
172 227 
392 423 
456 485 
889 608 
806 881 
239 700 
125 296 
925 277 
731 783 
209 657 
756 878 
878 31 
397 408 
783 831 
579 766 
800 60 
694 803 
95 252 
444 557 
741 179 
371 555 
448 551 
58 449 
780 482 
317 411 
437 716 
830 438 
249 460 
548 833 
513 903 
242 409 
421 137 
598 642 
865 896 
946 833 
331 618 
860 80 
302 541 
101 425 
652 791 
940 390 
804 62 
315 352 
866 942 
335 560 
970 239 
678 840 
923 555 
163 474 
525 968 
997 194 
284 354 
361 489 
121 398 
514 612 
725 783 
69 182 
265 671 
146 172 
951 759 
824 994 
187 633 
974 19 
87 533 
291 931 
616 15 
37 423 
505 744 
43 139 
831 989 
58 82 
434 925 
586 613 
634 388 
978 26 
94 841 
344 772 
853 178 
599 721 
895 814 
64 526 
78 822 
40 216 
272 527 
295 611 
238 931 
135 737 
773 633 
816 493 
570 345 
387 682 
781 74 
211 229 
455 617 
835 61 
97 139 
212 723 
728 895 
699 666 
999 21 
276 551 
563 800 
801 325 
606 608 
887 67 
154 518 
936 109 
288 417 
496 601 
262 555 
828 309 
835 79 
80 138 
341 705 
928 254 
651 677 
766 446 
936 141 
72 283 
911 944 
657 761 
268 262 
365 828 
234 519 
626 765 
956 45 
136 905 
561 695 
775 784 
965 986 
570 218 
657 797 
834 59 
407 785 
376 436 
726 830 
289 263 
287 46 
687 718 
793 905 
922 263 
321 6 
690 710 
103 311 
434 945 
223 329 
818 836 
167 672 
887 969 
172 644 
731 94 
247 445 
817 551 
159 814 
945 603 
845 198 
45 664 
989 596 
261 587 
623 210 
488 878 
997 687 
565 853 
946 97 
418 504 
626 705 
168 316 
362 391 
416 870 
294 679 
811 56 
887 193 
849 5 
342 40 
456 539 
584 734 
79 162 
279 323 
552 80 
99 133 
563 750 
895 57 
568 957 
25 120 
321 399 
459 707 
26 314 
623 822 
214 695 
841 508 
934 116 
734 383 
843 889 
429 748 
801 108 
729 737 
756 783 
367 870 
185 36 
395 742 
753 263 
323 346 
722 742 
750 592 
640 2 
914 963 
90 222 
532 180 
192 356 
395 397 
583 785 
864 204 
207 256 
837 445 
451 471 
853 138 
584 734 
944 652 
35 48 
191 435 
481 586 
732 764 
430 476 
539 274 
326 459 
582 630 
878 889 
13 159 
529 586 
51 93 
271 963 
24 419 
450 475 
175 645 
102 604 
866 999 
527 751 
238 410 
21 965 
979 7 
880 899 
472 696 
991 31 
189 479 
556 136 
431 533 
620 632 
204 374 
707 179 
587 637 
737 843 
203 143 
437 729 
782 865 
449 530 
640 732 
878 995 
323 763 
774 979 
232 645 
825 161 
305 659 
101 398 
958 88 
638 716 
984 955 
945 742 
767 862 
124 395 
642 788 
938 76 
482 536 
664 802 
295 682 
474 807 
942 18 
720 498 
617 969 
9 181 
887 495 
544 913 
980 209 
332 548 
581 844 
935 561 
572 590 
939 896 
245 360 
73 130 
517 530 
568 230 
543 585 
114 911 
45 363 
488 604 
628 821 
207 242 
804 55 
369 595 
679 843 
948 238 
257 293 
887 916 
58 176 
470 271 
750 1000 
5 512 
755 962 
210 396 
676 36 
857 860 
123 786 
810 311 
345 570 
790 965 
46 587 
604 912 
131 583 
667 421 
906 7 
368 906 
920 994 
438 461 
722 749 
429 432 
182 681 
235 531 
944 152 
366 438 
498 558 
580 21 
166 332 
398 594 
785 257 
1000 918 
585 786 
869 998 
94 540 
355 130 
640 902 
990 136 
350 790 
906 262 
432 49 
810 912 
987 314 
433 459 
136 590 
230 595 
750 18 
319 381 
523 738 
925 23 
192 464 
520 919 
920 344 
253 397 
90 338 
801 998 
322 587 
892 934 
990 994 
34 385 
556 623 
109 726 
945 56 
504 531 
591 692 
887 287 
31 976 
202 607 
750 95 
724 910 
860 637 
854 607 
35 363 
604 852 
543 907 
250 852 
370 494 
865 892 
529 536 
716 166 
150 498 
694 768 
497 672 
129 822 
230 496 
515 590 
689 13 
97 555 
970 671 
743 22 
432 476 
957 255 
262 302 
664 773 
804 934 
329 741 
891 105 
262 367 
486 627 
927 137 
296 345 
678 850 
243 434 
441 1 
495 721 
866 455 
46 715 
792 830 
893 476 
637 857 
942 616 
545 6 
53 199 
436 696 
105 492 
80 120 
892 964 
279 439 
752 114 
568 702 
457 588 
555 603 
998 5 
632 850 
231 494 
73 179 
601 227 
459 742 
917 275 
475 532 
810 846 
825 915 
984 120 
336 731 
463 97 
145 12 
4 125 
764 884 
469 758 
46 251 
340 471 
540 842 
951 92 
270 474 
988 284 
638 944 
340 356 
394 757 
954 360 
647 41 
147 209 
399 458 
627 742 
996 268 
463 471 
529 567 
863 980 
65 202 
407 539 
727 802 
114 291 
115 339 
344 767 
977 410 
520 31 
471 399 
662 928 
750 953 
71 445 
804 73 
108 214 
264 443 
656 674 
186 538 
765 872 
625 688 
839 1000 
111 112 
292 888 
275 548 
264 579 
618 689 
980 982 
90 775 
884 935 
581 843 
897 168 
401 487 
963 97 
236 558 
413 597 
852 21 
434 745 
919 89 
243 271 
360 418 
863 117 
339 537 
825 43 
963 422 
435 16 
28 365 
573 871 
59 49 
481 724 
731 790 
428 724 
817 830 
927 325 
560 264 
429 435 
440 484 
282 924 
20 135 
306 430 
572 942 
275 419 
676 697 
868 270 
394 403 
632 548 
608 704 
283 269 
467 113 
303 604 
688 908 
471 97 
488 507 
397 455 
857 89 
223 319 
485 582 
684 815 
136 907 
18 545 
87 598 
999 44 
408 642 
681 716 
818 165 
833 951 
385 416 
629 630 
997 3 
310 400 
691 800 
943 179 
391 782 
389 594 
623 676 
779 804 
308 344 
388 535 
836 845 
924 661 
875 71 
879 51 
937 849 
19 859 
862 993 
227 372 
855 69 
145 579 
714 90 
817 991 
76 485 
91 248 
849 666 
750 327 
644 695 
902 119 
572 882 
29 137 
705 877 
391 625 
55 640 
706 315 
952 178 
193 771 
968 365 
439 544 
548 739 
915 545 
798 55 
363 597 
658 930 
569 622 
721 135 
538 953 
998 156 
896 159 
278 659 
845 55 
57 28 
273 386 
435 292 
315 897 
342 373 
557 14 
261 419 
142 284 
563 783 
1000 498 
618 769 
40 303 
386 850 
461 446 
525 548 
748 875 
236 270 
436 639 
650 723 
349 429 
589 637 
85 124 
661 316 
382 845 
962 310 
521 821 
12 405 
490 522 
733 882 
972 986 
88 659 
749 89 
117 311 
450 477 
521 538 
821 833 
66 668 
648 694 
824 111 
175 215 
651 658 
238 760 
67 110 
134 180 
392 414 
605 871 
14 68 
283 370 
108 531 
878 344 
456 928 
874 948 
131 470 
766 937 
195 312 
651 971 
27 576 
175 239 
533 574 
815 986 
778 226 
614 874 
961 48 
785 435 
790 800 
66 240 
315 412 
524 815 
835 81 
165 197 
332 632 
827 74 
312 474 
513 25 
464 999 
563 562 
782 700 
106 451 
505 344 
582 841 
926 311 
454 679 
271 488 
580 717 
863 262 
335 743 
775 236 
265 48 
316 348 
803 939 
999 149 
269 273 
701 833 
969 973 
222 288 
333 369 
814 902 
58 413 
718 540 
312 361 
391 632 
927 373 
769 808 
258 631 
849 345 
497 322 
362 730 
785 885 
220 794 
457 523 
888 121 
491 778 
884 28 
154 634 
812 26 
179 417 
616 662 
940 842 
217 414 
727 277 
319 333 
381 483 
652 947 
555 909 
176 813 
376 380 
629 663 
843 98 
176 477 
61 938 
17 161 
640 814 
990 137 
90 149 
565 632 
984 671 
943 144 
404 601 
78 170 
308 123 
451 535 
747 778 
940 96 
286 799 
524 222 
246 370 
497 899 
447 515 
627 858 
193 228 
816 977 
397 434 
625 29 
320 770 
885 41 
494 607 
740 271 
494 592 
76 286 
415 476 
570 590 
614 35 
58 141 
164 912 
149 600 
755 809 
22 680 
777 288 
379 403 
540 775 
298 431 
539 968 
970 258 
292 352 
516 611 
47 121 
302 492 
721 1000 
30 654 
212 512 
649 694 
276 294 
703 25 
433 750 
791 835 
998 550 
644 808 
813 539 
820 185 
551 561 
989 55 
126 267 
604 643 
663 781 
843 852 
913 445 
697 103 
190 198 
732 808 
816 861 
999 523 
551 869 
295 527 
546 785 
901 786 
499 542 
872 901 
441 601 
712 847 
607 655 
219 303 
395 743 
949 702 
831 845 
174 509 
335 813 
549 669 
668 12 
866 138 
393 615 
211 389 
864 921 
973 445 
25 67 
329 475 
497 907 
56 185 
867 133 
398 731 
810 232 
322 581 
695 708 
7 14 
66 73 
635 712 
341 492 
717 964 
166 305 
847 62 
900 488 
688 822 
721 896 
206 225 
958 447 
483 684 
745 775 
778 807 
821 832 
71 391 
451 948 
208 802 
896 36 
495 373 
869 976 
107 388 
550 644 
737 897 
195 247 
512 679 
770 917 
282 407 
816 475 
656 717 
754 876 
896 18 
835 931 
173 902 
987 99 
578 975 
586 905 
412 665 
871 645 
754 478 
182 228 
514 770 
883 516 
787 243 
287 788 
679 879 
26 208 
726 872 
662 680 
888 35 
812 505 
914 402 
733 882 
921 114 
298 386 
492 969 
582 681 
697 57 
206 588 
930 13 
38 961 
972 307 
154 400 
524 642 
685 257 
339 877 
172 539 
921 377 
468 469 
13 137 
960 60 
202 371 
710 729 
953 436 
603 786 
172 767 
39 252 
291 726 
804 595 
102 213 
421 468 
678 747 
913 269 
292 657 
763 834 
60 69 
545 715 
824 931 
62 236 
249 265 
766 769 
867 163 
252 288 
694 783 
862 3 
363 521 
906 629 
108 396 
915 35 
255 257 
301 418 
434 93 
393 583 
664 930 
145 68 
458 688 
890 618 
731 806 
94 251 
538 795 
876 96 
339 546 
765 800 
963 239 
257 326 
362 376 
442 509 
647 831 
278 5 
14 96 
410 850 
255 697 
703 972 
328 634 
852 103 
252 860 
432 767 
428 763 
1000 140 
762 553 
825 190 
759 293 
732 758 
269 425 
859 193 
446 749 
899 106 
185 560 
734 301 
438 728 
757 822 
33 388 
803 535 
591 735 
875 628 
695 705 
45 519 
955 152 
163 395 
293 195 
452 583 
637 688 
799 45 
636 564 
598 619 
688 921 
23 50 
497 112 
809 904 
994 166 
655 879 
291 496 
576 102 
105 137 
252 534 
737 810 
32 195 
834 970 
199 262 
345 566 
595 659 
331 348 
660 727 
864 706 
302 707 
823 9 
332 355 
468 567 
127 647 
997 402 
67 206 
69 596 
876 885 
949 748 
847 871 
62 198 
522 621 
775 106 
175 495 
567 749 
45 71 
175 251 
368 303 
436 690 
107 585 
768 807 
129 321 
395 443 
497 729 
23 98 
747 306 
688 803 
969 12 
22 82 
591 649 
657 35 
56 634 
780 331 
357 419 
678 783 
232 997 
600 713 
606 649 
667 155 
216 587 
611 863 
488 563 
569 95 
164 626 
657 696 
214 469 
506 210 
492 866 
80 958 
650 320 
544 548 
688 945 
1000 157 
246 390 
684 767 
789 140 
550 733 
294 420 
461 760 
850 902 
571 916 
27 180 
192 860 
114 202 
402 469 
73 105 
146 665 
750 688 
118 122 
493 548 
586 198 
732 784 
847 170 
181 569 
647 698 
94 210 
498 868 
263 447 
133 151 
247 580 
429 602 
250 288 
322 454 
607 655 
910 311 
933 987 
217 498 
527 543 
665 419 
907 662 
682 795 
834 947 
948 39 
921 965 
234 502 
508 593 
398 415 
536 752 
825 7 
86 381 
383 457 
655 755 
58 153 
226 264 
941 379 
85 504 
25 39 
330 403 
487 934 
625 876 
954 503 
764 123 
330 378 
756 829 
893 657 
862 897 
301 503 
737 861 
76 435 
459 582 
814 994 
262 672 
786 968 
121 291 
385 948 
130 277 
400 670 
818 677 
736 475 
836 17 
348 658 
692 875 
961 231 
253 940 
955 465 
555 702 
795 446 
661 710 
879 886 
559 565 
499 538 
769 869 
697 748 
794 858 
514 722 
103 104 
224 271 
292 557 
500 708 
781 872 
964 5 
33 281 
98 513 
545 715 
705 427 
452 598 
980 595 
628 794 
873 177 
211 233 
309 323 
373 908 
449 597 
712 97 
250 271 
745 396 
369 385 
409 402 
860 909 
154 172 
239 121 
313 526 
686 690 
697 454 
530 694 
861 907 
281 623 
765 954 
683 659 
661 938 
352 512 
587 699 
825 55 
119 780 
945 952 
194 206 
701 336 
338 355 
739 382 
489 676 
846 898 
483 887 
605 894 
944 377 
843 189 
317 334 
357 633 
918 973 
310 655 
731 259 
714 420 
521 741 
324 827 
954 418 
695 948 
347 912 
74 365 
458 338 
365 94 
672 715 
723 778 
848 206 
133 59 
63 472 
498 101 
148 363 
580 927 
48 397 
469 590 
926 83 
183 441 
558 998 
523 718 
743 59 
143 162 
698 733 
44 961 
844 248 
369 395 
857 311 
452 980 
178 186 
80 501 
560 302 
609 901 
56 312 
585 127 
601 619 
870 853 
130 306 
403 474 
66 495 
615 189 
266 342 
431 909 
998 15 
209 216 
300 371 
821 904 
121 226 
604 847 
322 559 
689 847 
865 917 
664 794 
23 139 
429 493 
517 904 
442 525 
726 432 
858 899 
916 299 
771 870 
193 241 
394 91 
296 687 
819 725 
565 719 
869 932 
328 543 
67 259 
274 455 
462 749 
409 681 
879 196 
280 332 
848 968 
44 135 
519 639 
864 967 
211 308 
586 716 
807 62 
131 392 
639 784 
90 561 
545 719 
754 586 
673 912 
983 36 
141 981 
83 700 
375 692 
438 626 
32 150 
280 293 
981 310 
435 451 
884 935 
998 40 
974 979 
451 74 
973 298 
420 614 
196 545 
563 359 
699 844 
21 430 
146 219 
651 352 
369 611 
282 506 
24 50 
503 12 
140 338 
369 780 
863 87 
292 434 
135 224 
494 791 
811 348 
368 414 
525 647 
929 944 
980 174 
277 491 
573 585 
657 326 
346 447 
534 642 
758 821 
