1 2 
3 3 
3 3 
3 4 
4 4 
5 5 
5 6 
6 6 
7 7 
7 8 
8 8 
8 9 
9 9 
9 9 
9 10 
10 10 
11 11 
11 12 
12 12 
12 12 
13 14 
14 15 
16 16 
16 16 
16 17 
17 17 
18 19 
19 20 
20 20 
20 21 
21 21 
22 22 
22 22 
23 23 
24 24 
25 26 
26 26 
27 27 
27 28 
28 28 
29 29 
29 29 
30 30 
31 31 
32 33 
34 34 
34 35 
35 36 
36 36 
37 39 
39 40 
40 41 
42 42 
43 43 
43 43 
43 43 
43 43 
44 44 
44 45 
45 46 
46 46 
47 47 
47 47 
48 48 
48 49 
49 50 
50 50 
50 51 
51 51 
52 52 
53 54 
54 54 
55 55 
55 55 
56 56 
57 57 
58 58 
58 58 
58 58 
59 59 
60 60 
60 60 
60 60 
61 61 
61 61 
61 61 
61 62 
62 62 
63 63 
63 64 
64 65 
65 65 
65 65 
65 66 
66 66 
67 67 
67 67 
68 68 
68 69 
69 69 
70 70 
70 71 
72 73 
73 73 
74 74 
74 75 
75 76 
76 76 
76 76 
76 78 
78 78 
78 78 
78 79 
79 79 
79 80 
80 81 
81 82 
82 82 
83 83 
83 83 
84 84 
84 84 
84 84 
85 85 
86 87 
87 87 
87 87 
88 88 
88 88 
88 88 
89 89 
90 90 
90 90 
90 90 
90 91 
91 91 
91 92 
92 93 
93 93 
94 94 
94 94 
95 95 
95 95 
95 95 
96 96 
97 97 
97 97 
97 98 
98 98 
98 98 
99 99 
99 99 
100 100 
100 100 
100 101 
101 101 
101 102 
102 102 
102 102 
102 103 
103 103 
103 103 
104 104 
104 105 
105 105 
105 105 
105 106 
107 107 
108 108 
108 108 
108 108 
108 108 
109 110 
110 110 
110 110 
110 111 
111 111 
111 111 
111 112 
112 112 
112 112 
112 113 
114 115 
115 116 
116 116 
117 117 
117 118 
118 118 
118 119 
119 119 
121 121 
121 121 
121 122 
122 122 
123 123 
123 124 
124 125 
125 125 
126 126 
127 128 
128 128 
128 129 
129 130 
130 132 
133 133 
133 134 
134 135 
135 136 
136 136 
136 136 
136 136 
136 136 
137 138 
138 138 
138 138 
139 140 
140 140 
141 141 
141 142 
143 143 
143 144 
145 145 
145 147 
147 147 
148 148 
148 148 
148 148 
149 149 
149 150 
150 150 
150 151 
151 151 
152 153 
153 153 
153 153 
154 155 
155 155 
155 156 
157 157 
157 158 
158 158 
158 159 
160 160 
160 161 
161 161 
162 162 
162 162 
162 162 
163 163 
163 163 
163 164 
164 165 
165 165 
165 166 
166 166 
166 166 
167 167 
168 168 
168 168 
169 170 
170 170 
170 171 
172 172 
172 172 
172 172 
173 173 
173 173 
173 173 
174 175 
175 176 
176 176 
176 177 
177 177 
177 178 
178 178 
178 178 
179 179 
180 180 
180 180 
180 180 
181 181 
181 181 
181 181 
182 182 
182 183 
183 184 
184 184 
185 186 
186 186 
186 186 
187 187 
188 188 
189 189 
189 189 
189 189 
190 190 
191 191 
192 192 
192 192 
193 194 
194 194 
194 194 
195 196 
196 196 
197 197 
197 197 
198 198 
198 199 
199 199 
199 200 
200 200 
200 200 
201 201 
202 202 
202 202 
202 202 
203 203 
203 203 
203 205 
205 205 
206 206 
206 207 
207 207 
208 208 
208 209 
209 211 
211 211 
212 212 
213 213 
213 213 
213 214 
214 214 
215 215 
216 216 
216 216 
216 217 
217 218 
218 219 
219 219 
220 220 
220 221 
221 221 
221 222 
223 223 
223 223 
223 223 
224 224 
225 225 
226 226 
226 226 
227 227 
227 228 
229 229 
229 230 
230 230 
230 230 
230 231 
231 231 
231 232 
233 233 
233 234 
234 234 
235 235 
235 236 
236 236 
236 236 
236 236 
236 237 
238 238 
238 238 
239 239 
240 240 
241 241 
241 241 
242 242 
242 243 
243 243 
243 243 
243 243 
244 244 
245 245 
246 246 
246 246 
247 247 
248 248 
248 251 
251 252 
252 252 
252 254 
254 254 
254 254 
255 256 
257 257 
257 258 
258 258 
258 259 
259 259 
260 260 
260 261 
261 261 
261 262 
262 262 
262 262 
263 263 
263 263 
263 264 
265 265 
265 265 
265 266 
266 267 
267 267 
268 268 
268 268 
269 269 
270 270 
270 271 
271 271 
271 271 
271 271 
272 272 
272 273 
273 273 
274 274 
274 274 
274 274 
274 274 
274 275 
275 275 
275 276 
276 277 
277 278 
278 279 
279 279 
279 279 
279 280 
280 280 
280 280 
280 282 
282 282 
282 282 
283 283 
283 283 
283 283 
284 285 
286 287 
287 287 
287 288 
288 288 
288 288 
288 290 
291 291 
291 291 
292 292 
292 292 
292 293 
293 293 
293 294 
295 295 
296 297 
297 297 
298 298 
298 298 
298 298 
298 300 
300 301 
301 301 
301 301 
301 302 
303 303 
303 304 
304 305 
306 306 
306 306 
307 307 
307 308 
308 308 
308 309 
309 309 
309 310 
310 310 
310 310 
311 311 
312 312 
312 313 
313 313 
313 314 
314 314 
314 316 
316 316 
316 316 
316 316 
317 318 
318 319 
319 319 
320 320 
321 322 
323 323 
323 323 
323 324 
324 325 
325 325 
325 326 
327 327 
327 327 
328 328 
328 328 
329 329 
329 329 
330 330 
331 331 
332 332 
332 332 
333 334 
334 334 
334 334 
335 336 
336 337 
337 337 
338 338 
338 339 
339 339 
339 339 
339 339 
340 340 
340 341 
341 341 
341 341 
341 342 
342 343 
344 344 
344 345 
345 345 
345 346 
347 347 
347 348 
348 348 
348 348 
348 349 
349 351 
351 351 
351 351 
351 352 
352 352 
352 353 
353 354 
354 355 
355 355 
355 355 
356 356 
357 357 
357 357 
358 358 
358 359 
359 360 
361 361 
362 362 
362 362 
363 363 
363 363 
364 364 
364 367 
367 367 
368 368 
368 369 
369 369 
369 369 
370 371 
371 371 
371 371 
371 371 
371 372 
372 372 
372 372 
372 372 
373 374 
375 375 
376 377 
378 379 
379 379 
380 380 
380 380 
381 382 
382 382 
383 383 
384 384 
384 385 
385 385 
386 386 
386 387 
387 387 
387 388 
388 388 
389 389 
389 389 
390 390 
390 390 
390 390 
391 392 
392 392 
392 392 
393 393 
393 393 
394 394 
394 395 
395 396 
396 397 
397 397 
397 397 
397 398 
398 398 
399 399 
399 399 
399 400 
400 400 
400 400 
400 400 
401 401 
401 402 
402 402 
402 403 
403 404 
404 404 
405 406 
407 407 
407 407 
407 407 
407 408 
408 408 
408 409 
409 409 
409 410 
410 410 
410 411 
411 411 
412 412 
412 412 
413 413 
414 414 
414 414 
414 414 
415 415 
415 416 
416 416 
417 418 
418 418 
418 418 
419 419 
419 419 
419 420 
420 421 
421 421 
421 421 
423 423 
423 425 
426 426 
426 426 
426 426 
426 427 
427 428 
428 429 
429 429 
429 430 
430 430 
430 430 
430 431 
431 431 
431 432 
432 432 
433 433 
433 434 
435 435 
435 435 
436 436 
437 437 
437 438 
438 438 
438 439 
439 439 
439 440 
440 441 
442 442 
443 443 
443 443 
444 444 
444 444 
444 444 
445 445 
446 446 
446 447 
447 448 
449 449 
449 450 
450 451 
451 451 
452 452 
452 453 
453 453 
453 453 
453 454 
454 455 
455 455 
457 457 
457 458 
458 459 
459 460 
460 461 
461 461 
462 462 
462 462 
463 463 
464 464 
464 464 
465 466 
467 467 
468 468 
468 468 
468 468 
468 469 
469 469 
469 470 
470 471 
471 471 
472 472 
472 472 
472 472 
472 473 
473 473 
473 474 
474 475 
475 475 
476 476 
476 477 
477 478 
478 478 
478 479 
480 480 
480 480 
481 481 
483 483 
483 483 
483 483 
483 485 
485 485 
486 488 
488 488 
488 488 
488 489 
489 489 
489 489 
490 490 
491 491 
491 491 
491 491 
491 491 
492 492 
492 492 
492 493 
493 493 
493 493 
493 493 
493 493 
493 494 
494 494 
494 494 
494 495 
495 495 
496 496 
496 497 
497 497 
498 498 
498 498 
499 499 
499 499 
499 500 
500 501 
501 501 
502 502 
503 503 
503 505 
505 506 
506 507 
507 507 
507 507 
507 508 
508 509 
509 509 
509 509 
510 510 
510 511 
511 512 
512 512 
513 514 
514 514 
515 515 
515 517 
517 517 
517 517 
517 518 
519 519 
519 519 
520 520 
520 520 
520 520 
521 521 
521 522 
522 522 
522 523 
523 524 
524 524 
525 525 
525 525 
526 526 
527 528 
528 529 
530 530 
531 531 
532 534 
534 535 
535 537 
537 538 
538 538 
538 538 
538 539 
539 539 
539 541 
542 542 
542 542 
542 542 
543 543 
543 543 
543 544 
544 544 
545 545 
546 546 
546 547 
547 547 
548 549 
549 550 
550 551 
551 551 
551 551 
551 551 
552 552 
552 553 
553 553 
553 553 
554 554 
554 555 
555 555 
555 555 
556 556 
557 557 
558 558 
559 559 
559 560 
560 561 
561 561 
561 561 
562 562 
562 563 
563 563 
563 564 
564 564 
565 565 
566 566 
566 566 
567 567 
567 567 
567 567 
568 569 
569 569 
570 570 
571 571 
571 571 
572 572 
572 572 
572 572 
572 573 
573 573 
574 574 
574 574 
574 575 
576 576 
576 576 
576 577 
578 578 
578 578 
578 578 
578 579 
579 580 
580 581 
581 581 
581 581 
582 582 
582 582 
583 583 
583 584 
585 585 
585 585 
585 585 
585 586 
586 586 
586 587 
587 588 
589 590 
590 590 
591 591 
591 592 
592 592 
592 592 
592 593 
593 593 
593 594 
594 594 
594 595 
595 595 
595 595 
595 595 
597 597 
597 597 
597 597 
597 597 
597 598 
598 598 
599 599 
599 599 
600 600 
600 600 
600 600 
600 601 
601 602 
602 603 
604 604 
604 605 
606 606 
608 608 
608 609 
609 609 
610 610 
610 610 
611 611 
611 611 
611 612 
612 612 
613 613 
613 613 
613 614 
614 614 
615 615 
615 616 
616 616 
616 616 
617 617 
617 618 
618 619 
619 619 
619 619 
619 620 
620 620 
620 620 
621 621 
621 622 
622 622 
623 623 
623 623 
623 624 
624 624 
624 624 
625 625 
625 626 
627 627 
628 628 
629 629 
630 630 
630 630 
631 631 
631 632 
632 632 
632 633 
633 634 
635 635 
635 636 
636 636 
636 637 
637 637 
639 639 
639 639 
640 640 
640 641 
641 641 
642 642 
643 643 
643 643 
643 644 
644 644 
644 645 
645 645 
646 646 
646 646 
646 647 
647 648 
648 648 
648 648 
648 648 
649 649 
650 650 
650 650 
650 650 
651 651 
651 651 
652 652 
652 653 
653 653 
653 654 
654 654 
654 654 
655 655 
655 656 
656 657 
657 657 
659 659 
659 660 
660 661 
661 661 
662 663 
663 664 
664 665 
666 666 
666 666 
667 667 
668 669 
669 669 
669 669 
669 670 
670 670 
670 670 
670 670 
671 671 
671 671 
671 672 
673 673 
674 674 
675 676 
677 677 
677 677 
677 678 
678 678 
678 679 
679 680 
680 680 
680 681 
681 681 
682 682 
682 682 
682 682 
683 683 
683 683 
684 685 
685 685 
686 687 
688 689 
689 689 
689 690 
690 691 
692 692 
692 693 
694 694 
695 695 
695 695 
696 696 
696 696 
697 697 
697 699 
699 699 
699 700 
700 701 
701 702 
702 702 
702 702 
703 703 
703 704 
704 705 
705 705 
706 706 
706 706 
707 707 
707 708 
709 709 
710 710 
710 711 
711 713 
714 714 
715 715 
716 716 
717 718 
718 718 
719 719 
719 720 
720 720 
721 721 
721 721 
722 722 
722 722 
722 723 
723 723 
723 723 
723 724 
725 725 
725 726 
727 727 
727 728 
728 728 
729 729 
730 730 
731 731 
731 731 
733 734 
734 734 
735 736 
737 737 
737 737 
738 738 
738 738 
739 739 
739 739 
739 739 
740 741 
741 741 
741 741 
741 741 
741 742 
743 743 
743 743 
744 744 
744 745 
745 746 
746 747 
748 748 
748 748 
748 748 
749 749 
749 749 
750 750 
751 752 
752 753 
754 754 
754 754 
755 755 
756 756 
757 757 
758 758 
759 759 
760 760 
760 761 
762 762 
762 763 
763 765 
765 765 
765 765 
765 765 
766 767 
768 768 
768 768 
768 769 
769 769 
770 770 
770 771 
771 771 
771 771 
771 771 
772 772 
772 772 
772 773 
773 774 
774 775 
775 775 
775 776 
776 777 
777 777 
777 778 
778 778 
778 778 
779 779 
779 779 
779 780 
781 781 
782 782 
782 782 
783 783 
783 783 
784 784 
785 785 
785 786 
786 786 
786 786 
786 786 
786 787 
788 788 
788 788 
789 790 
790 790 
790 791 
791 792 
792 793 
793 793 
793 793 
794 794 
794 794 
795 795 
795 796 
796 796 
796 797 
797 797 
797 797 
797 798 
798 798 
798 798 
799 799 
799 799 
800 800 
800 800 
801 801 
801 802 
802 802 
803 803 
803 803 
803 803 
804 804 
805 805 
805 806 
806 806 
806 806 
806 807 
808 808 
808 809 
809 809 
809 809 
810 810 
811 811 
811 811 
811 812 
812 812 
812 812 
813 813 
813 813 
814 814 
814 814 
814 815 
815 816 
816 816 
817 817 
817 818 
818 818 
818 818 
819 819 
819 819 
820 821 
821 821 
821 821 
822 822 
822 823 
823 824 
825 825 
825 825 
826 827 
827 827 
827 827 
827 828 
828 828 
829 830 
830 831 
831 831 
831 831 
833 833 
834 835 
835 835 
835 836 
836 836 
836 837 
837 837 
837 837 
837 838 
838 838 
838 838 
838 839 
839 839 
840 840 
840 840 
840 841 
841 841 
842 842 
842 843 
843 844 
844 845 
845 845 
846 846 
846 846 
846 846 
846 847 
847 847 
848 848 
849 849 
849 849 
849 849 
850 851 
852 852 
852 852 
852 853 
853 854 
854 855 
855 855 
855 856 
856 856 
857 858 
859 859 
860 860 
861 862 
862 863 
863 863 
864 864 
864 865 
865 865 
865 865 
865 865 
866 866 
867 867 
867 867 
868 868 
868 868 
869 869 
869 869 
870 870 
870 871 
871 871 
872 872 
873 874 
874 874 
875 875 
875 875 
875 876 
876 876 
876 877 
877 878 
878 878 
879 879 
879 879 
879 879 
879 880 
880 880 
880 881 
882 882 
882 883 
883 883 
883 884 
884 884 
884 884 
885 885 
886 887 
887 887 
888 888 
888 889 
889 889 
889 889 
889 889 
890 890 
890 890 
891 891 
892 892 
892 893 
893 893 
893 893 
893 893 
894 894 
894 894 
895 895 
895 895 
896 897 
897 897 
897 898 
898 898 
899 899 
899 899 
900 900 
900 901 
901 901 
904 904 
904 904 
904 904 
905 905 
905 905 
906 906 
907 907 
907 907 
907 907 
908 908 
909 909 
909 909 
910 910 
910 910 
911 911 
911 911 
912 913 
914 914 
914 915 
915 916 
916 916 
917 917 
917 917 
918 918 
918 919 
921 921 
921 921 
921 922 
922 923 
923 923 
924 924 
924 924 
925 925 
925 925 
926 927 
927 927 
927 928 
929 929 
929 929 
929 930 
931 931 
931 931 
932 932 
932 932 
932 933 
934 934 
934 935 
935 936 
936 936 
936 937 
937 937 
937 937 
937 938 
938 939 
939 939 
939 939 
940 940 
940 941 
942 942 
943 943 
943 944 
944 944 
944 944 
944 946 
946 946 
946 946 
946 947 
947 947 
947 948 
948 948 
948 950 
950 950 
951 951 
951 951 
952 952 
953 953 
954 954 
954 954 
954 955 
955 956 
956 957 
957 957 
957 958 
958 959 
959 959 
959 960 
960 960 
960 960 
960 961 
961 961 
962 962 
962 962 
963 963 
963 964 
964 964 
964 965 
965 965 
965 965 
966 966 
966 966 
967 968 
968 968 
968 968 
969 969 
969 969 
970 970 
971 971 
972 972 
972 973 
973 973 
973 974 
975 975 
976 976 
977 978 
978 978 
978 979 
979 979 
979 979 
979 979 
979 980 
980 983 
983 983 
984 984 
984 984 
984 984 
985 985 
986 986 
986 987 
987 987 
987 987 
987 988 
988 988 
988 989 
989 989 
989 990 
990 990 
991 991 
991 992 
992 992 
992 993 
993 994 
994 994 
995 995 
995 996 
996 996 
996 997 
998 998 
998 999 
999 999 
999 1000 
1000 1000 
483 236 
231 521 
729 821 
931 155 
567 943 
96 101 
893 112 
386 794 
129 262 
954 95 
192 476 
641 180 
280 347 
372 382 
856 166 
839 863 
108 143 
696 64 
118 151 
627 874 
811 147 
216 209 
87 438 
649 695 
911 443 
617 884 
369 650 
893 419 
493 686 
779 288 
572 622 
593 907 
954 962 
427 599 
427 609 
798 111 
113 483 
441 639 
689 78 
274 783 
45 636 
637 639 
272 480 
576 854 
36 765 
57 545 
798 266 
696 32 
73 665 
977 459 
721 383 
738 972 
330 814 
193 241 
312 431 
512 603 
630 865 
189 748 
907 29 
136 542 
695 848 
494 563 
762 960 
364 561 
620 555 
695 216 
566 598 
889 100 
199 884 
654 965 
409 153 
241 251 
310 357 
453 581 
341 566 
34 90 
89 157 
414 514 
849 879 
435 619 
352 430 
438 462 
567 722 
223 314 
381 384 
414 558 
572 400 
479 899 
98 106 
594 12 
961 108 
151 334 
410 617 
643 166 
235 917 
421 619 
624 818 
116 160 
450 213 
760 939 
439 440 
520 143 
449 36 
251 965 
329 593 
917 369 
496 132 
197 198 
493 597 
782 28 
400 694 
805 831 
846 262 
449 591 
667 276 
819 178 
585 266 
682 844 
318 419 
473 620 
240 304 
400 416 
549 940 
271 951 
160 16 
108 236 
238 765 
248 452 
739 846 
864 905 
58 274 
57 355 
489 498 
644 921 
956 125 
170 371 
639 632 
929 374 
816 819 
280 473 
940 987 
8 110 
301 429 
574 670 
5 506 
167 197 
562 785 
813 63 
162 389 
838 876 
213 323 
948 974 
51 342 
372 539 
927 5 
283 481 
790 385 
489 494 
648 703 
848 334 
474 774 
800 887 
699 883 
932 108 
230 260 
423 656 
701 63 
398 454 
11 65 
87 105 
152 842 
983 995 
464 95 
119 398 
503 519 
979 26 
351 775 
889 898 
925 6 
274 313 
402 904 
954 26 
297 274 
399 68 
632 744 
616 786 
966 12 
172 283 
707 110 
481 790 
163 601 
659 797 
968 483 
786 939 
172 633 
872 153 
978 91 
418 507 
390 606 
578 175 
296 339 
438 7 
226 526 
613 76 
268 670 
830 214 
520 220 
397 45 
223 294 
453 509 
569 719 
793 869 
564 426 
530 571 
581 817 
367 306 
431 852 
373 380 
599 781 
11 71 
717 998 
595 899 
927 14 
440 592 
367 371 
393 485 
792 808 
274 595 
745 170 
297 739 
979 12 
65 412 
108 54 
124 710 
849 932 
581 4 
215 683 
828 531 
58 534 
639 255 
397 912 
960 387 
68 86 
470 363 
543 992 
98 308 
611 636 
812 862 
121 176 
312 772 
877 600 
620 280 
610 846 
875 10 
66 235 
322 996 
97 877 
341 517 
850 983 
632 91 
150 640 
880 236 
118 123 
205 283 
376 907 
194 339 
628 668 
889 957 
292 128 
515 163 
316 425 
768 283 
496 723 
796 81 
380 472 
669 941 
611 863 
9 298 
531 553 
720 814 
318 501 
611 718 
973 984 
352 437 
899 460 
551 447 
627 702 
837 402 
532 661 
692 788 
517 615 
393 563 
44 196 
392 575 
661 909 
431 987 
211 620 
8 243 
820 845 
43 173 
469 728 
878 962 
581 189 
574 838 
76 97 
640 915 
76 271 
881 51 
395 509 
742 261 
277 356 
783 972 
337 631 
267 354 
496 557 
609 803 
488 572 
815 965 
985 172 
221 986 
552 585 
692 734 
950 973 
464 567 
958 15 
432 191 
529 774 
270 946 
69 99 
286 371 
644 134 
419 944 
155 841 
14 50 
298 574 
984 543 
671 227 
418 263 
394 430 
135 559 
976 205 
564 730 
827 647 
61 136 
362 472 
805 814 
571 781 
796 901 
129 342 
363 843 
218 453 
916 652 
287 362 
836 105 
265 491 
521 722 
809 3 
476 477 
630 258 
278 827 
905 254 
426 966 
66 166 
390 2 
87 171 
545 547 
747 755 
882 268 
87 455 
702 749 
666 823 
84 950 
43 54 
651 874 
313 498 
551 192 
352 611 
635 884 
937 978 
246 396 
979 984 
244 390 
429 737 
818 932 
88 680 
944 54 
73 345 
578 646 
681 234 
265 310 
492 567 
158 769 
275 302 
619 232 
306 685 
813 808 
874 970 
105 379 
749 200 
262 337 
652 7 
79 261 
329 994 
219 507 
523 706 
809 958 
230 254 
614 799 
998 35 
82 202 
268 855 
133 237 
267 807 
298 819 
212 403 
446 85 
198 430 
464 597 
900 969 
30 472 
589 849 
878 961 
28 89 
112 115 
149 460 
558 560 
635 257 
777 865 
879 80 
554 200 
917 233 
349 462 
510 800 
836 889 
925 9 
94 165 
400 436 
806 426 
655 697 
857 973 
101 118 
172 177 
412 671 
741 368 
213 229 
338 461 
608 21 
390 515 
725 904 
993 306 
346 384 
911 964 
174 324 
399 825 
970 371 
444 797 
826 136 
341 893 
128 114 
150 309 
180 216 
269 411 
553 608 
719 560 
648 95 
351 544 
702 718 
837 257 
502 841 
959 84 
649 644 
140 258 
290 765 
537 797 
910 162 
704 916 
960 297 
578 683 
760 55 
254 338 
614 646 
855 917 
43 163 
574 112 
242 323 
785 61 
348 894 
993 176 
327 497 
517 553 
801 823 
403 83 
181 453 
944 971 
523 647 
494 166 
99 313 
673 938 
944 292 
468 348 
357 528 
798 339 
316 538 
557 779 
340 355 
583 921 
74 262 
404 979 
42 723 
509 669 
353 650 
731 998 
568 65 
103 520 
831 989 
960 355 
538 201 
261 927 
287 310 
554 128 
173 326 
392 494 
659 743 
328 421 
988 56 
168 295 
348 585 
762 100 
226 831 
405 682 
889 252 
390 501 
588 291 
9 358 
592 314 
325 341 
495 765 
778 278 
584 111 
301 465 
507 626 
929 60 
182 243 
880 332 
991 202 
866 90 
328 336 
682 921 
200 620 
55 325 
538 708 
347 915 
965 473 
630 803 
538 669 
223 229 
418 724 
161 226 
490 653 
48 507 
723 139 
148 663 
285 549 
989 18 
75 399 
835 1000 
611 91 
148 213 
293 475 
552 667 
946 9 
100 407 
444 478 
836 969 
141 93 
493 605 
172 991 
591 260 
794 875 
141 178 
795 835 
61 9 
384 772 
40 389 
61 291 
382 102 
507 662 
6 547 
642 159 
458 551 
653 722 
805 812 
98 383 
443 811 
126 235 
246 288 
345 483 
882 189 
339 499 
622 887 
148 188 
690 791 
219 632 
664 199 
416 244 
898 135 
158 480 
500 519 
621 107 
110 936 
115 292 
369 612 
940 62 
78 84 
280 616 
789 817 
512 612 
867 112 
186 748 
887 270 
317 329 
508 969 
344 794 
372 483 
621 648 
840 845 
867 576 
642 654 
914 53 
623 743 
844 65 
682 867 
892 298 
648 806 
151 283 
480 925 
868 893 
58 61 
527 720 
739 910 
468 908 
926 84 
395 648 
994 125 
218 362 
738 965 
20 83 
214 580 
700 599 
690 67 
340 505 
597 957 
105 812 
894 176 
138 234 
282 586 
679 888 
963 23 
24 651 
979 95 
246 622 
947 60 
219 271 
491 565 
971 43 
140 190 
798 209 
472 910 
643 706 
751 739 
59 571 
612 864 
280 721 
182 750 
886 16 
60 128 
825 70 
752 875 
959 70 
147 27 
744 962 
17 389 
525 914 
293 372 
486 723 
869 928 
542 995 
270 617 
748 184 
937 613 
72 79 
462 68 
909 587 
650 935 
88 581 
867 55 
136 227 
319 677 
783 107 
702 238 
500 763 
741 834 
865 387 
1000 39 
556 183 
274 287 
741 808 
60 279 
449 666 
745 987 
109 208 
271 924 
351 900 
784 994 
324 415 
477 563 
623 879 
962 194 
539 582 
992 160 
992 493 
522 892 
178 223 
272 432 
775 964 
968 83 
94 359 
893 103 
651 371 
551 963 
8 231 
878 231 
468 372 
553 670 
755 62 
30 397 
412 827 
101 119 
1 26 
122 390 
407 491 
768 148 
918 999 
444 203 
550 703 
733 951 
987 90 
102 576 
748 889 
363 812 
230 430 
483 497 
508 711 
804 816 
254 555 
715 904 
978 20 
76 375 
471 497 
562 616 
777 871 
873 47 
102 321 
339 586 
979 348 
561 711 
75 177 
202 316 
491 493 
90 242 
705 793 
392 676 
700 783 
953 397 
455 181 
345 757 
303 947 
110 567 
778 421 
842 96 
809 125 
263 351 
364 385 
815 404 
491 136 
199 331 
567 595 
279 671 
953 602 
942 43 
401 520 
595 58 
813 936 
175 288 
927 168 
187 316 
569 803 
856 876 
110 397 
727 809 
70 134 
334 512 
586 727 
3 230 
937 471 
600 669 
816 263 
320 593 
812 907 
443 771 
822 852 
130 814 
414 325 
579 211 
138 561 
156 180 
186 157 
741 827 
896 307 
985 327 
336 357 
361 682 
779 100 
469 786 
883 788 
46 445 
778 809 
946 972 
161 217 
623 625 
984 301 
592 860 
34 236 
782 879 
939 236 
386 660 
935 84 
368 488 
684 183 
242 387 
475 615 
943 999 
206 371 
672 180 
298 316 
478 748 
276 338 
890 49 
492 716 
787 868 
459 593 
202 327 
61 274 
220 692 
934 274 
300 48 
495 530 
779 988 
97 493 
677 47 
188 468 
578 137 
221 701 
430 572 
50 56 
599 858 
4 60 
208 254 
503 509 
333 136 
517 579 
656 804 
138 224 
435 594 
21 61 
203 565 
761 918 
959 590 
802 909 
95 196 
216 312 
840 189 
31 408 
489 767 
825 597 
127 252 
309 563 
741 880 
929 528 
569 419 
821 55 
138 154 
195 452 
469 687 
725 947 
328 610 
793 349 
81 206 
341 590 
666 797 
870 426 
494 520 
923 451 
604 345 
272 573 
585 674 
79 378 
673 147 
347 544 
674 786 
895 22 
74 524 
556 63 
571 696 
914 145 
149 509 
513 678 
780 879 
76 271 
421 577 
610 721 
822 852 
921 50 
621 852 
23 141 
420 566 
164 522 
648 895 
944 946 
996 121 
786 511 
771 43 
587 630 
691 375 
126 967 
287 298 
846 24 
202 932 
165 583 
597 849 
162 179 
181 243 
370 399 
401 435 
130 448 
678 704 
884 265 
310 937 
187 551 
722 117 
400 493 
942 955 
17 65 
446 694 
934 59 
67 257 
680 689 
871 48 
83 164 
191 356 
397 407 
598 21 
392 429 
409 468 
543 677 
923 67 
719 890 
898 933 
543 757 
825 351 
12 184 
173 715 
654 885 
43 231 
359 604 
201 869 
960 92 
116 169 
394 123 
963 964 
243 274 
688 29 
162 689 
766 29 
961 966 
27 29 
91 157 
170 197 
675 8 
750 762 
386 408 
65 433 
729 782 
916 90 
213 305 
794 837 
888 969 
252 310 
689 754 
782 222 
320 102 
300 407 
411 416 
600 853 
16 304 
19 332 
451 696 
888 906 
241 428 
474 973 
228 261 
983 363 
387 670 
786 52 
408 629 
685 952 
282 657 
905 105 
570 655 
713 723 
121 339 
862 547 
821 186 
189 799 
385 367 
828 394 
999 36 
239 462 
585 893 
79 371 
173 178 
331 361 
522 746 
975 95 
133 478 
653 778 
892 905 
217 283 
510 800 
891 552 
323 591 
590 592 
640 499 
453 562 
623 948 
952 595 
613 788 
865 426 
890 248 
619 741 
907 252 
799 987 
82 344 
355 410 
538 968 
155 309 
799 871 
550 258 
654 699 
20 582 
635 27 
619 636 
646 393 
420 604 
186 206 
559 738 
78 618 
16 46 
49 821 
11 35 
594 650 
282 840 
984 104 
685 728 
748 419 
499 105 
564 184 
238 301 
454 889 
102 488 
996 308 
613 498 
785 975 
263 433 
883 954 
118 725 
944 357 
743 899 
153 838 
904 491 
495 657 
760 773 
492 628 
555 811 
143 181 
301 931 
136 298 
624 180 
414 990 
39 436 
597 772 
60 230 
388 615 
938 177 
330 364 
444 657 
885 362 
288 582 
707 806 
519 520 
806 194 
699 828 
3 643 
221 737 
332 801 
811 984 
488 207 
798 868 
948 855 
246 730 
822 851 
40 418 
693 765 
88 150 
414 434 
784 956 
856 284 
457 461 
534 578 
680 786 
923 199 
339 409 
709 934 
116 442 
891 149 
463 669 
835 236 
44 402 
446 489 
553 699 
238 260 
897 930 
437 641 
433 439 
753 752 
646 771 
922 957 
236 478 
769 943 
501 625 
897 936 
831 936 
69 309 
714 572 
47 341 
641 455 
882 33 
87 306 
348 738 
948 986 
636 576 
176 483 
849 859 
884 256 
756 968 
776 778 
986 525 
602 754 
779 839 
990 1000 
163 382 
721 838 
870 714 
894 103 
211 111 
472 802 
939 770 
890 275 
493 849 
939 348 
503 542 
670 770 
20 327 
538 561 
771 595 
142 224 
76 546 
643 646 
28 200 
453 499 
467 739 
97 313 
705 117 
122 539 
592 601 
653 741 
810 555 
186 541 
678 830 
400 101 
119 869 
897 393 
831 148 
980 136 
498 583 
795 989 
6 379 
406 644 
380 793 
895 177 
225 813 
924 121 
293 307 
585 925 
950 25 
34 325 
431 734 
265 661 
681 683 
103 279 
671 918 
316 731 
988 573 
775 842 
202 360 
517 814 
833 922 
491 570 
78 223 
388 280 
411 726 
727 833 
837 268 
148 259 
461 230 
263 506 
519 542 
786 908 
13 389 
716 731 
859 162 
388 423 
490 524 
97 258 
514 796 
42 180 
223 526 
803 203 
507 93 
491 522 
138 400 
829 67 
247 841 
906 987 
80 93 
269 865 
192 3 
580 660 
695 846 
525 597 
737 239 
316 838 
292 438 
576 625 
293 221 
233 480 
535 847 
855 155 
663 728 
817 133 
788 78 
334 343 
759 791 
803 806 
457 369 
380 746 
929 229 
279 372 
864 185 
301 645 
806 865 
979 98 
196 710 
772 824 
911 10 
771 875 
407 574 
697 853 
955 215 
303 818 
108 505 
802 226 
979 82 
409 192 
407 895 
78 88 
165 608 
821 876 
897 827 
866 879 
46 102 
58 153 
273 610 
768 777 
168 737 
140 525 
597 598 
959 648 
840 31 
893 267 
311 736 
827 9 
517 740 
282 566 
768 811 
544 997 
999 162 
659 10 
179 901 
88 435 
836 43 
275 457 
678 819 
837 976 
354 847 
401 407 
410 452 
413 555 
734 946 
136 444 
631 790 
585 772 
909 493 
619 683 
123 960 
493 12 
241 259 
165 379 
439 839 
907 98 
518 846 
901 163 
167 194 
273 476 
58 275 
468 546 
595 847 
964 170 
352 578 
996 198 
236 391 
763 104 
539 706 
937 17 
51 243 
613 768 
629 723 
437 103 
392 402 
426 645 
650 50 
111 173 
279 344 
489 702 
554 624 
679 776 
671 744 
410 471 
670 5 
19 295 
413 473 
666 854 
314 423 
773 980 
592 600 
795 845 
535 749 
758 790 
846 111 
396 624 
62 145 
182 709 
271 466 
904 225 
863 876 
112 288 
492 710 
900 990 
88 233 
655 670 
650 818 
22 44 
172 524 
680 875 
415 810 
189 450 
573 870 
307 414 
432 937 
16 291 
838 988 
158 951 
408 443 
594 197 
358 227 
308 643 
66 74 
277 311 
485 572 
800 931 
90 328 
355 597 
966 754 
803 586 
623 741 
464 796 
931 957 
111 279 
412 797 
415 100 
145 337 
515 444 
92 351 
578 835 
954 749 
3 718 
919 924 
104 153 
247 609 
992 624 
559 618 
743 451 
548 398 
514 758 
759 243 
447 521 
614 883 
910 323 
722 69 
122 546 
775 777 
84 94 
399 178 
511 616 
4 551 
756 214 
248 319 
323 600 
707 212 
371 542 
600 868 
951 429 
502 582 
995 99 
677 735 
765 207 
240 797 
85 488 
913 946 
654 677 
499 510 
7 22 
112 706 
929 616 
840 90 
739 173 
421 754 
924 208 
264 303 
439 572 
852 47 
158 308 
335 631 
872 64 
273 637 
22 194 
442 468 
426 475 
633 291 
472 634 
879 52 
73 203 
358 418 
117 234 
637 921 
606 121 
472 682 
769 991 
271 372 
404 645 
259 292 
319 430 
41 200 
542 181 
207 282 
651 99 
669 705 
220 865 
37 124 
243 492 
989 110 
150 245 
329 428 
494 837 
843 792 
894 108 
168 652 
181 216 
245 543 
697 731 
203 537 
205 765 
770 94 
190 463 
488 681 
818 340 
561 801 
911 334 
368 793 
978 720 
771 904 
353 377 
968 161 
469 470 
932 288 
314 262 
417 467 
108 445 
947 166 
600 703 
880 860 
144 265 
332 485 
551 664 
861 369 
458 771 
