1 1 
2 2 
3 3 
4 4 
5 5 
6 6 
6 7 
8 8 
8 10 
10 10 
10 11 
12 12 
13 13 
14 14 
14 14 
15 15 
16 16 
16 16 
17 18 
18 18 
18 18 
18 18 
19 19 
19 20 
20 20 
20 20 
21 21 
21 22 
22 22 
23 23 
23 23 
23 24 
24 24 
24 24 
25 25 
25 26 
27 27 
27 27 
28 28 
29 30 
30 30 
30 31 
31 31 
31 32 
32 32 
33 33 
34 35 
35 35 
36 36 
36 36 
37 37 
37 38 
38 39 
39 40 
40 41 
41 41 
43 43 
43 43 
43 43 
43 44 
44 46 
46 46 
46 47 
47 48 
48 49 
49 50 
50 51 
51 52 
53 53 
53 53 
53 53 
54 55 
55 55 
56 56 
56 57 
57 57 
57 58 
58 58 
58 58 
58 58 
59 59 
59 60 
60 60 
60 61 
61 61 
61 61 
62 63 
63 63 
63 64 
64 65 
65 65 
66 67 
67 67 
67 68 
68 69 
69 69 
70 70 
70 70 
71 71 
71 71 
72 72 
72 72 
72 73 
73 73 
74 74 
75 75 
75 76 
76 76 
76 76 
77 77 
77 77 
78 78 
78 78 
78 79 
79 79 
79 80 
80 80 
80 81 
81 81 
81 81 
81 82 
82 82 
83 83 
83 83 
84 84 
84 84 
85 85 
85 85 
85 86 
86 86 
88 89 
89 90 
90 91 
91 92 
92 92 
93 93 
93 94 
94 95 
95 96 
97 97 
98 99 
100 100 
100 100 
100 100 
101 102 
102 102 
102 102 
103 103 
103 103 
103 103 
104 104 
105 106 
106 107 
107 108 
108 108 
109 109 
109 110 
110 110 
110 111 
111 111 
111 111 
111 111 
113 113 
113 113 
113 114 
114 114 
115 115 
115 115 
115 115 
116 116 
117 117 
118 118 
118 118 
118 118 
118 118 
118 119 
119 120 
120 120 
120 120 
120 121 
122 122 
122 122 
123 123 
123 124 
124 124 
125 125 
126 126 
127 127 
127 128 
128 128 
129 129 
130 130 
131 131 
131 132 
132 132 
132 132 
133 134 
134 135 
136 136 
136 136 
137 137 
138 139 
139 139 
139 139 
139 140 
140 140 
140 141 
141 141 
141 142 
142 142 
142 143 
143 144 
144 145 
148 148 
148 148 
148 148 
149 149 
150 151 
151 151 
152 152 
152 152 
152 153 
153 154 
154 154 
154 154 
154 155 
155 155 
155 156 
156 156 
157 157 
157 157 
158 158 
158 158 
158 158 
158 159 
159 159 
159 160 
160 160 
161 161 
161 163 
164 164 
164 165 
165 166 
166 166 
166 166 
168 168 
168 170 
170 171 
172 172 
172 172 
172 172 
174 174 
175 175 
176 176 
176 177 
177 177 
177 178 
178 178 
179 179 
179 179 
179 179 
180 180 
181 181 
181 182 
182 182 
182 182 
183 183 
184 184 
184 184 
184 184 
185 185 
185 185 
185 185 
187 187 
187 187 
187 187 
187 188 
188 188 
188 188 
189 189 
189 189 
190 190 
190 190 
190 191 
192 192 
193 193 
193 193 
193 193 
193 194 
194 194 
195 195 
196 196 
196 196 
196 196 
196 197 
197 198 
199 199 
199 200 
200 200 
201 201 
201 202 
202 202 
202 203 
204 204 
204 204 
205 206 
206 206 
206 206 
206 206 
207 207 
208 208 
208 209 
209 209 
209 210 
210 211 
211 212 
213 213 
214 214 
214 215 
215 215 
216 216 
216 217 
217 218 
219 219 
219 219 
219 220 
220 220 
220 221 
221 221 
221 221 
222 222 
223 223 
223 223 
224 224 
224 225 
225 225 
225 226 
226 226 
226 226 
226 227 
227 227 
228 228 
228 229 
230 230 
230 231 
231 231 
231 231 
231 231 
232 232 
232 232 
232 232 
233 233 
233 234 
234 234 
234 234 
234 235 
235 235 
235 236 
236 237 
237 237 
237 237 
237 238 
238 238 
238 238 
238 239 
239 239 
240 240 
240 240 
241 242 
242 243 
243 243 
245 245 
246 246 
247 247 
247 247 
247 248 
248 248 
248 249 
249 249 
250 250 
250 250 
250 251 
252 253 
254 255 
255 255 
255 256 
256 256 
257 257 
258 258 
258 259 
259 259 
259 259 
260 260 
260 261 
261 262 
262 263 
263 263 
263 264 
264 264 
264 265 
265 265 
265 266 
266 266 
266 267 
267 267 
268 268 
268 268 
268 268 
269 269 
270 270 
271 271 
272 272 
272 273 
273 274 
274 275 
275 275 
275 276 
276 276 
276 276 
277 277 
277 278 
279 279 
280 281 
281 281 
282 282 
282 283 
284 284 
284 285 
285 285 
285 285 
286 287 
287 287 
288 288 
288 288 
289 289 
289 290 
290 291 
292 292 
292 292 
293 293 
294 294 
295 296 
296 296 
296 298 
298 298 
298 298 
299 299 
299 299 
299 299 
300 300 
300 300 
301 301 
302 303 
303 303 
304 304 
304 305 
305 306 
306 306 
306 306 
307 307 
307 308 
309 309 
310 310 
311 311 
311 311 
312 312 
312 312 
313 313 
313 313 
313 314 
314 315 
315 315 
316 316 
317 317 
317 319 
319 320 
320 321 
322 322 
323 323 
323 324 
324 324 
325 325 
325 325 
325 325 
326 326 
326 327 
327 328 
328 328 
328 328 
328 328 
328 329 
329 329 
330 330 
330 330 
330 331 
332 332 
332 332 
332 333 
333 333 
333 334 
334 334 
334 335 
335 335 
336 336 
337 337 
338 339 
339 340 
340 340 
340 340 
341 341 
341 342 
342 342 
342 342 
342 342 
342 343 
343 344 
344 344 
345 345 
345 346 
346 347 
347 347 
347 348 
348 349 
349 349 
350 350 
350 350 
350 351 
351 351 
351 351 
351 352 
352 352 
352 353 
353 353 
353 353 
353 354 
355 355 
355 355 
355 356 
356 357 
358 358 
358 359 
359 359 
360 360 
360 360 
360 360 
361 361 
361 362 
362 362 
363 363 
364 364 
364 364 
364 365 
366 366 
367 367 
367 367 
368 368 
368 369 
369 370 
370 370 
370 371 
371 371 
371 371 
371 372 
372 372 
372 372 
373 373 
373 373 
374 374 
374 374 
374 375 
375 375 
376 376 
376 376 
377 377 
377 378 
378 379 
380 380 
380 380 
380 381 
381 381 
381 382 
382 382 
383 383 
383 383 
383 384 
384 385 
385 386 
387 387 
387 388 
388 388 
389 389 
389 391 
391 391 
391 392 
392 392 
392 392 
392 393 
393 394 
394 394 
394 395 
395 395 
395 395 
396 396 
396 398 
398 398 
398 398 
398 398 
399 400 
400 400 
400 401 
401 401 
401 401 
401 402 
402 402 
403 403 
404 404 
404 406 
406 406 
407 407 
407 409 
410 410 
410 410 
411 411 
411 412 
412 412 
412 413 
413 413 
414 414 
415 415 
415 416 
417 417 
417 418 
419 419 
419 420 
420 420 
420 421 
421 421 
421 422 
422 422 
422 423 
423 423 
423 424 
424 424 
424 425 
425 425 
425 425 
426 427 
427 427 
427 428 
428 428 
429 430 
430 430 
430 430 
431 431 
432 432 
433 433 
433 434 
434 435 
435 435 
436 436 
436 436 
437 437 
438 438 
438 440 
440 440 
441 441 
441 441 
442 442 
443 443 
443 443 
443 443 
443 444 
444 444 
444 445 
445 446 
446 446 
446 447 
447 448 
448 449 
450 450 
451 451 
451 451 
452 453 
453 453 
453 453 
454 454 
454 455 
455 455 
456 456 
457 457 
457 459 
459 459 
459 459 
459 460 
460 460 
460 460 
460 460 
460 460 
461 461 
461 461 
462 463 
464 465 
465 465 
466 467 
467 467 
467 468 
468 468 
468 468 
468 468 
468 469 
469 469 
470 470 
471 471 
471 471 
471 471 
472 472 
473 473 
474 474 
474 475 
476 477 
478 479 
479 480 
481 481 
481 481 
483 483 
483 483 
484 485 
485 485 
486 486 
487 487 
487 488 
488 488 
488 488 
488 488 
489 490 
490 490 
490 491 
492 492 
492 492 
492 492 
493 493 
494 495 
495 495 
495 495 
495 496 
496 497 
497 497 
497 498 
498 498 
499 499 
499 500 
500 500 
501 502 
502 502 
503 503 
503 503 
504 504 
504 505 
505 506 
506 506 
506 506 
507 507 
507 507 
508 508 
508 508 
508 509 
509 509 
510 510 
511 512 
512 512 
512 512 
512 512 
512 512 
513 513 
513 514 
514 514 
515 515 
515 515 
516 516 
517 518 
518 519 
519 519 
520 520 
520 520 
520 521 
521 522 
522 522 
522 522 
522 523 
523 523 
523 524 
524 524 
524 524 
525 525 
525 526 
526 526 
526 527 
528 528 
528 529 
529 530 
531 531 
531 531 
531 532 
532 532 
533 534 
534 534 
534 534 
534 534 
535 535 
535 535 
536 536 
536 536 
536 536 
536 537 
537 538 
538 538 
538 539 
539 539 
539 540 
540 541 
541 541 
542 542 
542 543 
543 543 
544 544 
544 544 
545 545 
545 546 
546 546 
546 547 
547 548 
548 548 
548 548 
549 549 
551 551 
552 552 
553 553 
553 553 
554 554 
555 555 
555 555 
555 556 
557 557 
557 557 
558 558 
558 558 
559 560 
560 560 
560 561 
561 562 
562 563 
563 563 
563 563 
564 565 
565 565 
565 565 
565 566 
566 566 
567 567 
567 567 
568 568 
568 568 
568 569 
569 569 
569 569 
570 570 
570 570 
571 571 
571 572 
572 572 
572 572 
572 573 
573 573 
573 574 
574 575 
575 576 
576 576 
576 577 
577 578 
578 578 
579 581 
581 582 
582 582 
582 582 
582 583 
583 583 
583 583 
584 584 
586 587 
587 587 
588 588 
588 588 
589 589 
590 590 
590 590 
591 591 
591 591 
592 593 
593 593 
593 593 
594 594 
597 598 
598 598 
598 599 
599 599 
599 599 
599 599 
600 601 
601 601 
601 601 
602 602 
602 603 
603 603 
604 604 
604 604 
604 604 
604 605 
605 605 
605 606 
607 607 
608 608 
608 609 
609 609 
609 609 
610 610 
610 610 
611 611 
611 612 
613 613 
613 613 
614 614 
614 615 
615 617 
617 619 
619 619 
621 621 
621 621 
622 622 
622 623 
623 624 
624 625 
625 626 
626 626 
627 627 
628 628 
628 629 
630 631 
631 631 
631 632 
632 632 
634 634 
634 635 
635 635 
635 635 
635 636 
636 636 
636 636 
637 637 
637 637 
638 638 
638 639 
640 641 
641 642 
642 643 
643 643 
643 643 
644 644 
644 644 
645 646 
646 646 
646 646 
646 646 
646 647 
647 648 
648 648 
648 649 
649 649 
649 649 
649 650 
650 650 
650 650 
650 651 
651 652 
652 652 
653 653 
654 654 
654 655 
655 656 
656 657 
657 657 
658 658 
659 659 
660 660 
661 661 
661 661 
661 662 
662 662 
663 663 
663 664 
664 664 
665 665 
665 665 
665 665 
666 667 
667 667 
668 668 
668 669 
669 669 
670 670 
670 673 
673 674 
674 675 
675 675 
676 676 
676 677 
677 677 
677 677 
677 678 
679 679 
680 680 
681 681 
681 681 
681 682 
682 682 
682 682 
682 682 
683 683 
683 683 
683 684 
684 684 
684 684 
684 685 
685 686 
686 686 
687 688 
688 688 
688 688 
688 688 
688 689 
690 690 
690 690 
691 691 
691 691 
691 691 
691 692 
692 692 
693 693 
694 694 
694 695 
695 695 
696 696 
697 697 
698 698 
698 698 
699 699 
699 700 
700 700 
700 701 
701 701 
701 702 
703 703 
703 704 
704 704 
705 705 
706 706 
706 707 
707 708 
709 709 
709 709 
710 710 
711 711 
711 711 
711 712 
712 712 
712 712 
714 714 
715 715 
715 715 
715 716 
716 716 
718 719 
719 719 
720 720 
720 720 
721 721 
722 722 
722 722 
722 723 
723 723 
724 724 
724 725 
725 726 
726 727 
727 727 
727 728 
728 728 
729 729 
729 730 
730 730 
730 730 
730 730 
731 733 
733 733 
734 734 
734 735 
735 736 
736 736 
736 736 
737 737 
738 738 
738 738 
739 739 
739 739 
739 740 
740 741 
741 741 
741 742 
742 742 
743 743 
743 743 
744 744 
744 745 
746 747 
747 747 
747 748 
749 749 
749 750 
751 752 
752 752 
752 752 
753 753 
754 754 
755 755 
755 756 
758 758 
759 759 
759 760 
761 761 
761 761 
761 761 
762 762 
762 763 
763 764 
764 766 
766 766 
766 766 
766 767 
767 767 
768 768 
768 769 
769 769 
769 770 
770 770 
770 770 
771 771 
771 772 
773 773 
773 774 
774 775 
775 776 
776 777 
777 777 
777 777 
777 777 
778 778 
778 779 
779 779 
780 780 
782 782 
782 782 
782 782 
782 782 
782 783 
783 783 
784 784 
784 785 
786 787 
787 787 
788 790 
790 790 
790 790 
790 791 
791 791 
792 792 
792 792 
792 793 
793 793 
793 794 
794 794 
794 795 
795 796 
796 796 
796 796 
796 796 
797 797 
797 797 
798 798 
798 799 
799 799 
800 800 
800 800 
800 801 
801 801 
801 802 
802 802 
802 802 
803 803 
803 803 
803 803 
804 804 
806 806 
806 807 
807 807 
807 807 
808 809 
810 810 
810 810 
810 810 
810 811 
811 811 
811 811 
811 811 
811 811 
812 812 
812 813 
813 813 
814 814 
815 815 
815 815 
816 817 
817 817 
817 818 
818 818 
818 819 
819 820 
821 821 
821 821 
822 822 
822 822 
823 824 
825 825 
825 825 
825 825 
826 826 
826 827 
827 827 
827 827 
828 828 
828 828 
828 829 
829 829 
829 830 
831 831 
832 832 
832 832 
832 832 
832 833 
833 833 
834 834 
834 835 
835 835 
836 836 
836 836 
836 836 
836 836 
837 837 
837 838 
838 838 
839 839 
839 839 
839 840 
840 840 
840 841 
841 841 
841 841 
842 842 
842 842 
843 845 
845 846 
846 846 
846 846 
846 847 
847 847 
847 847 
848 848 
848 848 
848 849 
849 850 
850 851 
851 852 
852 853 
853 853 
854 854 
854 854 
855 855 
855 855 
856 856 
856 856 
857 857 
858 858 
858 859 
859 859 
860 860 
860 861 
862 862 
862 863 
863 863 
863 863 
863 864 
864 864 
864 864 
865 865 
866 866 
867 867 
867 868 
868 869 
869 871 
871 871 
871 872 
872 872 
873 873 
873 873 
874 874 
874 875 
875 875 
875 876 
876 876 
877 877 
877 878 
878 878 
878 878 
878 879 
879 879 
879 879 
880 880 
880 880 
880 880 
881 881 
882 882 
882 882 
883 883 
883 883 
884 884 
884 884 
885 886 
886 887 
887 887 
887 888 
888 888 
888 889 
890 890 
890 890 
890 891 
891 891 
892 892 
893 893 
893 894 
894 894 
895 895 
895 895 
895 896 
896 897 
897 897 
898 898 
898 898 
899 899 
899 899 
900 900 
900 901 
901 901 
903 903 
903 903 
903 904 
904 904 
904 905 
905 905 
905 905 
905 905 
906 906 
906 906 
907 907 
907 907 
907 908 
908 908 
908 908 
909 909 
910 911 
911 911 
912 912 
912 913 
914 914 
914 914 
914 915 
915 915 
915 916 
916 916 
917 917 
917 918 
918 918 
919 919 
920 920 
920 920 
920 920 
921 921 
921 921 
921 922 
922 923 
923 923 
923 924 
924 924 
925 925 
925 925 
926 926 
926 927 
927 927 
927 927 
927 928 
928 928 
929 929 
929 929 
930 930 
930 930 
930 930 
930 931 
932 932 
933 934 
934 934 
934 935 
935 935 
936 936 
936 937 
938 939 
939 940 
940 940 
940 941 
941 942 
942 942 
943 943 
943 943 
944 944 
945 946 
946 946 
946 947 
948 948 
949 949 
949 949 
949 950 
950 951 
951 952 
953 953 
953 953 
953 953 
954 954 
954 954 
954 955 
955 955 
956 956 
956 957 
957 957 
957 957 
957 957 
958 958 
958 958 
958 959 
959 959 
960 960 
961 961 
961 961 
962 963 
964 964 
964 964 
964 964 
965 966 
966 967 
967 968 
968 969 
969 970 
970 970 
970 971 
971 971 
972 972 
972 972 
972 973 
973 974 
975 975 
975 975 
976 976 
978 978 
978 979 
979 980 
980 981 
982 982 
982 983 
983 983 
984 984 
984 984 
985 985 
985 986 
986 986 
986 986 
987 987 
987 987 
987 987 
987 988 
988 988 
988 988 
988 988 
989 989 
989 989 
989 990 
990 990 
990 990 
991 991 
992 992 
992 992 
992 993 
993 993 
994 994 
994 994 
994 994 
994 995 
995 995 
996 996 
996 996 
997 997 
997 997 
998 998 
998 999 
999 999 
999 999 
1000 1000 
260 570 
161 704 
381 643 
240 346 
124 964 
71 522 
904 709 
193 558 
905 342 
747 829 
884 236 
490 526 
95 493 
423 460 
632 793 
108 921 
97 453 
619 958 
892 118 
183 483 
490 546 
640 787 
453 567 
895 43 
542 729 
764 971 
48 920 
988 172 
573 996 
50 342 
391 509 
680 31 
350 670 
691 818 
83 636 
701 583 
123 128 
288 912 
759 778 
373 421 
649 831 
885 24 
114 564 
829 106 
878 930 
808 988 
434 194 
565 878 
100 377 
601 658 
392 536 
878 349 
906 369 
803 277 
646 156 
250 884 
20 90 
181 454 
688 827 
834 249 
548 506 
876 887 
958 230 
388 21 
949 132 
971 23 
441 344 
422 292 
185 355 
528 644 
863 887 
183 204 
800 927 
58 361 
930 237 
268 512 
542 56 
193 475 
685 806 
888 922 
225 374 
503 103 
107 364 
411 273 
352 383 
479 505 
987 66 
171 493 
793 206 
238 200 
492 563 
63 461 
739 754 
866 684 
769 237 
420 784 
327 676 
846 873 
6 178 
231 615 
206 424 
520 706 
741 274 
425 943 
86 952 
382 401 
571 136 
237 280 
341 940 
396 534 
539 848 
172 360 
413 583 
676 262 
294 505 
803 486 
581 928 
978 226 
425 465 
546 730 
778 179 
435 447 
25 837 
860 923 
120 471 
715 729 
512 746 
768 927 
999 74 
176 255 
314 135 
959 43 
614 578 
787 144 
424 796 
198 598 
604 164 
260 13 
712 802 
16 536 
495 874 
36 362 
365 394 
536 793 
649 103 
193 378 
827 987 
60 102 
239 432 
467 762 
222 349 
770 32 
834 60 
455 15 
140 568 
739 953 
980 219 
228 592 
958 221 
370 389 
504 663 
916 984 
502 545 
638 860 
941 31 
570 807 
383 535 
711 722 
770 840 
118 836 
551 709 
18 116 
545 573 
607 665 
698 699 
911 376 
485 84 
155 391 
832 904 
999 351 
221 677 
782 856 
27 259 
284 5 
782 929 
232 782 
386 534 
424 775 
928 27 
200 872 
467 957 
394 588 
166 558 
854 49 
298 421 
613 624 
204 372 
759 89 
76 216 
707 856 
690 763 
518 260 
266 304 
344 404 
929 108 
268 594 
851 503 
751 815 
903 196 
381 572 
957 441 
771 92 
957 908 
158 267 
279 364 
682 930 
776 833 
906 445 
738 943 
287 345 
598 847 
874 593 
710 257 
330 383 
727 896 
934 120 
232 774 
796 41 
160 673 
174 398 
570 668 
148 226 
328 525 
609 722 
841 185 
530 683 
899 156 
219 284 
2 519 
875 545 
94 174 
812 391 
949 131 
548 783 
835 982 
516 537 
978 326 
802 63 
22 78 
225 324 
691 818 
157 164 
484 621 
86 558 
883 465 
492 560 
610 71 
463 662 
82 288 
549 590 
654 833 
756 883 
43 275 
374 461 
474 528 
543 992 
18 54 
238 268 
392 624 
901 940 
53 159 
298 598 
646 772 
237 290 
400 430 
524 571 
759 350 
420 600 
811 990 
310 563 
605 847 
351 371 
376 419 
988 459 
309 832 
8 58 
102 336 
410 566 
990 35 
208 488 
504 956 
142 199 
352 364 
553 682 
723 767 
895 93 
196 478 
490 65 
128 777 
268 340 
761 242 
460 466 
783 433 
55 133 
544 841 
991 64 
72 377 
444 462 
500 727 
925 939 
194 238 
694 395 
604 744 
837 350 
406 656 
839 636 
573 954 
627 636 
795 277 
569 942 
136 299 
621 338 
925 512 
110 160 
418 548 
761 400 
669 891 
985 111 
122 535 
849 993 
104 507 
353 358 
947 965 
366 856 
957 59 
172 299 
494 81 
158 311 
615 817 
946 259 
546 797 
110 681 
834 554 
47 337 
431 71 
309 401 
641 719 
733 779 
125 155 
602 799 
811 846 
303 728 
749 290 
603 644 
695 720 
898 275 
637 752 
802 11 
921 57 
69 76 
187 460 
667 64 
184 208 
423 780 
1000 103 
340 395 
4 343 
422 994 
361 202 
714 777 
908 964 
460 723 
407 927 
313 720 
742 932 
994 292 
334 471 
686 44 
532 825 
41 481 
609 799 
904 473 
712 645 
918 86 
391 486 
933 598 
623 657 
154 825 
330 513 
882 123 
227 364 
637 683 
1 94 
139 524 
999 79 
453 415 
459 631 
907 317 
643 682 
811 270 
361 839 
890 139 
549 684 
730 148 
682 996 
57 140 
184 201 
531 877 
294 883 
265 646 
705 926 
572 682 
992 61 
884 73 
288 181 
235 635 
995 566 
723 827 
926 972 
40 215 
435 572 
148 888 
76 542 
650 690 
325 454 
899 900 
123 160 
792 380 
506 521 
635 990 
443 152 
736 761 
27 179 
274 698 
710 863 
955 187 
234 497 
52 248 
313 355 
334 683 
79 269 
889 584 
675 926 
995 132 
185 670 
948 984 
216 225 
847 904 
907 953 
599 799 
878 879 
576 591 
697 233 
430 537 
139 565 
674 669 
770 322 
691 753 
879 972 
890 897 
915 677 
192 231 
189 394 
226 404 
417 970 
320 376 
574 745 
247 292 
464 583 
691 88 
766 370 
588 985 
423 794 
264 395 
964 875 
919 312 
605 451 
306 909 
724 878 
973 172 
733 915 
282 452 
508 557 
798 854 
170 559 
996 70 
599 158 
398 423 
447 497 
776 858 
936 488 
560 901 
154 258 
468 876 
982 758 
536 703 
796 829 
846 708 
813 854 
893 248 
293 568 
715 679 
730 811 
193 722 
230 858 
217 648 
796 201 
239 427 
519 555 
76 803 
927 10 
23 519 
535 693 
737 900 
953 240 
474 51 
139 923 
152 469 
951 4 
711 407 
675 677 
741 373 
406 38 
104 371 
24 188 
210 724 
743 121 
190 411 
839 893 
979 61 
196 611 
944 223 
509 539 
552 688 
971 565 
53 292 
380 684 
813 399 
611 739 
223 495 
935 377 
842 881 
78 410 
547 769 
866 875 
56 241 
265 100 
393 472 
626 842 
60 148 
196 259 
827 100 
224 659 
414 514 
526 807 
611 832 
846 39 
599 111 
315 599 
863 190 
349 450 
470 661 
835 134 
879 905 
921 954 
29 348 
581 898 
59 181 
425 488 
507 487 
488 812 
119 190 
312 582 
36 206 
359 102 
716 670 
285 355 
385 701 
720 3 
142 468 
938 75 
506 684 
61 115 
154 539 
852 465 
815 380 
440 126 
395 406 
827 47 
413 990 
111 512 
766 23 
120 165 
255 37 
184 522 
540 665 
766 362 
593 100 
130 310 
605 209 
239 317 
387 674 
77 468 
605 157 
328 628 
709 790 
942 975 
356 187 
220 857 
990 75 
231 495 
725 836 
859 591 
634 712 
887 986 
139 311 
914 210 
348 387 
246 347 
867 702 
193 360 
597 647 
60 351 
444 461 
726 853 
884 78 
388 752 
367 502 
263 954 
955 534 
311 472 
622 219 
190 474 
727 69 
188 552 
582 30 
132 658 
665 51 
240 782 
896 14 
238 316 
328 72 
92 127 
845 73 
81 374 
513 804 
797 340 
479 650 
871 664 
841 949 
715 187 
303 635 
642 731 
230 828 
103 553 
203 724 
773 34 
940 82 
277 988 
497 662 
862 877 
863 958 
497 511 
538 385 
560 788 
50 143 
766 839 
967 986 
286 593 
646 738 
787 954 
976 206 
411 711 
768 151 
721 571 
610 722 
975 82 
328 523 
700 821 
371 944 
321 572 
825 886 
325 16 
19 262 
720 810 
43 282 
736 107 
506 712 
752 982 
677 682 
848 191 
263 502 
715 819 
925 14 
202 237 
245 546 
613 748 
810 964 
67 182 
412 683 
206 178 
313 81 
177 384 
202 103 
129 650 
773 330 
381 396 
646 812 
924 929 
950 345 
662 716 
371 840 
84 248 
649 753 
828 949 
362 417 
251 649 
182 343 
419 58 
836 994 
199 61 
427 578 
250 653 
792 969 
18 715 
924 959 
175 119 
492 826 
80 255 
375 612 
993 194 
329 374 
375 740 
761 857 
744 12 
18 199 
890 586 
65 177 
485 687 
850 880 
13 63 
225 98 
358 401 
506 522 
911 500 
643 291 
328 436 
438 522 
649 983 
657 743 
811 206 
496 647 
793 113 
414 459 
59 141 
688 864 
111 195 
819 61 
79 46 
285 382 
455 495 
222 374 
777 886 
325 664 
691 792 
843 23 
353 532 
599 642 
438 57 
85 218 
389 555 
590 603 
698 999 
258 425 
739 367 
522 817 
609 659 
892 894 
168 917 
931 138 
730 161 
340 342 
72 700 
814 836 
840 285 
956 6 
392 495 
498 514 
742 448 
905 924 
972 187 
261 656 
678 770 
158 689 
796 12 
367 839 
999 692 
53 182 
826 840 
998 159 
268 695 
707 832 
930 249 
509 770 
848 77 
126 416 
800 810 
907 908 
115 221 
342 978 
37 97 
100 332 
641 663 
997 168 
303 438 
908 920 
976 77 
353 383 
628 392 
811 848 
871 912 
20 57 
281 182 
878 987 
204 653 
655 791 
113 118 
163 18 
81 227 
460 360 
986 44 
166 219 
676 847 
179 266 
117 637 
353 420 
196 432 
688 712 
229 842 
340 512 
594 764 
838 797 
325 578 
631 686 
8 131 
176 711 
326 177 
329 440 
821 652 
691 661 
921 65 
189 828 
861 882 
31 35 
304 354 
899 900 
968 193 
276 754 
19 603 
791 963 
108 334 
706 801 
957 215 
617 841 
879 958 
1 114 
157 858 
75 187 
446 142 
272 278 
451 721 
736 22 
118 213 
752 312 
777 634 
643 301 
652 767 
855 623 
762 91 
480 557 
833 80 
373 376 
420 692 
766 804 
907 26 
78 313 
632 825 
296 979 
491 673 
742 800 
130 315 
604 872 
692 810 
179 512 
848 936 
301 402 
862 915 
110 153 
393 443 
871 887 
140 555 
410 93 
152 185 
256 300 
327 369 
370 510 
810 890 
188 36 
608 636 
836 908 
232 681 
906 234 
512 567 
93 209 
588 621 
661 832 
888 189 
320 394 
396 921 
118 705 
601 945 
989 158 
250 515 
738 969 
177 446 
699 916 
352 356 
368 487 
132 460 
775 829 
90 738 
869 71 
226 569 
993 16 
727 876 
175 216 
604 927 
417 879 
946 256 
577 132 
184 696 
822 363 
864 897 
214 899 
398 539 
815 725 
811 263 
557 638 
688 14 
583 959 
402 575 
898 275 
285 430 
792 796 
853 25 
212 214 
601 872 
235 259 
551 883 
113 631 
801 714 
18 231 
536 430 
510 3 
264 496 
575 906 
53 234 
681 864 
253 40 
185 270 
443 468 
807 934 
956 410 
500 339 
967 970 
985 30 
101 471 
473 498 
891 281 
427 467 
752 822 
905 654 
817 561 
576 661 
481 544 
179 651 
917 544 
984 211 
524 256 
499 837 
36 421 
366 515 
942 964 
371 562 
604 652 
910 178 
436 469 
111 536 
806 428 
508 961 
118 392 
421 747 
762 863 
930 237 
763 768 
157 736 
940 220 
305 832 
24 298 
379 156 
587 304 
395 296 
347 911 
70 78 
548 122 
308 347 
457 842 
934 524 
335 964 
23 841 
228 602 
644 927 
1000 148 
196 264 
267 272 
457 903 
159 259 
293 461 
863 68 
266 355 
382 704 
749 58 
932 248 
557 782 
492 43 
353 503 
553 631 
698 894 
937 525 
137 281 
790 991 
24 172 
306 313 
508 561 
868 527 
582 589 
342 859 
208 747 
790 234 
531 893 
625 735 
302 796 
118 288 
512 688 
118 610 
873 448 
520 795 
890 25 
380 778 
814 409 
332 828 
987 2 
684 835 
271 607 
72 568 
973 136 
531 333 
7 117 
398 852 
153 289 
115 346 
444 558 
981 95 
252 402 
455 553 
242 639 
84 334 
429 459 
483 378 
469 920 
803 231 
972 996 
234 247 
380 453 
445 572 
115 158 
336 446 
882 196 
245 276 
323 350 
433 401 
629 412 
849 154 
206 419 
619 233 
777 928 
20 84 
980 81 
266 335 
518 823 
851 987 
430 231 
324 771 
800 903 
943 696 
918 287 
454 572 
668 838 
342 987 
151 443 
609 614 
67 109 
357 513 
779 488 
853 72 
347 916 
955 247 
522 587 
350 499 
747 761 
209 489 
794 312 
85 10 
665 694 
743 460 
233 684 
912 880 
141 235 
413 456 
573 650 
306 471 
67 566 
785 953 
989 180 
331 856 
28 134 
187 920 
201 219 
287 488 
743 864 
103 577 
665 137 
667 20 
555 314 
389 392 
441 582 
997 197 
576 988 
85 444 
667 68 
360 820 
891 105 
115 305 
524 532 
143 733 
801 185 
433 467 
877 155 
946 127 
613 149 
328 200 
243 507 
574 728 
901 948 
28 81 
701 231 
739 953 
238 810 
122 124 
125 422 
686 828 
832 914 
946 166 
202 905 
69 807 
854 755 
811 18 
91 443 
440 398 
690 694 
907 989 
994 544 
567 914 
284 481 
508 635 
972 14 
63 100 
501 316 
744 875 
992 214 
700 92 
155 332 
339 525 
635 697 
227 426 
556 880 
325 807 
845 232 
250 300 
55 534 
587 734 
855 568 
638 771 
941 96 
170 235 
868 920 
39 79 
341 718 
873 895 
425 582 
58 663 
960 114 
367 646 
784 798 
33 957 
453 460 
534 589 
599 780 
994 188 
232 264 
335 499 
540 630 
786 961 
164 375 
468 333 
355 925 
520 701 
141 384 
628 930 
871 226 
514 651 
895 24 
172 913 
935 459 
504 769 
449 560 
859 914 
625 650 
987 997 
730 826 
249 257 
451 583 
929 960 
485 528 
824 43 
102 276 
364 387 
431 471 
563 703 
782 10 
31 332 
613 869 
30 895 
120 192 
368 531 
604 669 
782 149 
179 579 
43 106 
228 166 
371 704 
116 401 
476 520 
601 865 
915 983 
83 209 
657 555 
736 888 
211 265 
351 441 
526 115 
470 520 
529 158 
204 428 
569 680 
359 363 
554 677 
508 424 
798 70 
232 332 
368 950 
986 152 
189 299 
548 920 
77 457 
533 541 
590 221 
726 492 
865 140 
730 383 
709 412 
635 740 
131 325 
333 784 
576 800 
898 957 
122 136 
224 758 
400 488 
328 337 
570 401 
693 821 
83 113 
873 563 
436 591 
864 53 
289 370 
437 665 
683 503 
626 644 
761 862 
836 850 
67 360 
407 881 
935 691 
802 614 
830 427 
541 593 
816 128 
588 636 
70 699 
803 860 
99 152 
905 161 
319 360 
794 46 
330 619 
268 436 
773 32 
35 37 
300 323 
543 300 
306 372 
569 622 
492 750 
797 961 
984 988 
359 867 
258 563 
722 953 
176 180 
269 637 
10 41 
273 412 
30 451 
507 46 
53 403 
593 58 
279 604 
838 295 
265 307 
490 599 
700 220 
649 769 
17 515 
333 351 
695 515 
688 905 
19 197 
803 817 
831 154 
422 307 
626 923 
234 373 
634 855 
159 282 
565 627 
283 342 
565 184 
329 777 
141 682 
734 914 
995 6 
120 250 
299 8 
372 523 
650 783 
874 894 
38 150 
602 643 
263 299 
534 582 
790 145 
243 534 
538 601 
322 970 
661 118 
495 675 
27 541 
749 818 
404 782 
791 821 
903 307 
324 591 
836 111 
610 741 
516 654 
983 254 
735 962 
319 997 
21 538 
716 760 
802 847 
15 236 
372 562 
606 58 
989 83 
344 897 
988 468 
483 523 
207 217 
459 813 
271 276 
296 55 
85 246 
341 621 
681 80 
127 728 
124 139 
468 825 
32 56 
148 531 
666 815 
986 517 
247 685 
255 154 
646 677 
970 358 
818 867 
328 590 
975 688 
381 207 
949 76 
184 434 
668 113 
801 215 
398 660 
73 151 
734 968 
352 450 
608 226 
622 774 
782 223 
298 777 
48 165 
428 471 
939 468 
846 345 
966 74 
109 299 
342 755 
779 882 
213 372 
415 443 
992 289 
415 741 
195 521 
646 129 
142 144 
224 568 
809 855 
16 46 
110 437 
569 89 
483 632 
806 825 
664 811 
880 998 
918 567 
5 243 
317 460 
660 679 
223 951 
998 442 
648 565 
943 481 
609 311 
648 909 
934 20 
49 353 
276 306 
523 719 
792 323 
706 994 
398 446 
936 989 
443 538 
80 168 
535 351 
584 109 
729 711 
166 330 
456 498 
836 917 
111 298 
655 880 
220 315 
648 403 
442 547 
846 930 
62 102 
543 703 
730 737 
822 21 
33 190 
435 767 
880 923 
608 755 
790 922 
975 188 
193 285 
388 400 
205 690 
182 272 
794 954 
994 221 
487 617 
240 247 
477 790 
810 974 
992 275 
296 903 
22 267 
326 719 
536 766 
822 919 
529 961 
966 85 
120 261 
512 526 
238 681 
