1 1 
1 1 
2 2 
2 4 
4 4 
5 5 
6 6 
6 6 
6 7 
7 7 
7 9 
9 10 
10 10 
10 11 
11 11 
12 12 
12 13 
13 14 
14 14 
14 14 
15 16 
16 17 
17 18 
18 18 
19 19 
20 20 
21 21 
22 22 
22 23 
24 24 
24 24 
24 25 
25 26 
26 26 
26 26 
26 27 
27 27 
28 28 
30 30 
31 33 
33 33 
33 33 
33 33 
34 34 
34 34 
35 35 
36 36 
36 36 
36 36 
36 37 
37 37 
37 37 
37 38 
38 38 
39 39 
39 39 
39 39 
40 40 
40 41 
41 41 
41 41 
42 42 
42 42 
42 43 
43 43 
43 44 
45 45 
45 45 
45 46 
46 46 
46 46 
47 47 
47 47 
47 47 
48 48 
48 49 
49 50 
50 50 
50 51 
51 51 
51 52 
52 53 
53 53 
54 54 
54 55 
55 55 
55 56 
57 57 
57 58 
58 58 
59 59 
59 61 
61 62 
62 62 
63 63 
63 63 
64 64 
64 64 
65 65 
65 65 
66 66 
67 67 
67 67 
68 69 
69 69 
70 71 
71 71 
72 72 
72 72 
73 73 
73 73 
74 74 
75 75 
75 75 
75 75 
75 75 
75 76 
78 78 
78 78 
78 79 
79 80 
80 80 
81 81 
81 82 
82 82 
82 83 
84 84 
85 85 
85 85 
85 86 
86 86 
86 87 
87 87 
87 87 
88 88 
88 88 
88 89 
89 89 
90 90 
91 91 
91 91 
92 93 
93 93 
94 95 
95 95 
95 96 
97 97 
97 97 
97 97 
98 98 
99 99 
100 100 
100 101 
102 102 
103 103 
104 104 
104 105 
105 106 
106 106 
107 107 
107 107 
107 108 
108 108 
108 109 
109 109 
109 109 
109 109 
110 110 
110 110 
111 111 
111 111 
111 111 
112 113 
113 113 
113 113 
114 114 
114 114 
115 116 
116 117 
117 118 
118 118 
119 119 
119 120 
120 120 
120 121 
121 121 
121 121 
121 121 
122 122 
122 123 
124 124 
125 125 
126 127 
127 128 
129 129 
130 130 
131 132 
132 132 
132 133 
133 134 
134 134 
134 135 
135 135 
135 136 
136 136 
136 136 
136 137 
137 137 
137 138 
138 138 
140 140 
140 141 
141 142 
142 142 
143 143 
143 144 
144 144 
145 145 
145 145 
145 146 
146 146 
146 147 
147 147 
147 148 
148 148 
148 149 
149 149 
149 149 
150 151 
151 152 
152 152 
154 154 
154 154 
154 154 
154 155 
155 155 
156 156 
156 156 
156 156 
157 157 
157 158 
158 159 
159 159 
159 160 
160 160 
160 161 
161 161 
162 162 
162 162 
162 163 
163 164 
164 165 
165 165 
165 165 
165 166 
166 166 
166 166 
166 167 
167 167 
167 168 
168 169 
169 169 
169 169 
170 170 
170 170 
170 170 
170 171 
171 171 
172 172 
172 172 
172 172 
172 173 
173 174 
174 174 
175 175 
175 176 
176 176 
177 177 
177 177 
178 178 
178 178 
179 179 
179 179 
179 179 
179 180 
180 181 
181 182 
182 183 
183 183 
183 183 
183 183 
184 184 
184 185 
186 187 
187 187 
187 188 
188 188 
188 189 
189 189 
189 189 
189 189 
189 190 
190 190 
190 191 
191 191 
191 191 
192 192 
192 192 
193 193 
193 194 
194 194 
196 196 
196 196 
197 197 
197 197 
198 198 
198 199 
200 200 
201 201 
201 201 
201 202 
202 202 
203 203 
203 204 
204 204 
204 204 
205 205 
205 205 
205 206 
207 207 
209 210 
210 210 
210 210 
210 210 
211 211 
211 213 
214 214 
214 214 
215 215 
216 216 
216 217 
217 217 
217 218 
218 218 
218 219 
219 220 
220 221 
221 221 
221 221 
221 222 
222 222 
223 223 
224 224 
224 224 
224 224 
225 226 
226 226 
226 226 
227 227 
227 228 
228 228 
229 230 
230 230 
230 231 
231 231 
231 232 
233 233 
233 233 
234 234 
234 235 
235 235 
235 235 
235 236 
236 236 
237 237 
237 237 
237 238 
238 239 
239 239 
240 240 
240 240 
241 241 
241 241 
242 242 
243 243 
243 243 
243 244 
244 244 
244 245 
245 245 
245 245 
245 246 
246 247 
247 247 
247 248 
248 249 
249 249 
250 250 
250 251 
251 251 
251 252 
252 252 
252 253 
253 253 
253 253 
254 254 
255 256 
257 258 
258 258 
258 259 
259 260 
260 261 
261 261 
261 262 
263 263 
263 263 
265 266 
266 266 
267 267 
268 268 
269 269 
270 270 
271 271 
271 271 
272 273 
273 273 
274 275 
276 276 
276 277 
277 278 
278 279 
279 279 
279 279 
280 280 
280 280 
280 281 
281 281 
281 281 
282 283 
283 283 
283 284 
284 284 
284 284 
285 285 
285 285 
286 286 
286 287 
287 287 
287 287 
288 289 
289 289 
290 291 
291 291 
291 292 
292 292 
292 292 
292 292 
293 293 
293 294 
294 296 
297 297 
297 297 
298 298 
299 300 
300 300 
301 301 
301 302 
302 302 
302 302 
302 303 
303 303 
303 303 
304 304 
304 305 
305 305 
305 305 
306 306 
306 307 
307 307 
307 307 
307 307 
307 308 
308 308 
308 309 
309 309 
309 309 
309 309 
310 310 
311 311 
311 311 
312 312 
312 312 
312 313 
314 314 
314 314 
315 315 
315 315 
316 317 
318 318 
318 319 
319 319 
320 320 
320 320 
321 322 
322 322 
323 323 
323 323 
324 324 
324 324 
324 324 
325 325 
325 326 
326 326 
326 326 
326 326 
327 327 
327 327 
327 327 
328 328 
328 328 
329 329 
330 330 
330 331 
331 331 
331 332 
333 333 
333 333 
333 334 
334 335 
335 335 
335 335 
335 335 
335 337 
338 338 
339 340 
340 340 
340 340 
341 341 
341 341 
341 342 
342 343 
345 345 
345 345 
347 347 
347 347 
347 348 
348 349 
349 349 
349 349 
349 350 
350 350 
350 350 
351 351 
352 352 
353 353 
353 353 
353 354 
354 356 
356 356 
357 357 
357 357 
357 358 
359 359 
359 360 
361 361 
361 362 
362 362 
363 363 
363 363 
364 364 
364 364 
365 365 
366 366 
366 367 
367 368 
368 370 
370 370 
370 370 
371 371 
371 372 
372 372 
372 373 
373 373 
374 374 
374 375 
375 375 
376 376 
376 377 
378 378 
379 379 
380 380 
380 381 
381 381 
381 381 
381 382 
382 382 
382 383 
383 384 
384 384 
384 385 
385 385 
385 386 
386 387 
387 388 
388 388 
389 390 
390 390 
391 391 
391 391 
392 392 
392 393 
393 393 
393 394 
394 394 
395 395 
395 395 
395 395 
396 397 
397 397 
398 398 
399 399 
399 399 
400 400 
400 400 
400 400 
401 401 
402 402 
402 402 
403 403 
403 404 
404 404 
404 405 
405 405 
405 406 
406 406 
407 407 
408 409 
409 409 
410 410 
411 411 
412 412 
413 413 
413 415 
415 416 
416 416 
416 417 
417 417 
417 418 
418 418 
418 418 
418 419 
419 420 
420 420 
420 422 
422 423 
423 423 
424 424 
424 424 
424 425 
425 426 
426 426 
426 427 
427 428 
428 428 
428 429 
429 429 
429 429 
430 430 
430 430 
431 431 
431 431 
431 432 
432 433 
434 435 
436 436 
436 436 
436 437 
437 437 
438 438 
439 439 
439 440 
441 442 
442 442 
442 442 
442 443 
443 443 
443 443 
443 444 
444 445 
445 445 
445 446 
446 446 
446 446 
447 447 
447 447 
448 448 
448 448 
449 449 
449 449 
449 449 
449 449 
450 450 
450 450 
451 451 
451 451 
451 452 
453 453 
453 453 
454 455 
455 455 
455 455 
455 456 
456 456 
456 457 
457 457 
457 458 
458 459 
459 459 
460 461 
462 463 
463 463 
464 465 
466 466 
466 467 
468 468 
468 468 
468 468 
468 469 
469 469 
469 469 
469 470 
470 470 
470 470 
470 470 
471 471 
472 472 
473 473 
473 473 
473 474 
474 475 
475 476 
476 477 
477 477 
477 477 
478 478 
478 479 
479 479 
479 479 
479 480 
480 481 
481 481 
482 482 
482 483 
484 484 
485 485 
486 487 
487 488 
488 488 
489 489 
489 489 
490 491 
491 491 
491 491 
492 492 
493 493 
493 493 
493 494 
494 495 
495 495 
496 497 
497 497 
497 497 
498 498 
498 498 
498 499 
500 500 
500 500 
500 501 
501 501 
503 503 
503 503 
504 504 
504 505 
505 505 
506 506 
506 507 
508 508 
509 509 
509 509 
509 510 
510 511 
512 512 
513 514 
514 515 
515 515 
515 515 
516 516 
516 516 
516 516 
516 517 
517 519 
519 519 
520 520 
520 520 
520 520 
521 521 
522 523 
523 523 
523 524 
524 524 
525 525 
525 525 
525 526 
526 526 
526 527 
527 527 
527 529 
530 530 
531 531 
531 532 
532 532 
532 532 
532 533 
533 533 
534 534 
534 534 
535 535 
536 536 
536 536 
536 536 
536 537 
538 539 
539 540 
540 541 
541 541 
541 541 
542 542 
543 544 
544 544 
545 545 
545 545 
545 545 
546 547 
547 547 
547 548 
548 548 
548 549 
549 550 
550 551 
551 551 
552 552 
552 552 
553 553 
553 554 
554 554 
554 554 
555 555 
556 556 
556 556 
556 557 
557 557 
559 560 
560 560 
560 561 
561 561 
561 562 
563 563 
563 564 
564 564 
565 566 
566 566 
566 566 
567 567 
567 568 
568 569 
569 569 
569 570 
570 570 
570 570 
571 571 
571 572 
572 572 
572 573 
573 573 
573 574 
574 574 
574 574 
575 575 
575 576 
576 577 
577 577 
579 579 
579 579 
579 581 
581 581 
581 581 
581 582 
583 583 
584 584 
584 585 
585 585 
586 586 
587 587 
587 587 
588 588 
588 589 
589 589 
589 590 
590 591 
591 591 
591 591 
592 593 
594 594 
594 594 
594 595 
595 595 
597 597 
597 598 
598 598 
598 598 
598 598 
599 599 
599 599 
600 600 
602 603 
604 604 
604 604 
604 605 
605 605 
605 605 
607 607 
608 608 
609 610 
610 610 
610 611 
611 611 
612 612 
613 614 
614 614 
615 615 
615 615 
615 615 
617 617 
619 620 
620 620 
620 621 
621 621 
621 621 
621 622 
622 622 
623 623 
623 624 
625 625 
625 626 
627 627 
628 628 
628 628 
629 629 
629 630 
630 630 
631 631 
631 632 
633 633 
633 633 
634 634 
636 637 
637 638 
638 638 
638 639 
639 639 
640 640 
640 640 
640 640 
640 640 
641 641 
641 641 
641 642 
642 642 
642 642 
643 644 
644 645 
645 646 
647 647 
647 647 
648 648 
649 649 
649 649 
650 651 
651 651 
652 652 
652 652 
652 653 
653 654 
654 655 
655 655 
655 656 
656 656 
657 658 
658 658 
659 659 
660 660 
661 661 
661 661 
661 661 
662 662 
663 663 
663 663 
663 664 
664 665 
665 665 
665 666 
666 666 
667 667 
668 669 
669 669 
670 670 
670 671 
671 671 
671 672 
673 673 
673 674 
674 674 
674 674 
675 675 
675 675 
675 675 
675 676 
676 676 
677 677 
677 677 
678 678 
678 678 
679 679 
680 680 
680 681 
681 682 
682 682 
682 683 
683 683 
684 684 
684 684 
686 686 
687 687 
688 688 
689 689 
689 689 
690 690 
691 691 
691 692 
692 692 
693 694 
695 695 
695 695 
695 696 
696 696 
697 697 
698 698 
699 699 
700 700 
700 701 
701 701 
702 702 
703 703 
703 704 
704 704 
704 704 
704 704 
705 705 
705 705 
706 707 
709 710 
710 710 
711 711 
711 711 
711 711 
711 713 
714 714 
714 714 
715 715 
716 716 
716 717 
717 717 
717 718 
718 718 
718 719 
719 719 
720 720 
720 721 
722 722 
723 724 
724 724 
724 725 
725 725 
726 727 
727 727 
728 728 
728 728 
729 729 
729 729 
730 730 
731 731 
731 732 
732 732 
732 733 
734 734 
735 736 
736 736 
737 738 
738 738 
738 739 
739 739 
739 739 
740 741 
741 741 
741 741 
742 742 
744 744 
745 745 
746 746 
747 747 
747 747 
747 748 
748 748 
748 749 
749 749 
749 749 
749 749 
750 750 
750 750 
751 751 
752 752 
752 753 
754 754 
754 754 
755 755 
755 756 
756 756 
756 757 
757 757 
757 758 
758 758 
760 760 
760 761 
761 761 
762 762 
762 762 
763 764 
764 764 
764 764 
765 767 
767 768 
768 768 
768 768 
769 769 
769 769 
769 769 
770 770 
771 771 
771 772 
772 772 
772 772 
772 773 
773 773 
775 775 
775 775 
775 776 
776 776 
776 777 
777 778 
778 778 
778 779 
779 779 
779 780 
780 781 
781 781 
781 782 
783 783 
783 784 
785 785 
785 786 
786 787 
787 788 
788 789 
790 790 
791 791 
791 791 
792 793 
793 793 
794 794 
795 795 
795 795 
796 796 
797 798 
798 798 
799 799 
800 800 
800 801 
801 801 
802 802 
802 802 
803 804 
805 805 
805 806 
806 806 
806 807 
807 807 
808 808 
808 810 
810 811 
811 811 
811 811 
812 812 
813 814 
814 814 
814 814 
814 815 
815 815 
815 816 
816 817 
818 819 
819 819 
820 820 
821 821 
822 822 
822 822 
822 823 
824 824 
824 824 
825 825 
826 826 
826 827 
828 828 
828 828 
828 829 
830 831 
831 831 
831 832 
832 832 
833 833 
833 833 
834 834 
834 836 
836 836 
837 837 
837 838 
838 839 
839 839 
840 840 
840 840 
841 841 
841 841 
841 842 
843 845 
845 846 
846 846 
846 846 
846 847 
847 847 
849 849 
849 850 
850 850 
851 851 
851 851 
852 852 
853 854 
854 854 
854 855 
855 856 
856 857 
857 857 
859 859 
860 860 
860 861 
861 861 
861 861 
862 862 
862 863 
864 864 
864 864 
865 865 
865 865 
865 866 
866 866 
867 868 
868 869 
869 869 
869 869 
870 871 
871 871 
871 872 
872 872 
872 873 
873 875 
875 875 
875 876 
876 876 
877 877 
877 878 
878 878 
879 879 
879 881 
881 882 
882 882 
882 883 
884 884 
884 885 
885 885 
887 887 
887 888 
888 888 
889 890 
890 892 
892 893 
893 893 
893 894 
894 895 
896 896 
896 896 
897 897 
897 898 
898 898 
898 898 
899 899 
899 899 
899 900 
900 900 
901 901 
901 902 
903 904 
904 905 
905 906 
906 906 
906 907 
907 907 
907 907 
909 909 
909 910 
910 910 
910 910 
911 912 
912 912 
913 913 
914 914 
914 914 
915 915 
915 916 
916 917 
917 918 
918 919 
919 920 
920 920 
921 921 
921 922 
922 922 
922 922 
923 923 
924 924 
924 924 
924 925 
925 925 
926 926 
926 926 
926 927 
927 927 
927 928 
928 928 
928 928 
928 928 
929 929 
929 930 
930 930 
931 931 
932 932 
932 932 
932 933 
933 933 
933 934 
935 935 
935 935 
935 936 
936 936 
936 936 
936 936 
937 937 
937 938 
939 939 
940 940 
940 941 
941 942 
942 942 
943 943 
943 944 
944 945 
946 946 
946 947 
947 947 
948 948 
948 949 
950 950 
950 950 
951 951 
951 951 
951 951 
951 952 
952 952 
952 953 
953 954 
954 954 
955 955 
955 955 
955 955 
956 956 
956 957 
957 957 
957 958 
959 959 
959 960 
960 960 
961 961 
962 962 
963 963 
963 963 
963 964 
964 964 
965 965 
966 966 
966 967 
967 967 
967 967 
967 968 
968 969 
969 969 
970 970 
970 970 
970 971 
972 972 
972 972 
973 973 
973 973 
973 973 
974 974 
974 974 
975 975 
976 976 
976 976 
976 976 
976 976 
976 977 
977 977 
977 977 
978 978 
978 978 
978 979 
979 980 
981 981 
981 982 
983 983 
983 983 
983 983 
983 983 
984 984 
984 984 
985 985 
985 986 
986 986 
987 987 
987 987 
988 988 
988 988 
989 989 
990 990 
990 990 
990 990 
991 991 
991 991 
992 992 
992 992 
993 993 
994 996 
996 997 
997 998 
999 999 
999 1000 
1000 1000 
65 143 
172 393 
474 520 
664 218 
551 637 
757 770 
183 340 
347 393 
972 36 
349 509 
927 252 
584 27 
429 815 
906 222 
327 431 
363 905 
924 477 
565 26 
105 377 
556 751 
495 520 
928 224 
393 320 
324 620 
250 571 
41 841 
24 847 
138 204 
890 935 
21 416 
739 850 
851 470 
604 14 
259 386 
572 633 
729 10 
224 938 
337 825 
509 681 
597 97 
123 142 
271 319 
849 984 
74 109 
174 516 
169 570 
7 545 
560 676 
705 922 
944 249 
394 470 
640 680 
719 312 
479 532 
623 641 
665 673 
831 861 
211 283 
514 20 
432 581 
671 991 
82 367 
500 739 
984 47 
447 683 
728 189 
200 357 
564 630 
988 276 
479 589 
675 747 
43 181 
202 675 
862 1000 
177 394 
572 52 
145 176 
197 888 
973 72 
89 159 
308 49 
896 193 
720 946 
287 898 
927 399 
443 563 
629 756 
135 779 
794 104 
442 652 
359 721 
916 698 
779 170 
292 900 
172 226 
569 642 
134 269 
353 512 
1 826 
873 943 
134 228 
218 221 
335 609 
95 145 
284 988 
78 169 
376 408 
51 324 
555 885 
167 447 
510 990 
34 469 
201 228 
271 579 
717 799 
851 924 
981 463 
70 133 
183 338 
860 587 
869 85 
363 689 
110 329 
824 42 
191 933 
983 534 
213 475 
80 423 
504 656 
778 379 
569 704 
933 305 
315 455 
610 918 
165 370 
534 757 
952 51 
97 701 
168 401 
340 483 
652 892 
237 349 
628 833 
899 68 
113 155 
202 271 
33 89 
183 293 
380 520 
280 557 
240 773 
187 448 
655 974 
273 354 
605 700 
58 157 
512 14 
245 140 
725 832 
190 281 
758 811 
951 417 
497 718 
800 34 
253 309 
311 587 
676 811 
81 372 
373 484 
501 663 
678 735 
828 896 
151 95 
198 250 
541 936 
233 772 
838 996 
869 166 
946 391 
963 677 
678 935 
385 468 
581 173 
871 901 
954 143 
340 407 
453 516 
714 960 
399 661 
738 33 
536 941 
640 769 
670 638 
762 796 
130 262 
129 923 
581 241 
467 469 
852 78 
479 64 
66 167 
661 57 
350 468 
595 501 
570 573 
689 724 
950 172 
459 637 
732 22 
163 742 
106 240 
727 309 
772 33 
749 963 
1 121 
263 170 
865 871 
49 69 
246 430 
750 255 
678 688 
801 541 
629 677 
953 303 
536 591 
986 266 
331 532 
859 947 
956 112 
364 604 
875 882 
221 357 
544 564 
776 828 
963 95 
209 600 
325 598 
633 841 
940 968 
104 402 
489 449 
915 51 
381 747 
845 628 
667 726 
753 164 
415 555 
453 715 
716 872 
910 138 
348 161 
973 88 
169 302 
441 947 
983 116 
205 308 
331 524 
572 73 
134 733 
876 90 
253 35 
71 165 
746 854 
62 144 
252 620 
649 875 
888 187 
673 847 
1 63 
137 717 
925 955 
1000 120 
991 34 
249 378 
246 747 
782 50 
268 391 
48 333 
468 864 
575 657 
660 755 
183 395 
550 769 
781 851 
864 928 
976 47 
429 300 
458 6 
78 97 
179 233 
896 928 
326 500 
826 749 
508 100 
171 452 
647 291 
294 551 
713 44 
245 275 
382 460 
501 571 
816 107 
419 740 
872 82 
239 424 
552 976 
204 442 
790 983 
53 417 
976 285 
840 911 
241 563 
636 747 
50 243 
550 651 
113 413 
738 385 
45 989 
75 498 
695 926 
932 47 
95 405 
450 503 
935 22 
192 237 
426 719 
166 229 
260 416 
919 573 
305 332 
155 279 
397 579 
617 653 
972 981 
40 615 
640 84 
642 674 
846 881 
309 401 
245 640 
990 293 
445 854 
935 4 
67 494 
958 488 
768 493 
862 67 
154 375 
404 831 
984 11 
468 696 
667 672 
17 27 
540 604 
871 952 
999 63 
718 732 
776 969 
326 362 
639 66 
75 481 
205 554 
598 819 
990 396 
532 730 
928 242 
114 183 
475 699 
608 775 
868 386 
599 725 
727 771 
998 325 
705 924 
92 204 
374 438 
902 289 
967 191 
283 465 
99 140 
477 929 
132 196 
479 762 
232 243 
197 242 
585 802 
899 279 
498 893 
924 105 
189 216 
322 926 
955 145 
175 265 
292 519 
837 769 
993 37 
174 658 
19 113 
422 563 
777 786 
852 9 
170 527 
640 109 
168 333 
342 527 
376 904 
146 397 
424 498 
552 747 
973 26 
456 205 
781 312 
350 470 
864 129 
143 485 
687 840 
247 149 
827 947 
365 654 
176 503 
64 364 
443 905 
33 75 
96 358 
516 102 
307 907 
585 189 
46 545 
705 801 
932 570 
784 210 
244 448 
525 749 
98 462 
662 802 
987 107 
284 402 
428 701 
816 40 
239 306 
326 69 
281 294 
361 411 
194 398 
526 561 
615 883 
930 54 
404 598 
617 894 
833 238 
326 814 
425 188 
345 450 
547 62 
247 387 
485 795 
855 921 
97 217 
357 188 
284 587 
559 783 
810 814 
831 849 
301 182 
380 477 
299 807 
882 165 
515 620 
655 737 
925 148 
490 542 
789 876 
588 921 
936 87 
207 335 
682 926 
283 833 
933 273 
362 409 
508 566 
640 729 
795 51 
166 566 
932 109 
141 215 
526 527 
719 951 
393 451 
109 504 
631 695 
38 261 
314 415 
957 731 
312 381 
530 957 
87 567 
595 641 
976 505 
380 670 
722 33 
545 907 
18 599 
754 846 
634 245 
579 652 
625 755 
770 783 
18 72 
591 633 
666 832 
156 236 
718 184 
227 283 
289 500 
576 826 
11 514 
570 764 
812 865 
431 744 
749 754 
81 703 
641 860 
999 149 
166 334 
519 207 
177 253 
446 573 
587 331 
570 67 
305 392 
418 859 
950 955 
983 28 
78 638 
468 6 
91 121 
749 967 
392 614 
775 950 
991 253 
647 468 
291 372 
603 668 
6 491 
599 627 
893 163 
544 7 
93 405 
449 704 
960 135 
261 468 
547 659 
424 626 
368 762 
64 430 
548 940 
978 102 
525 479 
607 872 
45 154 
293 791 
976 271 
59 391 
942 534 
284 541 
666 227 
307 724 
12 80 
532 710 
151 269 
515 969 
267 383 
545 679 
763 42 
406 352 
560 88 
443 633 
798 914 
461 702 
850 110 
345 444 
554 110 
547 711 
237 439 
482 221 
470 605 
71 254 
446 14 
174 881 
86 730 
97 300 
318 159 
314 455 
711 917 
933 189 
436 574 
979 365 
701 397 
516 899 
996 119 
199 478 
900 26 
235 292 
500 666 
871 914 
791 525 
590 658 
117 176 
359 992 
335 341 
488 1 
6 17 
310 37 
48 846 
179 470 
943 956 
973 990 
231 210 
256 384 
285 704 
55 122 
625 934 
523 597 
629 692 
841 861 
90 215 
157 281 
805 857 
604 898 
1000 221 
287 802 
975 202 
349 684 
974 367 
459 682 
121 442 
71 307 
815 997 
913 965 
284 533 
451 683 
198 573 
856 161 
312 24 
205 773 
895 108 
193 509 
946 335 
429 521 
718 793 
849 190 
892 623 
838 839 
953 250 
791 85 
561 829 
191 257 
351 597 
689 290 
961 204 
484 615 
661 768 
939 281 
489 786 
963 10 
181 418 
540 751 
145 353 
627 739 
11 328 
546 604 
983 41 
621 741 
785 548 
382 641 
656 725 
974 532 
647 856 
237 621 
374 560 
687 549 
165 58 
192 407 
647 762 
778 55 
270 370 
598 840 
956 372 
658 217 
547 674 
976 333 
376 535 
553 936 
43 73 
516 767 
100 279 
575 724 
158 349 
455 466 
644 662 
696 925 
203 291 
564 936 
310 412 
482 651 
754 187 
121 162 
473 783 
967 87 
381 449 
567 736 
773 259 
500 822 
985 472 
533 696 
935 182 
814 137 
406 772 
189 371 
280 76 
594 990 
901 239 
449 589 
738 132 
119 135 
177 222 
339 343 
350 74 
132 515 
738 853 
910 25 
37 261 
375 395 
489 824 
764 771 
457 524 
453 492 
671 675 
837 2 
731 84 
233 692 
959 13 
240 300 
539 594 
385 582 
828 38 
46 133 
241 356 
877 532 
697 228 
732 915 
374 451 
674 91 
110 426 
263 292 
567 941 
955 219 
392 975 
157 428 
470 910 
303 347 
554 754 
775 973 
473 686 
220 542 
581 625 
988 218 
833 15 
623 728 
699 108 
673 690 
966 988 
201 244 
258 503 
901 523 
42 184 
326 387 
456 111 
136 189 
203 268 
498 748 
85 311 
876 317 
760 857 
605 729 
994 519 
186 307 
7 30 
417 887 
964 73 
882 830 
64 104 
965 40 
327 302 
364 469 
610 866 
34 121 
272 384 
447 549 
893 778 
952 247 
331 507 
2 16 
97 674 
811 875 
418 653 
899 400 
499 631 
686 166 
472 863 
279 354 
390 557 
752 285 
309 600 
931 252 
253 309 
870 584 
314 638 
594 951 
977 38 
149 231 
363 437 
480 411 
457 704 
83 88 
360 574 
446 705 
124 148 
593 621 
805 897 
955 907 
926 477 
717 224 
429 113 
147 361 
736 806 
303 493 
972 154 
348 639 
36 276 
319 366 
746 951 
431 291 
350 373 
445 353 
435 615 
989 440 
516 179 
197 4 
188 822 
191 258 
610 714 
446 805 
872 230 
372 491 
734 796 
72 161 
14 585 
703 882 
967 98 
525 769 
297 36 
368 439 
736 285 
423 716 
992 893 
55 196 
251 45 
154 450 
13 307 
308 674 
879 915 
315 455 
486 772 
993 63 
86 742 
928 35 
136 278 
327 334 
19 189 
927 26 
48 166 
878 136 
206 333 
413 382 
534 643 
793 912 
178 448 
679 326 
750 588 
631 785 
75 210 
322 583 
697 41 
119 131 
493 978 
985 478 
579 608 
9 529 
866 243 
274 556 
884 983 
79 109 
296 333 
304 577 
612 46 
466 702 
711 390 
605 148 
324 683 
695 950 
640 536 
463 477 
531 814 
861 135 
315 682 
31 400 
424 156 
230 287 
443 709 
932 983 
235 320 
347 864 
155 526 
884 345 
25 152 
224 403 
431 103 
375 506 
590 621 
356 811 
234 583 
67 87 
515 552 
768 781 
787 980 
588 622 
940 341 
846 887 
211 286 
426 548 
628 669 
210 287 
943 18 
170 302 
954 432 
438 536 
605 704 
932 612 
741 955 
39 420 
495 819 
323 399 
493 351 
347 430 
93 160 
615 676 
55 147 
400 45 
769 795 
311 523 
577 710 
26 156 
324 370 
321 761 
196 4 
137 127 
338 530 
815 227 
544 964 
37 125 
211 216 
252 307 
592 937 
39 315 
330 436 
744 63 
214 665 
959 978 
574 449 
969 788 
828 714 
187 342 
437 442 
850 896 
170 760 
894 986 
936 197 
451 970 
58 91 
322 724 
906 210 
521 267 
845 100 
302 695 
867 85 
436 971 
178 249 
390 444 
350 923 
178 914 
122 134 
426 711 
715 903 
280 449 
111 732 
912 970 
977 2 
907 39 
642 788 
931 324 
361 388 
160 223 
345 615 
836 868 
126 318 
749 41 
473 775 
790 223 
39 171 
497 214 
445 482 
520 566 
46 47 
473 765 
771 824 
851 36 
109 628 
118 147 
711 977 
111 118 
146 727 
366 575 
37 862 
936 30 
878 305 
406 595 
808 43 
412 591 
405 803 
807 888 
492 523 
263 439 
146 963 
80 136 
424 964 
497 748 
814 877 
976 400 
476 807 
764 779 
201 311 
591 655 
749 222 
449 457 
480 579 
61 704 
233 496 
103 758 
978 89 
281 383 
371 589 
329 556 
837 86 
349 398 
533 621 
698 922 
36 236 
276 535 
847 800 
598 363 
632 897 
373 381 
589 661 
677 734 
887 188 
121 552 
646 987 
162 661 
162 561 
897 75 
172 539 
798 108 
226 325 
418 37 
204 309 
53 921 
992 59 
318 866 
928 136 
362 448 
652 106 
235 436 
160 140 
235 678 
43 495 
962 987 
26 307 
506 758 
231 379 
313 474 
854 137 
226 481 
663 167 
554 711 
111 455 
541 560 
302 122 
198 466 
469 24 
42 430 
810 910 
190 433 
622 836 
952 966 
138 569 
328 641 
755 818 
169 545 
46 159 
175 196 
258 503 
690 976 
991 142 
185 279 
328 340 
670 695 
145 576 
962 977 
14 429 
525 785 
825 160 
320 328 
451 491 
178 323 
745 56 
815 869 
889 5 
88 808 
846 107 
700 729 
505 649 
951 634 
769 879 
127 241 
352 442 
366 327 
471 693 
898 900 
675 447 
885 219 
427 610 
806 970 
125 179 
248 557 
630 761 
5 323 
235 471 
675 114 
141 459 
568 823 
928 99 
416 455 
234 341 
491 671 
918 154 
226 970 
999 251 
942 85 
442 517 
798 57 
61 694 
974 787 
898 179 
260 611 
840 175 
297 323 
453 278 
434 577 
752 251 
428 611 
780 645 
665 303 
192 671 
357 389 
422 967 
948 418 
574 828 
57 875 
292 307 
630 878 
128 554 
979 370 
717 778 
75 984 
108 707 
865 146 
277 861 
243 280 
404 916 
684 937 
402 536 
553 541 
768 922 
982 301 
684 692 
682 757 
948 297 
739 107 
109 520 
607 819 
327 937 
910 289 
297 458 
594 691 
865 10 
409 638 
756 189 
282 834 
745 230 
624 811 
821 976 
820 948 
456 551 
860 930 
939 772 
81 470 
675 909 
28 752 
65 184 
326 266 
111 154 
478 645 
793 423 
511 39 
221 298 
936 106 
324 843 
93 288 
306 494 
817 909 
920 669 
741 869 
247 473 
703 114 
420 420 
906 997 
194 263 
443 781 
20 156 
400 842 
960 841 
832 159 
654 214 
320 394 
614 757 
942 21 
171 706 
33 298 
418 24 
371 648 
24 75 
179 675 
132 251 
469 169 
217 731 
978 292 
966 413 
437 402 
505 890 
149 335 
78 330 
822 39 
400 594 
801 914 
47 220 
680 524 
177 179 
261 599 
144 327 
800 814 
899 515 
584 722 
655 234 
669 79 
115 756 
836 967 
527 120 
144 224 
388 162 
190 356 
553 65 
968 152 
170 520 
794 167 
303 504 
479 691 
922 572 
681 795 
566 761 
957 214 
378 152 
301 510 
556 286 
586 602 
929 72 
767 920 
509 614 
711 50 
170 684 
756 22 
857 91 
419 244 
347 516 
562 287 
649 416 
52 111 
183 648 
536 710 
716 54 
403 764 
780 957 
94 243 
384 522 
865 62 
385 764 
120 464 
498 237 
661 254 
961 12 
270 10 
652 839 
912 273 
319 537 
664 992 
824 834 
951 162 
469 489 
739 813 
194 574 
663 906 
410 973 
370 388 
660 861 
158 481 
566 59 
802 381 
926 87 
775 205 
986 834 
885 949 
292 304 
720 36 
704 806 
877 945 
130 659 
12 75 
236 244 
983 172 
302 449 
201 245 
305 538 
917 7 
54 571 
987 16 
180 183 
231 569 
723 772 
240 884 
951 286 
822 990 
526 665 
201 277 
308 598 
621 82 
86 306 
381 399 
23 118 
203 217 
457 113 
304 446 
450 650 
680 831 
640 804 
812 27 
427 822 
156 353 
613 124 
487 359 
777 846 
65 395 
619 36 
977 922 
53 116 
417 149 
165 266 
792 808 
821 920 
136 335 
341 591 
107 309 
531 545 
760 909 
929 88 
224 517 
741 147 
420 120 
620 985 
172 245 
335 487 
536 622 
150 395 
443 312 
314 879 
898 218 
476 642 
981 121 
349 841 
425 904 
728 750 
117 142 
154 428 
688 509 
639 689 
410 513 
497 741 
855 238 
340 454 
556 791 
869 156 
873 226 
364 644 
651 663 
768 776 
972 656 
6 210 
543 970 
50 164 
258 395 
491 913 
101 405 
436 779 
404 488 
180 191 
193 316 
357 445 
691 748 
820 531 
663 677 
750 944 
353 581 
642 700 
854 382 
797 611 
75 210 
959 806 
82 165 
192 335 
431 586 
598 924 
33 42 
221 799 
456 581 
954 148 
649 919 
280 714 
728 927 
45 69 
493 497 
200 548 
73 216 
230 395 
463 930 
41 173 
341 748 
391 561 
720 907 
248 568 
506 114 
384 409 
839 235 
225 330 
776 47 
172 403 
