1 2 
2 2 
2 2 
2 2 
3 3 
3 3 
4 5 
5 5 
6 7 
7 7 
7 8 
8 8 
8 9 
10 10 
10 10 
11 11 
11 11 
11 11 
12 12 
12 13 
13 13 
14 14 
14 15 
17 17 
17 17 
17 17 
18 19 
19 19 
19 19 
20 21 
21 21 
22 22 
22 23 
24 24 
25 25 
25 25 
26 27 
27 27 
28 28 
30 31 
31 31 
31 31 
31 31 
32 33 
33 33 
33 33 
34 35 
35 35 
35 35 
35 35 
36 36 
36 37 
37 37 
38 38 
38 38 
38 39 
39 40 
40 41 
41 41 
42 42 
42 42 
44 44 
44 44 
44 45 
45 45 
46 46 
46 46 
46 47 
47 47 
48 49 
49 49 
50 50 
50 51 
51 51 
52 52 
52 53 
53 54 
54 54 
54 54 
55 55 
55 55 
55 57 
57 57 
57 58 
58 58 
59 60 
61 61 
61 61 
62 62 
63 63 
63 64 
64 65 
65 66 
66 66 
66 66 
67 68 
68 68 
68 69 
69 69 
69 69 
69 70 
70 71 
72 72 
73 73 
73 73 
74 75 
75 75 
76 77 
77 77 
77 77 
77 78 
79 79 
80 80 
80 80 
80 80 
81 82 
83 83 
83 84 
84 85 
86 86 
87 87 
87 88 
88 88 
88 88 
88 88 
90 90 
90 91 
91 91 
92 92 
92 93 
93 93 
93 93 
93 94 
94 94 
95 95 
95 96 
96 96 
97 97 
97 97 
98 98 
98 98 
99 99 
99 99 
99 100 
100 100 
101 101 
101 101 
102 103 
103 103 
104 104 
104 104 
104 105 
105 105 
105 106 
106 106 
106 107 
108 108 
108 108 
108 109 
109 109 
109 109 
110 110 
110 110 
110 111 
111 112 
112 112 
112 113 
114 114 
114 114 
114 114 
114 116 
116 116 
116 117 
117 117 
118 118 
120 120 
120 120 
120 120 
121 121 
122 122 
123 123 
123 123 
123 123 
123 124 
124 124 
124 124 
124 124 
125 125 
125 125 
126 126 
126 126 
126 127 
127 127 
129 129 
129 130 
130 130 
130 130 
131 131 
131 131 
131 131 
132 132 
132 133 
133 134 
135 135 
135 135 
135 136 
136 137 
137 137 
137 137 
138 138 
138 139 
139 139 
139 140 
140 141 
141 141 
142 143 
143 144 
145 146 
146 146 
146 146 
147 147 
147 147 
147 147 
148 149 
149 149 
150 151 
151 153 
154 154 
154 155 
155 155 
156 156 
156 156 
156 156 
157 157 
157 157 
157 157 
157 157 
158 158 
159 159 
159 160 
161 161 
161 161 
162 162 
162 162 
162 163 
163 163 
163 164 
164 164 
164 164 
165 165 
165 165 
165 166 
167 167 
167 167 
167 167 
168 168 
168 169 
169 169 
170 171 
171 172 
174 174 
175 175 
175 175 
175 176 
176 177 
177 178 
178 178 
178 179 
179 179 
179 179 
179 179 
181 181 
181 181 
182 182 
182 182 
183 183 
183 184 
185 185 
185 185 
186 186 
186 186 
187 187 
187 188 
188 188 
188 189 
189 189 
189 189 
189 190 
190 190 
190 191 
191 192 
192 193 
193 193 
193 194 
194 195 
195 196 
196 197 
197 198 
198 198 
198 199 
200 200 
200 200 
201 201 
201 201 
202 202 
202 203 
203 203 
203 204 
204 204 
204 204 
204 204 
205 206 
206 207 
207 208 
208 208 
208 209 
209 209 
210 210 
210 210 
210 211 
213 213 
214 215 
215 215 
215 215 
216 217 
217 217 
218 218 
218 218 
218 219 
219 220 
220 220 
220 220 
221 221 
221 221 
222 222 
222 222 
223 223 
223 223 
224 224 
224 225 
225 225 
225 225 
226 226 
226 227 
227 227 
228 229 
229 229 
230 231 
231 231 
231 231 
232 232 
232 232 
233 234 
234 234 
234 234 
235 236 
236 236 
237 238 
238 239 
239 239 
240 240 
240 241 
241 241 
242 242 
243 243 
243 243 
243 244 
244 245 
245 245 
245 245 
245 246 
246 247 
247 247 
247 248 
248 248 
248 249 
250 250 
250 251 
252 252 
252 252 
253 254 
254 254 
254 254 
255 255 
255 255 
256 256 
256 256 
256 256 
257 257 
257 257 
258 258 
258 259 
260 260 
261 261 
261 261 
261 262 
262 262 
263 263 
263 264 
264 265 
266 266 
266 266 
266 267 
267 267 
267 269 
269 269 
269 269 
269 269 
269 270 
270 270 
270 271 
271 271 
271 271 
272 273 
273 273 
274 274 
274 275 
275 275 
275 276 
276 277 
277 277 
277 278 
278 278 
279 279 
279 279 
279 279 
280 280 
281 281 
281 281 
281 281 
282 282 
283 284 
285 285 
285 285 
285 285 
285 286 
286 286 
286 287 
287 288 
288 289 
289 289 
289 290 
290 290 
291 291 
292 292 
293 293 
294 294 
294 294 
295 295 
295 295 
296 296 
296 296 
296 297 
297 297 
298 299 
299 300 
301 301 
301 301 
301 302 
302 303 
303 303 
303 304 
305 305 
305 305 
306 306 
306 306 
306 307 
307 307 
307 307 
308 309 
309 310 
311 311 
311 312 
313 313 
313 313 
314 314 
314 314 
315 316 
316 316 
317 317 
317 317 
318 318 
318 319 
319 319 
319 319 
319 319 
320 320 
321 321 
321 321 
322 322 
322 322 
322 323 
323 324 
324 324 
325 325 
326 327 
327 327 
328 328 
328 328 
329 329 
329 330 
331 331 
331 331 
331 332 
332 332 
332 332 
333 333 
333 333 
334 334 
334 334 
335 335 
336 336 
336 336 
336 337 
337 337 
337 338 
338 338 
339 339 
339 340 
340 341 
341 341 
341 342 
342 342 
343 343 
344 344 
345 345 
345 345 
345 346 
346 347 
347 347 
349 349 
349 350 
350 351 
352 353 
353 353 
353 354 
354 354 
354 354 
355 355 
356 356 
356 357 
358 358 
358 358 
358 358 
358 359 
359 359 
359 360 
361 361 
361 362 
362 362 
362 362 
362 363 
364 364 
365 365 
365 366 
366 367 
367 367 
367 367 
368 368 
368 368 
369 369 
370 370 
370 371 
371 371 
371 372 
373 374 
374 374 
374 374 
375 375 
375 375 
375 376 
376 376 
377 377 
378 378 
378 378 
378 379 
379 379 
379 379 
381 381 
381 381 
381 381 
381 381 
382 382 
382 382 
382 383 
383 383 
383 383 
384 384 
385 385 
385 385 
385 386 
386 387 
387 387 
388 389 
389 389 
390 391 
391 392 
392 392 
393 393 
393 393 
393 394 
394 395 
395 395 
395 396 
396 396 
396 396 
398 398 
398 398 
398 398 
398 399 
399 400 
400 401 
401 401 
402 403 
403 403 
404 404 
405 405 
405 405 
406 406 
406 407 
407 408 
409 409 
410 410 
410 410 
410 410 
410 410 
410 411 
411 411 
411 411 
411 411 
412 412 
412 412 
413 413 
414 414 
415 415 
415 415 
415 416 
417 418 
418 418 
419 419 
419 419 
419 420 
420 420 
420 421 
421 422 
422 423 
423 423 
424 424 
424 424 
424 424 
425 425 
425 426 
426 426 
427 427 
428 428 
429 429 
430 431 
431 431 
432 432 
432 432 
433 433 
433 433 
433 434 
434 434 
434 434 
435 436 
436 438 
438 438 
439 439 
440 440 
440 441 
441 441 
441 441 
442 442 
443 443 
443 443 
444 444 
444 444 
444 445 
445 445 
445 446 
446 446 
447 448 
448 449 
449 449 
450 450 
450 451 
452 452 
452 453 
454 454 
454 454 
455 455 
455 455 
455 455 
455 456 
456 456 
457 457 
457 457 
457 458 
458 459 
459 460 
460 461 
462 462 
463 463 
464 464 
465 465 
465 466 
466 466 
466 466 
467 467 
468 469 
469 470 
470 470 
470 470 
470 471 
471 471 
471 472 
472 472 
472 472 
472 472 
472 473 
473 474 
474 474 
474 475 
475 475 
475 475 
476 477 
477 477 
477 478 
478 479 
479 479 
480 480 
480 480 
481 481 
481 482 
482 482 
483 483 
483 484 
484 485 
485 486 
486 486 
487 488 
488 489 
489 489 
489 489 
490 491 
491 491 
491 491 
492 492 
492 493 
494 494 
495 495 
496 496 
496 496 
496 496 
496 497 
497 498 
498 498 
498 499 
499 499 
499 500 
501 501 
501 502 
502 502 
502 502 
503 503 
503 504 
504 504 
504 505 
505 505 
506 507 
507 507 
508 508 
508 508 
508 509 
509 509 
510 510 
511 511 
511 512 
512 513 
513 514 
514 514 
515 515 
515 515 
515 516 
516 516 
516 517 
517 517 
518 518 
518 518 
518 519 
521 521 
521 521 
522 522 
522 522 
523 523 
523 523 
523 523 
524 524 
524 524 
524 524 
524 525 
525 525 
525 526 
526 526 
527 527 
527 527 
528 528 
529 530 
530 530 
531 532 
533 533 
533 533 
534 534 
534 535 
535 536 
537 537 
537 537 
537 538 
538 539 
539 539 
540 540 
540 541 
541 542 
542 543 
543 543 
544 544 
544 544 
544 544 
545 546 
546 547 
548 548 
548 548 
549 549 
550 550 
551 551 
551 552 
553 553 
554 554 
554 556 
557 557 
557 557 
558 558 
558 559 
559 559 
559 560 
560 560 
561 561 
561 561 
561 561 
563 563 
563 563 
563 563 
563 564 
565 565 
565 565 
566 566 
566 566 
568 568 
569 569 
570 570 
570 571 
571 573 
573 573 
574 574 
575 575 
576 577 
578 579 
579 579 
580 580 
580 580 
581 582 
582 582 
583 583 
584 584 
584 584 
585 585 
585 585 
586 587 
587 587 
587 587 
588 589 
590 590 
590 592 
592 592 
593 593 
593 593 
594 594 
595 595 
595 595 
595 596 
596 596 
596 597 
597 598 
598 598 
599 599 
599 600 
600 600 
600 601 
601 602 
603 603 
604 604 
605 606 
606 606 
607 608 
608 608 
608 609 
610 610 
610 611 
611 611 
611 613 
613 613 
613 613 
613 613 
614 614 
614 614 
614 614 
614 614 
614 615 
616 616 
616 616 
616 616 
616 617 
617 617 
618 618 
619 619 
619 620 
621 622 
622 622 
623 623 
623 623 
623 624 
624 624 
625 625 
625 625 
625 626 
626 626 
627 629 
629 631 
631 632 
632 633 
633 633 
634 634 
634 634 
634 635 
636 636 
636 636 
637 637 
637 637 
637 637 
637 638 
638 638 
638 639 
639 639 
639 639 
639 639 
640 640 
640 640 
641 641 
641 642 
642 644 
644 644 
644 644 
645 645 
645 645 
645 646 
646 646 
647 647 
647 647 
648 648 
648 649 
649 649 
650 650 
651 651 
652 652 
652 652 
652 653 
653 653 
653 653 
655 655 
655 656 
656 657 
657 657 
657 658 
658 658 
658 658 
658 659 
659 659 
659 659 
659 659 
659 660 
660 660 
660 661 
661 663 
663 664 
664 664 
664 664 
665 666 
666 667 
667 667 
667 667 
668 668 
668 668 
669 669 
669 669 
669 669 
669 670 
670 671 
671 671 
671 671 
672 672 
673 674 
674 674 
674 674 
674 675 
675 675 
675 675 
676 676 
677 677 
678 678 
679 680 
680 680 
680 680 
681 681 
681 683 
683 684 
684 684 
685 685 
685 685 
685 685 
686 686 
686 686 
686 687 
687 687 
687 687 
688 688 
688 688 
689 689 
689 689 
689 690 
690 691 
691 692 
693 693 
693 694 
694 695 
695 695 
696 696 
696 696 
696 697 
697 697 
698 698 
699 700 
700 700 
700 700 
701 701 
702 702 
702 702 
702 704 
704 705 
706 707 
707 708 
709 709 
710 710 
710 710 
710 710 
711 712 
712 712 
713 714 
714 714 
714 714 
715 715 
715 716 
716 716 
717 717 
717 718 
719 719 
719 719 
719 720 
721 721 
721 722 
722 722 
722 722 
722 723 
723 723 
723 723 
723 723 
724 724 
726 726 
727 727 
727 727 
727 728 
728 729 
729 730 
730 730 
730 731 
731 731 
731 731 
732 732 
732 732 
732 733 
733 733 
734 735 
735 735 
735 735 
736 737 
737 738 
738 738 
738 738 
739 739 
740 740 
740 741 
741 741 
742 742 
743 743 
743 743 
744 744 
744 744 
744 744 
745 746 
746 746 
747 747 
747 748 
748 748 
748 749 
749 750 
750 750 
750 750 
750 751 
751 751 
752 752 
752 753 
753 753 
754 754 
755 756 
756 756 
756 756 
756 756 
756 757 
757 757 
758 759 
759 759 
759 760 
760 760 
761 761 
761 761 
761 761 
762 762 
762 762 
763 763 
763 763 
764 767 
767 768 
768 769 
769 769 
770 770 
770 770 
770 770 
771 771 
771 771 
773 773 
773 773 
774 774 
774 774 
774 774 
775 775 
775 776 
776 777 
777 778 
778 778 
778 779 
779 780 
780 780 
781 782 
782 782 
782 783 
784 784 
785 785 
785 785 
785 786 
786 786 
786 788 
788 788 
788 789 
789 789 
789 789 
789 790 
790 791 
791 792 
792 792 
793 793 
793 794 
794 795 
795 795 
795 795 
796 796 
797 798 
798 798 
798 798 
798 798 
798 799 
799 799 
800 800 
802 802 
802 803 
803 804 
804 804 
805 806 
806 806 
806 807 
808 808 
809 809 
809 809 
810 810 
810 810 
810 811 
811 811 
811 811 
811 812 
812 812 
812 813 
814 814 
815 815 
816 816 
817 817 
817 817 
817 818 
819 819 
820 820 
821 821 
821 821 
821 822 
822 822 
823 823 
823 823 
824 824 
824 825 
825 826 
826 827 
827 827 
829 829 
829 829 
829 830 
831 831 
832 832 
832 833 
833 833 
833 834 
834 835 
835 835 
835 836 
836 836 
836 837 
837 837 
837 837 
838 838 
838 838 
838 838 
838 839 
839 840 
842 842 
843 843 
843 843 
843 844 
845 845 
846 846 
847 847 
848 848 
849 850 
850 851 
851 851 
851 852 
852 853 
854 855 
855 855 
856 857 
857 857 
859 859 
860 860 
861 861 
861 861 
862 862 
862 862 
863 863 
863 863 
863 863 
864 864 
864 864 
864 865 
865 865 
865 865 
866 866 
866 866 
867 867 
867 868 
868 868 
868 869 
869 870 
870 870 
870 870 
871 871 
871 871 
872 872 
872 873 
873 874 
875 877 
877 877 
877 877 
877 878 
879 879 
879 879 
879 880 
881 881 
881 881 
881 881 
882 882 
882 882 
882 883 
883 883 
883 883 
883 883 
884 884 
884 884 
885 885 
885 885 
885 886 
886 886 
887 887 
887 887 
888 888 
888 890 
890 890 
890 891 
891 892 
892 893 
893 894 
894 895 
895 895 
896 896 
897 897 
897 897 
897 898 
899 899 
899 899 
899 901 
901 902 
902 902 
902 902 
903 903 
903 903 
904 904 
904 905 
905 905 
905 906 
906 906 
906 906 
906 907 
907 907 
908 908 
908 908 
908 909 
909 909 
909 910 
910 910 
910 911 
911 911 
911 912 
912 913 
913 913 
914 915 
915 915 
915 915 
916 916 
917 918 
918 919 
919 920 
920 920 
920 920 
921 921 
921 922 
922 922 
922 922 
922 923 
923 924 
924 925 
926 926 
926 928 
928 928 
929 929 
929 930 
930 931 
931 932 
932 933 
933 933 
934 934 
934 935 
936 936 
937 937 
938 938 
938 939 
939 939 
939 939 
940 940 
940 940 
941 941 
941 942 
942 942 
942 942 
942 943 
943 943 
943 943 
943 943 
944 944 
944 944 
944 945 
945 946 
946 946 
947 947 
947 947 
948 948 
948 950 
950 950 
950 951 
951 951 
951 951 
952 952 
952 952 
952 953 
953 955 
955 955 
955 956 
956 957 
957 958 
958 958 
958 958 
959 960 
961 961 
961 961 
961 961 
961 962 
962 962 
962 963 
963 964 
964 964 
964 964 
965 965 
966 966 
966 967 
967 967 
968 968 
968 968 
968 969 
969 969 
970 970 
970 970 
971 971 
971 971 
972 972 
972 973 
974 975 
975 975 
975 976 
976 976 
976 977 
977 977 
977 978 
978 978 
978 978 
979 979 
979 980 
980 981 
981 982 
982 983 
984 984 
984 985 
985 986 
986 986 
987 987 
987 987 
987 988 
988 988 
989 990 
990 991 
992 992 
994 994 
994 995 
995 995 
995 995 
997 997 
997 997 
997 998 
999 999 
999 1000 
1000 1000 
1000 1000 
367 11 
290 415 
503 536 
763 770 
338 549 
944 948 
452 70 
685 686 
378 91 
164 934 
975 50 
257 434 
726 976 
79 269 
658 775 
2 194 
492 570 
610 762 
295 480 
785 108 
320 375 
57 511 
922 895 
38 412 
592 722 
897 902 
623 57 
239 336 
526 958 
948 203 
420 951 
47 430 
829 455 
95 206 
46 66 
472 791 
897 175 
381 732 
863 980 
85 47 
51 108 
270 455 
912 913 
342 91 
373 574 
850 965 
270 77 
204 627 
702 733 
785 885 
193 497 
614 73 
689 901 
17 649 
680 856 
921 407 
518 814 
862 317 
479 888 
375 465 
656 902 
123 225 
445 732 
860 362 
569 790 
25 285 
407 410 
907 22 
31 556 
341 87 
535 675 
8 210 
824 31 
319 338 
331 353 
905 525 
631 147 
389 411 
836 939 
188 234 
503 863 
915 14 
19 798 
817 222 
280 834 
179 735 
297 317 
370 977 
149 279 
492 522 
646 579 
862 482 
782 25 
480 518 
832 925 
210 221 
364 773 
893 489 
584 592 
601 653 
942 5 
770 859 
164 761 
37 157 
391 724 
696 130 
337 904 
976 35 
197 638 
664 680 
774 303 
10 273 
389 559 
650 731 
817 885 
165 517 
479 524 
714 645 
771 30 
337 480 
49 267 
739 164 
167 286 
714 807 
938 995 
730 781 
831 7 
33 129 
547 735 
793 135 
378 534 
603 752 
944 188 
827 934 
24 482 
689 314 
635 715 
229 516 
575 746 
291 400 
411 723 
176 496 
669 687 
710 306 
543 596 
260 671 
825 951 
257 307 
379 502 
426 729 
815 820 
933 812 
857 911 
997 326 
492 580 
642 327 
13 31 
190 262 
979 526 
580 608 
716 750 
316 526 
614 658 
840 481 
614 234 
629 640 
779 307 
247 394 
414 419 
600 666 
936 117 
247 695 
940 116 
833 914 
319 419 
281 351 
457 565 
693 910 
167 720 
704 931 
44 251 
457 479 
614 698 
796 181 
688 770 
778 855 
877 961 
179 225 
588 857 
375 675 
874 880 
968 138 
322 404 
91 325 
390 75 
131 269 
456 560 
130 200 
271 343 
883 908 
410 478 
999 723 
1000 697 
93 369 
403 707 
922 198 
667 256 
333 370 
639 809 
127 307 
668 341 
410 668 
879 331 
484 147 
395 832 
810 408 
964 528 
554 159 
234 449 
507 548 
54 141 
149 189 
505 879 
819 62 
147 468 
535 466 
872 732 
346 448 
922 454 
786 982 
233 337 
573 606 
735 838 
73 384 
410 450 
762 870 
929 1000 
207 301 
146 599 
871 746 
269 714 
843 865 
232 619 
667 814 
883 243 
255 589 
988 7 
72 88 
384 854 
81 340 
464 738 
872 502 
88 121 
358 538 
697 774 
220 508 
890 210 
674 815 
671 599 
868 937 
319 702 
27 218 
691 821 
910 99 
786 638 
702 392 
700 823 
853 59 
125 232 
243 499 
580 636 
124 534 
778 945 
207 386 
836 997 
560 636 
750 497 
403 584 
602 866 
411 502 
738 911 
230 882 
926 55 
94 477 
481 147 
672 696 
761 873 
877 108 
327 422 
881 265 
274 349 
515 36 
243 584 
680 11 
371 333 
412 289 
940 77 
455 136 
573 899 
1000 716 
131 420 
623 774 
220 451 
509 848 
318 577 
789 21 
257 501 
611 35 
361 411 
634 770 
791 793 
945 24 
328 158 
182 295 
301 454 
941 475 
687 851 
50 67 
169 314 
680 428 
952 991 
227 342 
693 753 
863 935 
806 381 
521 826 
175 539 
621 646 
966 322 
862 168 
201 418 
498 502 
68 277 
379 539 
58 295 
756 835 
298 398 
744 901 
502 669 
756 44 
125 255 
470 955 
266 334 
992 214 
291 396 
852 97 
685 973 
187 293 
528 674 
734 748 
162 179 
537 825 
156 55 
112 146 
524 923 
254 366 
568 684 
829 466 
845 19 
443 695 
287 323 
385 262 
359 508 
263 418 
163 179 
193 263 
279 376 
868 382 
393 425 
546 657 
714 350 
537 114 
116 278 
974 256 
358 881 
899 564 
541 616 
844 123 
339 800 
864 995 
960 235 
289 321 
343 460 
163 225 
775 975 
137 248 
534 690 
723 886 
8 102 
203 883 
448 861 
887 443 
101 262 
319 376 
929 948 
966 108 
241 260 
242 243 
924 410 
657 191 
226 374 
388 897 
915 87 
515 743 
913 10 
130 161 
353 410 
533 659 
792 31 
34 477 
678 131 
469 525 
557 728 
751 79 
470 957 
191 648 
705 339 
374 585 
708 393 
563 221 
398 455 
895 247 
308 313 
62 243 
516 527 
613 683 
58 649 
120 446 
471 730 
850 865 
383 458 
743 934 
46 314 
378 459 
496 508 
563 88 
670 845 
871 240 
454 576 
852 196 
254 496 
887 2 
544 794 
98 227 
634 961 
231 843 
722 798 
894 913 
12 208 
222 836 
433 646 
750 884 
908 61 
496 820 
223 418 
533 1000 
158 208 
563 597 
970 689 
995 78 
566 606 
964 937 
683 684 
898 904 
100 387 
440 659 
961 103 
113 138 
311 633 
278 788 
821 533 
307 358 
756 392 
278 544 
637 721 
96 210 
285 470 
398 110 
632 761 
41 61 
347 436 
202 462 
697 51 
118 174 
261 472 
789 930 
13 561 
254 551 
598 988 
127 219 
543 603 
967 240 
475 474 
647 947 
129 347 
106 107 
190 999 
206 596 
846 864 
906 919 
971 897 
52 140 
524 808 
911 486 
533 616 
629 922 
137 195 
950 979 
226 582 
617 847 
563 748 
19 545 
650 723 
944 75 
86 156 
432 3 
51 514 
252 275 
568 165 
721 48 
139 864 
952 32 
215 696 
131 254 
759 987 
558 941 
982 984 
992 154 
730 317 
325 865 
192 585 
918 246 
985 120 
586 52 
269 444 
546 379 
385 644 
740 797 
659 741 
477 557 
950 493 
167 248 
311 467 
598 620 
940 241 
438 583 
806 521 
204 396 
776 45 
470 750 
775 843 
975 652 
68 800 
655 717 
870 236 
458 1 
405 511 
573 744 
379 406 
587 778 
135 452 
61 137 
667 194 
419 491 
965 382 
33 266 
275 532 
767 885 
13 42 
126 664 
798 244 
261 400 
616 771 
6 93 
285 474 
664 103 
221 354 
368 405 
27 217 
399 537 
639 647 
716 823 
245 372 
531 561 
946 282 
518 915 
920 980 
157 164 
240 354 
590 616 
741 182 
961 306 
570 907 
266 54 
80 596 
129 73 
483 178 
312 473 
245 276 
452 475 
595 114 
942 141 
465 666 
909 227 
361 523 
624 717 
223 277 
315 500 
763 802 
924 381 
669 98 
376 433 
908 956 
921 135 
185 685 
127 424 
367 379 
522 625 
368 431 
678 39 
46 143 
569 896 
46 132 
139 157 
264 269 
637 749 
997 54 
98 186 
204 681 
733 767 
17 195 
867 915 
476 986 
114 445 
2 449 
504 514 
833 699 
433 220 
242 299 
114 118 
371 525 
653 21 
200 655 
710 563 
888 190 
728 837 
868 942 
404 566 
590 671 
912 946 
245 707 
904 104 
480 653 
673 939 
211 527 
472 661 
22 406 
579 788 
337 466 
610 760 
296 401 
417 658 
719 8 
513 784 
838 939 
916 317 
997 359 
614 909 
595 617 
306 668 
942 608 
626 877 
943 944 
685 817 
239 259 
902 958 
353 593 
651 742 
748 44 
414 450 
768 281 
491 688 
813 154 
258 146 
415 653 
157 445 
757 201 
4 369 
393 990 
155 208 
287 624 
23 31 
197 277 
756 770 
947 130 
460 524 
120 123 
523 796 
883 282 
366 285 
740 254 
456 922 
318 652 
622 838 
165 514 
42 395 
613 151 
238 432 
548 692 
358 882 
149 271 
894 225 
273 314 
362 710 
785 281 
599 613 
830 25 
319 429 
551 737 
783 878 
978 392 
782 324 
378 903 
966 209 
323 393 
665 671 
413 188 
270 356 
978 132 
619 41 
83 123 
12 66 
86 426 
111 188 
978 65 
95 941 
391 762 
773 140 
659 829 
857 332 
487 686 
486 561 
877 69 
721 737 
811 959 
669 371 
446 566 
611 710 
11 63 
106 357 
550 871 
596 691 
99 285 
289 297 
644 645 
923 36 
184 220 
554 864 
891 179 
667 782 
952 398 
203 554 
667 103 
166 186 
220 224 
2 55 
762 415 
507 669 
750 147 
727 790 
669 146 
504 552 
168 241 
285 689 
933 201 
732 928 
585 727 
14 367 
689 658 
750 434 
970 338 
415 464 
192 267 
690 760 
812 97 
279 687 
722 82 
616 693 
39 66 
383 551 
719 899 
217 360 
757 792 
63 405 
713 987 
396 457 
581 601 
851 946 
83 234 
331 456 
883 964 
967 53 
271 419 
839 19 
109 110 
279 428 
769 903 
144 231 
871 811 
870 877 
382 374 
269 299 
310 332 
93 181 
256 49 
150 2 
232 246 
381 701 
950 167 
776 218 
221 799 
674 685 
958 250 
670 702 
743 100 
322 981 
290 313 
560 637 
686 947 
336 245 
353 92 
146 466 
687 932 
3 955 
494 943 
321 472 
518 507 
640 715 
145 498 
501 47 
271 356 
595 958 
345 744 
933 80 
731 747 
987 130 
183 544 
320 382 
488 637 
733 969 
276 285 
301 335 
421 811 
864 249 
120 580 
756 971 
303 424 
491 798 
236 339 
45 409 
11 387 
777 614 
701 156 
198 367 
33 964 
97 729 
288 202 
885 64 
431 749 
106 109 
179 565 
523 334 
608 625 
359 823 
69 185 
193 671 
275 349 
510 738 
352 368 
593 607 
759 809 
125 163 
385 424 
873 17 
69 861 
444 587 
626 881 
696 978 
393 439 
557 771 
931 100 
328 389 
495 301 
812 321 
358 613 
159 171 
471 114 
669 709 
961 69 
523 185 
93 322 
625 789 
688 156 
303 730 
587 109 
441 582 
623 989 
11 432 
890 203 
491 698 
962 279 
465 471 
598 751 
928 967 
36 110 
111 123 
438 571 
806 886 
984 798 
250 332 
377 385 
517 638 
816 334 
439 855 
890 988 
162 478 
968 358 
218 463 
723 938 
18 200 
608 764 
802 396 
454 806 
405 582 
604 676 
906 441 
593 812 
35 112 
332 53 
656 316 
652 307 
842 920 
204 292 
648 819 
916 96 
179 183 
829 865 
313 410 
544 561 
659 869 
936 77 
177 616 
795 137 
381 710 
848 875 
969 995 
112 553 
694 718 
899 903 
987 106 
939 354 
496 726 
741 810 
84 496 
753 860 
870 63 
218 296 
324 381 
861 886 
274 634 
939 38 
280 920 
80 336 
444 754 
363 462 
632 838 
877 69 
419 426 
449 679 
365 420 
803 42 
631 245 
264 932 
951 10 
110 433 
512 823 
838 269 
306 355 
484 637 
795 862 
911 748 
833 910 
994 429 
896 837 
944 77 
375 378 
744 817 
475 114 
395 136 
162 370 
499 501 
138 139 
440 763 
99 224 
399 490 
504 506 
600 286 
541 101 
170 424 
475 584 
189 968 
427 169 
231 540 
761 789 
906 49 
126 739 
751 870 
625 743 
731 849 
270 406 
653 38 
77 193 
210 979 
411 722 
780 279 
305 236 
305 824 
5 229 
403 442 
540 956 
5 486 
544 887 
958 99 
209 516 
548 1000 
124 446 
605 731 
37 95 
302 508 
511 256 
515 175 
495 466 
120 215 
517 640 
723 116 
239 704 
74 189 
342 594 
753 134 
167 318 
123 611 
416 178 
774 863 
868 881 
537 571 
35 174 
177 542 
829 122 
695 274 
755 135 
425 275 
600 768 
99 420 
470 491 
639 795 
761 738 
881 981 
522 83 
88 161 
245 838 
96 553 
745 109 
199 381 
365 396 
742 640 
433 518 
846 976 
997 121 
313 340 
489 17 
294 516 
681 731 
810 98 
133 256 
336 622 
694 902 
73 910 
8 644 
505 510 
805 834 
963 271 
422 104 
575 90 
281 346 
606 80 
559 677 
688 722 
27 44 
153 509 
752 35 
411 561 
231 60 
92 156 
788 855 
795 472 
489 165 
186 585 
712 822 
87 675 
354 459 
969 355 
385 644 
444 717 
267 283 
542 676 
223 367 
558 664 
861 882 
715 97 
160 970 
559 758 
957 231 
335 444 
660 410 
579 109 
183 296 
362 504 
512 272 
613 675 
93 732 
769 215 
645 696 
651 897 
706 222 
224 311 
455 565 
777 892 
962 450 
521 952 
747 344 
587 804 
863 432 
515 818 
72 189 
316 674 
711 909 
11 157 
483 503 
2 398 
668 832 
623 374 
411 445 
709 527 
752 884 
2 70 
124 204 
455 879 
84 377 
595 971 
68 483 
972 978 
77 167 
200 700 
882 940 
10 255 
362 361 
538 570 
756 124 
181 368 
952 112 
994 681 
851 920 
90 65 
473 499 
938 472 
434 972 
12 35 
470 879 
884 155 
176 968 
998 309 
431 735 
866 202 
319 604 
674 804 
810 45 
505 25 
204 269 
521 837 
92 204 
883 290 
951 638 
659 710 
736 970 
123 457 
354 57 
294 375 
566 615 
835 891 
908 539 
835 986 
252 364 
398 623 
919 655 
892 759 
789 837 
727 216 
359 614 
624 88 
331 995 
137 587 
842 843 
142 644 
722 789 
976 489 
530 563 
843 928 
943 105 
515 597 
626 447 
40 162 
104 169 
616 906 
57 80 
442 664 
895 760 
148 634 
104 297 
175 309 
833 975 
985 738 
964 994 
178 381 
583 658 
50 684 
943 101 
232 217 
869 94 
917 947 
22 237 
485 636 
702 471 
90 888 
66 141 
763 117 
415 660 
821 58 
727 222 
798 799 
950 54 
182 295 
990 423 
663 792 
804 872 
156 434 
463 652 
658 714 
962 525 
906 110 
633 809 
161 293 
362 809 
811 250 
238 286 
328 719 
334 955 
201 639 
677 33 
281 209 
523 780 
920 228 
288 178 
164 124 
617 735 
38 105 
125 485 
71 943 
44 645 
258 592 
647 744 
40 64 
219 659 
28 55 
215 700 
759 999 
252 328 
341 498 
563 161 
281 347 
636 907 
185 788 
867 885 
412 866 
942 171 
244 423 
700 637 
826 157 
365 530 
645 675 
159 286 
494 529 
151 165 
837 189 
590 126 
639 124 
189 441 
488 530 
652 472 
139 147 
770 785 
961 126 
190 248 
593 700 
712 906 
187 467 
744 774 
903 131 
162 257 
457 524 
793 961 
296 769 
785 909 
35 80 
374 578 
866 256 
614 647 
258 289 
686 977 
41 421 
831 168 
610 618 
987 498 
798 756 
803 68 
908 294 
469 15 
277 817 
409 661 
17 26 
266 330 
754 305 
198 248 
519 641 
918 37 
223 17 
42 443 
723 943 
474 527 
641 882 
75 305 
425 52 
926 955 
971 329 
625 674 
816 839 
881 46 
387 865 
131 296 
401 798 
893 395 
438 761 
884 120 
175 660 
724 105 
186 331 
659 31 
424 31 
267 294 
117 55 
266 383 
412 930 
435 634 
827 349 
899 329 
802 383 
633 649 
780 851 
38 402 
972 14 
135 154 
332 461 
926 234 
496 263 
398 66 
187 905 
922 509 
613 811 
157 261 
986 319 
915 122 
595 548 
657 104 
508 558 
7 94 
284 215 
114 637 
172 304 
88 622 
782 54 
427 434 
642 648 
116 196 
358 774 
208 345 
482 69 
394 423 
440 867 
951 441 
550 811 
824 859 
902 968 
3 93 
336 441 
663 181 
205 382 
424 523 
324 455 
544 827 
3 20 
261 333 
356 537 
835 21 
101 657 
794 942 
213 341 
499 757 
778 963 
977 225 
549 847 
905 401 
685 273 
747 19 
443 540 
557 686 
489 253 
124 292 
306 386 
600 879 
883 611 
756 838 
977 727 
953 143 
303 524 
574 822 
33 371 
218 261 
474 322 
524 613 
126 619 
672 786 
943 561 
639 740 
301 513 
746 795 
329 565 
771 905 
773 784 
921 229 
247 7 
255 362 
821 9 
76 719 
810 61 
887 953 
962 472 
477 481 
594 773 
108 333 
680 28 
383 543 
712 155 
345 984 
345 614 
983 350 
821 413 
799 929 
344 522 
559 641 
890 163 
321 618 
609 453 
836 213 
226 345 
660 779 
822 88 
252 302 
639 808 
105 182 
410 436 
719 786 
132 327 
863 133 
157 198 
300 687 
