1 1 
1 1 
2 2 
3 3 
3 5 
5 6 
6 6 
6 6 
7 7 
7 7 
8 8 
8 8 
9 9 
9 10 
10 10 
11 11 
11 12 
12 13 
13 13 
13 14 
14 14 
15 15 
15 15 
15 15 
16 16 
16 16 
17 17 
18 18 
19 20 
21 22 
22 23 
23 23 
24 24 
25 25 
25 25 
25 26 
26 27 
27 27 
28 28 
28 28 
29 29 
29 29 
30 30 
31 31 
32 32 
33 33 
33 33 
34 34 
35 35 
36 36 
36 37 
37 37 
37 38 
38 38 
38 38 
38 39 
39 40 
41 41 
41 41 
41 43 
43 43 
43 44 
44 44 
44 44 
45 45 
45 45 
45 45 
46 46 
47 47 
47 48 
48 48 
48 49 
50 50 
51 51 
51 52 
52 53 
54 54 
55 55 
55 56 
56 56 
57 57 
57 57 
58 58 
58 59 
59 59 
59 59 
61 62 
62 62 
62 62 
63 63 
64 64 
64 65 
66 67 
67 68 
68 69 
69 69 
69 69 
70 70 
70 70 
71 71 
71 72 
72 72 
72 72 
72 73 
73 74 
74 74 
75 76 
76 77 
77 77 
77 78 
78 79 
79 80 
80 80 
81 81 
81 82 
82 82 
83 83 
83 83 
83 83 
84 84 
84 84 
84 84 
85 85 
85 85 
86 86 
87 87 
87 88 
88 89 
90 90 
91 91 
91 91 
92 92 
92 92 
92 93 
93 93 
93 93 
94 94 
94 95 
95 95 
96 96 
97 97 
98 98 
98 98 
99 99 
99 99 
99 100 
100 100 
100 100 
18 44 
77 84 
13 67 
6 27 
35 80 
94 3 
54 72 
84 87 
29 41 
70 87 
22 59 
76 84 
45 57 
61 11 
83 95 
10 64 
81 41 
45 2 
33 55 
90 38 
39 67 
37 52 
66 72 
86 99 
24 28 
77 95 
40 43 
1 51 
47 72 
77 8 
70 46 
79 92 
16 48 
38 45 
59 68 
74 45 
83 3 
62 82 
16 37 
87 89 
7 50 
74 98 
45 51 
50 77 
47 72 
13 35 
36 43 
58 85 
3 33 
33 55 
83 15 
28 54 
92 14 
25 57 
94 96 
98 14 
81 17 
7 12 
57 97 
100 17 
33 69 
74 1 
49 78 
83 100 
9 12 
25 26 
30 91 
23 71 
19 32 
69 24 
62 70 
91 44 
29 31 
18 30 
59 15 
95 56 
6 37 
13 36 
85 53 
63 83 
9 38 
41 97 
34 69 
98 8 
25 51 
88 92 
9 27 
48 69 
85 99 
56 79 
11 73 
84 93 
15 2 
14 25 
70 43 
47 58 
62 72 
7 22 
48 68 
46 80 
91 6 
15 20 
32 69 
100 64 
96 25 
29 43 
83 8 
100 1 
16 21 
31 44 
99 23 
63 5 
71 84 
11 39 
99 27 
92 98 
10 26 
36 44 
56 75 
1 6 
8 64 
80 93 
34 55 
62 93 
15 88 
6 7 
28 59 
86 28 
13 100 
45 48 
71 92 
23 37 
59 82 
91 65 
84 85 
94 99 
5 38 
93 10 
16 52 
38 73 
41 57 
29 38 
58 82 
15 62 
78 81 
93 41 
44 72 
76 90 
