1 1 
1 1 
1 2 
2 2 
2 3 
3 3 
3 4 
4 4 
4 5 
6 6 
6 6 
8 8 
8 8 
8 9 
10 10 
10 10 
10 11 
11 12 
12 12 
12 12 
13 13 
14 14 
14 15 
16 16 
17 17 
18 19 
19 19 
20 21 
21 22 
22 23 
23 23 
24 24 
25 26 
26 26 
27 27 
28 29 
29 29 
29 29 
29 30 
30 31 
31 31 
31 31 
31 31 
32 32 
32 33 
33 33 
33 34 
34 35 
35 35 
35 36 
36 36 
37 37 
38 38 
39 39 
39 39 
39 39 
39 40 
41 41 
41 41 
41 42 
42 42 
42 43 
44 44 
44 45 
45 45 
46 46 
46 46 
48 48 
48 49 
49 49 
49 50 
50 50 
50 50 
51 52 
53 53 
54 54 
54 55 
55 55 
56 56 
56 56 
56 56 
57 57 
57 58 
58 59 
59 59 
59 59 
59 59 
59 59 
59 60 
60 60 
61 61 
61 62 
63 64 
64 64 
65 65 
65 66 
66 66 
67 67 
68 71 
71 71 
71 71 
72 72 
72 73 
73 73 
73 73 
74 74 
74 74 
75 75 
77 77 
77 77 
78 78 
78 79 
79 79 
79 80 
80 80 
80 81 
81 81 
81 81 
81 82 
82 82 
82 83 
84 84 
84 84 
85 85 
85 86 
86 87 
87 87 
87 88 
88 88 
88 89 
89 89 
89 90 
90 90 
90 90 
91 91 
91 91 
92 92 
92 92 
92 93 
94 94 
94 94 
94 95 
95 95 
95 95 
96 96 
96 96 
98 99 
99 99 
100 100 
17 27 
56 59 
90 23 
44 59 
90 12 
33 58 
73 29 
30 45 
49 50 
8 46 
54 72 
6 29 
34 41 
95 71 
18 21 
32 42 
56 12 
59 3 
11 31 
48 62 
33 37 
24 66 
73 81 
59 93 
1 19 
10 17 
39 42 
48 10 
80 25 
38 2 
61 96 
14 29 
22 74 
84 89 
1 99 
42 4 
8 24 
31 35 
89 4 
50 12 
29 44 
66 84 
90 91 
10 46 
59 3 
13 60 
82 8 
81 29 
50 73 
98 56 
82 86 
13 39 
22 41 
19 37 
41 56 
74 75 
80 65 
8 38 
39 60 
77 10 
19 28 
91 94 
2 31 
53 4 
81 87 
6 32 
54 94 
12 20 
75 4 
83 88 
95 5 
30 35 
74 82 
64 96 
44 88 
6 46 
77 67 
86 95 
1 10 
36 39 
80 84 
59 79 
96 3 
64 1 
2 11 
16 32 
57 71 
85 88 
92 33 
41 95 
23 65 
79 12 
89 51 
58 94 
40 61 
85 14 
31 77 
55 89 
90 9 
59 74 
78 81 
6 79 
85 3 
14 35 
87 92 
26 39 
50 71 
39 48 
41 54 
66 92 
71 91 
100 57 
61 72 
82 21 
39 56 
88 15 
34 45 
71 84 
99 33 
36 50 
79 49 
26 31 
56 81 
59 65 
72 36 
55 45 
73 92 
96 49 
53 59 
80 26 
29 63 
67 1 
2 31 
68 95 
31 42 
78 94 
59 73 
77 87 
100 16 
43 46 
64 91 
99 8 
49 55 
60 90 
23 52 
57 87 
35 27 
81 94 
78 92 
