1 1 
2 2 
2 2 
2 3 
3 3 
4 5 
6 6 
6 6 
7 7 
7 7 
8 8 
8 9 
9 10 
10 10 
11 11 
11 11 
11 11 
13 13 
13 13 
14 14 
14 14 
15 15 
16 16 
17 17 
17 17 
17 18 
18 18 
18 18 
19 19 
19 19 
19 20 
20 20 
20 21 
21 22 
23 23 
23 23 
23 24 
24 24 
24 24 
25 25 
25 25 
25 26 
26 26 
27 27 
27 28 
28 28 
29 29 
29 29 
30 30 
30 30 
30 30 
31 31 
32 32 
33 33 
33 33 
34 34 
34 35 
35 35 
35 35 
35 35 
36 36 
36 36 
37 37 
37 37 
38 38 
38 38 
39 39 
39 39 
40 40 
40 40 
40 40 
40 41 
41 42 
42 42 
42 43 
43 43 
44 44 
44 44 
44 46 
46 46 
46 46 
47 47 
47 47 
47 47 
47 47 
47 48 
48 48 
48 48 
48 49 
49 49 
50 50 
50 51 
52 53 
53 53 
53 54 
54 54 
54 55 
55 56 
56 56 
56 56 
57 57 
57 57 
58 58 
58 59 
59 60 
60 60 
61 61 
61 62 
62 62 
62 63 
63 63 
64 64 
64 64 
65 65 
65 66 
66 66 
66 66 
66 66 
67 68 
68 69 
69 69 
69 70 
70 70 
71 71 
71 71 
72 72 
72 73 
73 73 
74 74 
75 75 
76 76 
76 76 
76 76 
77 77 
78 78 
78 79 
79 79 
80 80 
80 81 
82 82 
82 82 
83 83 
84 84 
84 85 
85 85 
87 87 
88 88 
88 88 
88 88 
89 90 
90 90 
91 91 
92 92 
93 93 
94 94 
95 95 
95 95 
95 96 
96 97 
98 98 
98 99 
99 99 
100 100 
100 100 
62 69 
7 35 
53 59 
71 18 
47 76 
11 82 
30 39 
44 66 
2 35 
38 79 
15 19 
49 18 
83 26 
80 100 
4 17 
37 47 
52 68 
39 67 
72 78 
57 68 
84 95 
8 30 
64 77 
11 19 
20 66 
76 3 
9 60 
63 100 
8 17 
40 90 
98 17 
24 51 
75 49 
55 62 
27 29 
58 74 
84 20 
28 48 
53 72 
28 50 
56 74 
83 10 
36 42 
23 48 
97 24 
25 87 
23 30 
33 54 
6 15 
29 48 
73 75 
47 95 
35 88 
29 66 
82 84 
76 78 
79 2 
7 32 
40 47 
64 96 
26 46 
85 98 
11 53 
55 59 
7 47 
57 88 
6 13 
87 94 
19 35 
46 60 
62 90 
99 92 
100 26 
46 93 
95 48 
92 95 
6 57 
60 85 
94 36 
40 42 
78 99 
3 11 
31 35 
38 64 
69 70 
88 24 
27 30 
43 54 
71 8 
21 93 
25 71 
96 20 
11 2 
24 37 
66 29 
48 63 
64 21 
37 25 
58 69 
73 89 
14 38 
44 91 
23 56 
61 2 
37 18 
40 44 
58 65 
82 1 
22 40 
81 18 
54 76 
16 35 
47 54 
61 69 
72 6 
17 33 
53 76 
82 90 
13 11 
14 1 
47 56 
65 47 
80 98 
2 48 
50 88 
13 24 
65 30 
56 76 
23 25 
20 30 
3 17 
34 63 
66 73 
16 88 
13 34 
46 7 
34 95 
10 70 
88 62 
5 33 
61 66 
9 25 
14 23 
33 36 
44 100 
28 39 
32 38 
47 71 
77 80 
56 19 
40 66 
57 99 
41 43 
42 49 
39 44 
14 31 
42 43 
79 35 
50 27 
19 36 
70 40 
46 91 
10 18 
41 85 
