1 1 
2 3 
3 3 
3 4 
5 5 
6 7 
7 8 
8 8 
8 8 
9 9 
9 10 
10 11 
11 11 
12 12 
13 13 
13 14 
14 14 
15 15 
15 15 
16 16 
16 16 
17 17 
18 19 
19 20 
20 20 
20 21 
21 21 
22 22 
22 23 
23 24 
24 25 
25 26 
26 27 
27 27 
27 27 
27 27 
28 28 
29 29 
29 29 
29 29 
29 30 
30 30 
31 31 
32 32 
32 32 
33 33 
33 33 
34 34 
34 34 
34 35 
35 36 
36 37 
37 37 
37 38 
39 39 
40 40 
41 41 
41 42 
42 43 
43 43 
44 44 
44 44 
45 45 
45 45 
45 45 
47 47 
47 47 
48 48 
49 49 
49 50 
51 51 
52 52 
52 53 
53 53 
53 53 
54 54 
54 54 
54 54 
54 55 
55 55 
55 56 
56 57 
57 58 
58 58 
58 58 
59 60 
61 61 
61 62 
62 62 
62 62 
63 63 
64 64 
65 65 
65 66 
66 66 
67 67 
67 67 
68 68 
69 69 
69 70 
70 70 
70 71 
71 71 
71 72 
72 72 
72 73 
73 73 
74 74 
74 75 
75 75 
75 75 
75 76 
76 77 
77 77 
78 78 
78 78 
79 79 
79 79 
80 80 
80 81 
81 82 
82 83 
83 84 
84 84 
85 85 
86 86 
86 86 
86 87 
87 87 
88 88 
88 89 
89 89 
90 90 
90 90 
91 92 
93 93 
93 93 
94 94 
95 95 
95 95 
95 95 
95 95 
95 95 
96 96 
96 97 
97 98 
98 98 
99 100 
100 100 
68 77 
51 44 
49 72 
100 30 
82 94 
12 28 
70 14 
15 32 
53 66 
23 24 
95 35 
95 37 
74 97 
6 54 
39 52 
75 8 
84 87 
8 34 
43 82 
36 55 
62 88 
40 61 
20 90 
93 18 
29 30 
54 29 
31 54 
26 38 
69 9 
95 9 
29 31 
86 22 
88 29 
41 43 
54 61 
72 87 
7 62 
20 21 
24 27 
53 58 
93 4 
20 32 
21 25 
8 30 
83 96 
67 75 
79 95 
15 53 
77 81 
97 10 
47 16 
71 11 
54 78 
80 22 
13 88 
17 98 
27 45 
85 71 
90 15 
27 47 
3 60 
74 77 
41 53 
54 71 
72 75 
35 43 
86 96 
56 73 
3 71 
78 57 
2 94 
13 69 
80 8 
29 34 
45 65 
12 20 
21 27 
37 45 
81 16 
70 73 
89 48 
96 50 
95 29 
62 64 
72 83 
74 44 
17 27 
86 16 
28 58 
75 95 
75 80 
58 95 
53 69 
89 8 
76 98 
33 84 
89 100 
1 91 
22 52 
65 7 
55 98 
100 36 
42 45 
49 3 
27 45 
58 48 
55 86 
11 44 
59 13 
33 45 
62 63 
95 66 
92 1 
34 44 
37 49 
85 95 
33 87 
93 99 
37 52 
63 34 
54 5 
15 32 
58 14 
67 93 
41 78 
25 47 
61 73 
90 14 
27 79 
16 26 
39 55 
65 67 
19 42 
86 95 
68 76 
19 29 
79 84 
5 51 
9 10 
23 33 
57 62 
64 75 
78 90 
32 47 
56 11 
34 40 
66 70 
79 3 
67 70 
