1 1 
1 2 
2 2 
2 3 
3 4 
4 4 
4 4 
5 5 
6 6 
7 7 
7 7 
8 8 
8 8 
8 8 
8 9 
9 10 
10 10 
10 10 
10 11 
12 12 
12 12 
13 14 
15 15 
15 16 
16 17 
17 17 
18 18 
19 19 
19 20 
20 20 
20 20 
21 21 
21 21 
21 21 
21 22 
22 22 
22 23 
23 23 
24 24 
24 25 
25 25 
25 25 
25 26 
27 27 
28 28 
28 28 
28 29 
29 29 
29 29 
29 30 
30 31 
31 32 
32 33 
33 33 
34 34 
35 35 
35 35 
36 36 
36 37 
37 37 
38 38 
38 38 
38 38 
39 39 
39 39 
40 41 
41 42 
42 43 
43 44 
44 45 
45 45 
45 46 
46 46 
46 47 
47 48 
48 49 
49 49 
50 50 
50 50 
51 51 
51 51 
51 51 
52 52 
52 52 
52 52 
52 53 
53 55 
55 56 
56 56 
57 57 
58 59 
59 59 
60 60 
60 61 
61 61 
62 62 
63 63 
64 64 
64 64 
64 65 
65 65 
66 66 
67 68 
68 68 
69 69 
69 69 
69 70 
70 70 
71 71 
71 72 
72 73 
73 73 
73 74 
75 75 
75 75 
76 76 
76 76 
76 76 
77 77 
77 77 
77 77 
78 78 
78 79 
79 79 
80 80 
80 80 
80 81 
82 82 
82 83 
83 83 
83 83 
83 84 
84 84 
84 84 
85 85 
85 85 
85 87 
87 87 
87 87 
88 88 
89 89 
90 90 
90 91 
92 92 
92 93 
93 93 
93 93 
93 94 
94 94 
94 94 
94 96 
96 96 
97 98 
98 98 
99 100 
100 100 
47 50 
94 8 
22 38 
96 24 
35 64 
70 84 
87 89 
40 63 
12 29 
22 36 
92 94 
2 42 
52 59 
69 87 
88 18 
61 25 
28 38 
45 79 
92 82 
6 48 
56 75 
39 76 
23 93 
96 33 
85 25 
78 80 
9 69 
52 61 
77 70 
71 77 
78 87 
29 32 
41 71 
72 83 
85 2 
7 60 
90 15 
56 85 
3 34 
59 10 
17 31 
45 50 
73 50 
46 70 
10 59 
63 65 
93 6 
21 43 
47 77 
83 46 
79 25 
56 21 
76 16 
49 51 
24 74 
3 58 
75 83 
7 68 
72 39 
57 94 
2 10 
51 69 
80 98 
13 37 
53 92 
5 21 
76 8 
52 29 
94 51 
69 10 
25 64 
85 27 
30 65 
73 1 
29 12 
84 33 
62 64 
1 25 
26 71 
33 38 
44 62 
83 93 
8 19 
42 55 
57 88 
91 39 
73 52 
83 12 
23 31 
37 52 
35 8 
24 28 
22 64 
84 9 
19 75 
49 51 
5 28 
4 45 
49 60 
69 28 
46 89 
77 80 
78 36 
90 100 
8 18 
38 44 
64 4 
20 27 
20 21 
50 21 
36 25 
46 53 
87 34 
12 35 
61 85 
14 32 
41 79 
93 99 
19 20 
29 66 
84 93 
17 20 
67 10 
30 76 
17 38 
66 82 
100 94 
11 80 
98 21 
29 35 
51 55 
97 4 
48 60 
77 93 
16 21 
23 45 
75 4 
8 20 
73 96 
8 52 
4 65 
22 68 
98 52 
7 10 
39 15 
28 51 
76 77 
84 1 
7 37 
43 81 
100 2 
15 87 
83 38 
82 90 
76 68 
80 94 
