1 1 
1 1 
2 2 
3 3 
3 3 
3 3 
4 5 
5 5 
5 5 
5 6 
6 6 
7 8 
8 8 
8 8 
8 8 
9 9 
9 10 
10 10 
11 12 
12 13 
13 14 
14 14 
14 14 
15 15 
15 15 
15 15 
15 16 
16 16 
17 17 
18 18 
18 19 
19 20 
20 21 
22 22 
22 22 
23 23 
24 24 
24 25 
26 27 
27 28 
28 29 
30 30 
30 31 
31 32 
34 34 
34 34 
34 35 
35 36 
36 36 
37 37 
37 38 
38 38 
39 39 
39 40 
40 40 
40 41 
41 41 
42 42 
43 43 
43 43 
44 44 
44 44 
44 45 
46 46 
46 46 
47 47 
47 47 
48 48 
49 49 
49 49 
49 50 
50 50 
51 52 
52 52 
52 53 
54 54 
54 55 
56 57 
57 57 
57 57 
57 58 
59 59 
59 59 
59 59 
59 59 
59 59 
60 60 
60 60 
60 61 
62 62 
63 64 
64 64 
65 65 
65 65 
66 66 
67 67 
67 67 
68 69 
69 70 
70 70 
71 71 
71 72 
72 72 
72 73 
73 73 
74 74 
74 74 
74 75 
75 75 
75 75 
76 76 
76 76 
77 77 
78 78 
78 78 
79 79 
79 79 
80 80 
80 80 
81 81 
81 81 
82 82 
82 82 
83 84 
84 84 
84 84 
84 84 
84 84 
85 85 
86 86 
86 88 
88 88 
88 89 
89 89 
89 90 
90 90 
90 91 
91 91 
91 91 
92 93 
93 94 
94 94 
94 94 
95 96 
96 96 
97 97 
98 98 
99 99 
99 100 
100 100 
5 40 
88 91 
17 62 
16 30 
41 80 
82 99 
26 1 
30 37 
57 64 
80 12 
57 64 
91 14 
15 25 
43 54 
76 85 
18 23 
34 42 
66 73 
74 6 
62 39 
67 8 
60 64 
76 86 
8 34 
38 49 
69 81 
84 3 
60 84 
2 76 
9 57 
69 49 
52 45 
88 56 
31 34 
39 98 
9 40 
44 72 
98 8 
4 59 
86 59 
96 42 
3 5 
78 22 
59 52 
9 15 
22 59 
78 43 
48 59 
82 89 
5 79 
80 15 
46 54 
13 22 
74 1 
23 75 
81 3 
53 65 
10 29 
8 35 
60 84 
24 72 
80 82 
86 20 
38 84 
89 94 
71 83 
89 99 
35 57 
15 19 
70 79 
89 60 
73 84 
93 19 
32 94 
100 41 
8 38 
57 97 
21 5 
6 18 
48 54 
59 65 
27 28 
31 34 
36 57 
65 75 
85 94 
14 16 
43 50 
70 84 
2 12 
74 5 
6 14 
41 58 
59 92 
10 95 
13 75 
78 91 
75 15 
18 49 
60 72 
47 84 
97 24 
44 70 
84 10 
50 94 
11 39 
63 79 
91 40 
59 67 
68 91 
8 14 
17 99 
94 100 
30 34 
67 90 
37 49 
74 81 
3 5 
37 44 
15 40 
79 88 
3 36 
44 90 
47 15 
16 43 
46 50 
61 71 
72 90 
8 59 
14 27 
44 1 
20 81 
96 36 
46 47 
49 78 
82 84 
100 1 
7 67 
74 75 
65 51 
96 46 
52 59 
73 77 
66 28 
88 93 
55 71 
22 24 
3 47 
76 52 
77 90 
