1 1 
1 1 
2 2 
3 3 
3 4 
4 4 
4 5 
5 5 
6 6 
6 7 
7 7 
7 7 
7 7 
8 8 
9 9 
10 10 
11 11 
11 12 
12 13 
13 13 
14 14 
14 14 
14 14 
16 16 
16 16 
16 16 
17 18 
18 18 
19 19 
20 20 
20 20 
21 21 
21 21 
22 22 
22 22 
23 23 
23 23 
24 24 
24 24 
24 24 
25 25 
26 26 
26 27 
27 27 
27 27 
27 28 
28 28 
29 29 
29 30 
30 30 
30 30 
30 31 
31 32 
32 32 
32 32 
33 34 
34 34 
34 35 
35 35 
35 35 
35 35 
37 37 
37 37 
37 38 
38 38 
38 39 
40 40 
40 41 
41 41 
41 41 
41 41 
42 42 
42 42 
42 42 
42 43 
43 43 
43 43 
43 43 
43 43 
44 44 
44 45 
45 45 
45 45 
45 46 
46 46 
47 47 
47 47 
48 48 
49 49 
49 49 
49 50 
50 50 
50 51 
51 51 
52 52 
52 52 
53 53 
53 53 
53 53 
54 55 
55 55 
55 55 
55 56 
56 56 
56 56 
57 57 
58 58 
58 59 
59 59 
59 59 
59 59 
59 60 
60 61 
61 61 
61 61 
62 62 
62 62 
63 63 
63 63 
63 64 
64 64 
64 65 
65 65 
66 66 
67 67 
67 68 
69 69 
69 69 
69 69 
69 69 
70 70 
71 71 
71 71 
71 72 
72 73 
73 73 
73 73 
74 75 
75 75 
76 76 
76 76 
76 77 
77 78 
78 78 
78 78 
79 79 
79 80 
80 80 
80 80 
80 81 
81 81 
81 81 
81 82 
82 82 
83 83 
83 84 
84 84 
84 85 
85 86 
86 87 
87 87 
89 89 
89 89 
89 90 
90 90 
91 91 
93 94 
95 95 
95 95 
95 95 
95 95 
96 97 
97 97 
97 97 
98 98 
99 99 
99 99 
99 99 
99 99 
100 100 
100 100 
16 47 
71 76 
26 78 
12 21 
68 11 
14 29 
95 31 
32 34 
30 46 
55 35 
42 53 
55 61 
73 97 
63 93 
45 94 
51 79 
4 43 
79 3 
37 17 
49 58 
4 16 
27 44 
50 78 
1 14 
47 69 
72 82 
13 51 
62 69 
89 100 
21 75 
80 87 
3 20 
35 86 
50 59 
95 99 
35 49 
53 60 
34 37 
42 81 
95 98 
40 43 
2 35 
47 14 
71 77 
89 95 
99 32 
80 85 
4 42 
73 6 
52 62 
73 95 
97 5 
84 5 
28 42 
63 76 
59 5 
24 41 
42 7 
21 23 
26 40 
75 81 
12 24 
56 60 
62 40 
43 56 
69 53 
25 35 
38 34 
48 61 
65 79 
81 99 
7 24 
29 32 
34 44 
95 11 
25 38 
46 55 
69 71 
76 87 
14 42 
65 9 
63 69 
87 91 
100 6 
43 84 
1 16 
26 75 
41 100 
13 23 
63 64 
86 14 
22 55 
81 10 
18 98 
30 53 
59 83 
7 23 
39 52 
55 78 
90 6 
7 43 
50 53 
76 37 
38 70 
82 84 
66 78 
13 89 
100 22 
33 52 
66 67 
71 73 
97 23 
37 7 
41 64 
95 99 
18 30 
37 83 
8 32 
45 49 
65 49 
61 80 
83 41 
44 63 
57 59 
59 89 
95 3 
16 18 
38 43 
45 70 
77 90 
56 69 
1 27 
43 59 
99 16 
80 7 
29 30 
59 85 
81 20 
35 47 
1 32 
43 55 
80 27 
69 2 
14 53 
57 91 
10 11 
41 20 
28 64 
72 76 
81 24 
35 41 
50 74 
80 16 
56 99 
52 62 
64 31 
46 56 
96 28 
73 21 
49 20 
43 45 
19 27 
58 67 
97 54 
69 99 
45 78 
8 9 
4 22 
24 27 
30 42 
61 67 
84 7 
30 59 
89 99 
24 51 
22 27 
41 61 
71 82 
90 97 
19 45 
48 58 
