1 1 
1 2 
2 3 
3 3 
4 4 
5 5 
5 6 
6 7 
7 7 
7 8 
8 8 
9 9 
9 9 
9 9 
10 10 
10 11 
11 12 
12 13 
13 13 
13 14 
14 14 
14 14 
15 15 
15 15 
15 15 
16 16 
16 17 
18 18 
18 19 
19 20 
20 20 
21 21 
21 21 
21 21 
21 22 
22 22 
23 23 
24 24 
24 25 
26 26 
26 27 
27 27 
28 28 
28 28 
28 29 
29 29 
30 30 
31 31 
31 31 
31 32 
32 32 
32 33 
33 33 
33 33 
34 34 
35 36 
36 37 
37 37 
37 37 
37 37 
38 38 
38 39 
39 39 
39 40 
40 40 
40 41 
42 43 
43 43 
44 44 
44 45 
45 45 
47 47 
47 47 
48 48 
49 49 
49 49 
50 50 
50 51 
51 51 
51 51 
51 52 
52 53 
53 54 
54 54 
54 55 
55 55 
56 56 
56 56 
56 57 
57 57 
58 58 
58 58 
59 59 
59 59 
59 59 
60 60 
60 60 
61 61 
61 61 
61 62 
62 62 
63 63 
63 64 
64 64 
64 64 
64 64 
65 65 
65 65 
65 66 
66 66 
66 66 
66 67 
67 67 
67 67 
68 68 
68 68 
68 68 
69 69 
70 70 
70 70 
71 71 
71 71 
71 71 
72 72 
73 73 
73 73 
73 73 
73 73 
74 74 
74 74 
75 75 
76 76 
76 76 
76 77 
77 77 
78 78 
80 80 
80 80 
80 80 
81 81 
81 82 
82 82 
82 83 
83 83 
83 84 
84 84 
84 84 
85 85 
85 85 
85 85 
85 86 
87 87 
87 87 
87 87 
88 88 
88 88 
88 88 
89 89 
89 90 
90 91 
91 91 
93 93 
94 94 
94 95 
95 96 
96 96 
97 97 
97 97 
98 98 
99 99 
100 100 
100 100 
49 64 
84 13 
89 65 
85 93 
6 82 
35 51 
62 4 
67 51 
62 72 
87 17 
22 31 
10 21 
22 47 
67 69 
9 29 
73 73 
77 51 
80 2 
51 69 
85 37 
52 68 
71 84 
44 49 
60 66 
67 77 
40 74 
81 8 
53 88 
99 70 
85 50 
73 87 
9 25 
34 36 
38 42 
80 8 
9 89 
45 68 
50 71 
94 21 
51 56 
80 68 
75 94 
59 66 
76 78 
88 10 
53 57 
47 59 
8 37 
64 73 
85 37 
54 83 
96 37 
43 54 
58 60 
21 71 
5 21 
68 14 
31 32 
33 38 
64 71 
21 37 
88 63 
71 83 
90 16 
60 70 
80 55 
21 33 
55 61 
15 66 
76 23 
81 100 
9 30 
61 67 
85 95 
1 15 
63 84 
20 24 
97 5 
7 12 
13 26 
66 14 
82 18 
29 32 
33 61 
87 41 
43 100 
26 62 
68 86 
98 29 
87 97 
33 64 
81 83 
28 30 
65 76 
82 88 
15 33 
40 66 
43 47 
54 73 
94 5 
7 56 
39 49 
100 1 
31 37 
58 70 
73 99 
3 59 
74 97 
100 15 
28 44 
51 60 
77 6 
9 15 
47 85 
14 23 
27 36 
56 80 
9 13 
19 40 
64 95 
14 24 
34 37 
39 87 
7 78 
10 11 
20 31 
61 64 
76 80 
16 65 
87 98 
27 89 
28 44 
59 73 
91 11 
15 66 
28 72 
12 21 
26 40 
68 73 
16 45 
58 4 
52 59 
93 32 
39 58 
96 1 
14 49 
88 91 
3 13 
19 31 
48 67 
91 56 
7 20 
54 57 
71 74 
18 28 
38 59 
84 96 
2 22 
75 39 
97 76 
84 85 
3 82 
24 27 
61 48 
70 32 
83 88 
50 57 
65 90 
56 74 
18 64 
45 55 
63 65 
