1 1 
2 2 
2 3 
4 4 
5 5 
6 6 
7 8 
8 10 
11 12 
13 13 
14 14 
15 15 
15 16 
16 17 
17 17 
17 17 
17 18 
18 18 
18 19 
19 19 
20 21 
22 22 
23 23 
24 24 
25 25 
26 26 
26 26 
26 27 
27 27 
28 28 
28 28 
28 28 
28 28 
29 29 
29 30 
31 31 
31 31 
31 31 
33 33 
34 35 
35 35 
36 36 
37 37 
37 37 
37 38 
38 38 
38 38 
38 39 
39 39 
39 40 
40 40 
41 41 
41 41 
41 42 
42 42 
43 43 
43 43 
43 44 
44 45 
45 46 
46 46 
46 47 
47 47 
47 48 
48 48 
48 48 
49 49 
49 50 
50 50 
52 52 
52 52 
52 53 
54 54 
55 55 
55 56 
56 56 
56 57 
58 58 
58 58 
59 59 
59 59 
60 61 
61 62 
62 62 
63 63 
63 63 
64 64 
65 65 
65 65 
66 67 
67 67 
68 68 
68 69 
69 69 
69 70 
70 71 
72 72 
72 72 
74 74 
74 74 
74 74 
74 75 
76 76 
76 77 
78 78 
78 78 
78 79 
79 79 
79 80 
80 80 
80 81 
81 81 
81 82 
82 82 
83 83 
83 84 
85 85 
85 85 
85 86 
86 86 
87 88 
88 88 
89 89 
89 91 
91 91 
92 93 
94 94 
94 95 
95 96 
96 96 
97 97 
97 97 
97 98 
98 98 
99 99 
99 100 
28 39 
28 40 
58 97 
74 85 
26 92 
25 47 
79 36 
99 63 
24 74 
38 49 
38 44 
65 81 
100 69 
83 46 
47 48 
69 70 
74 26 
44 72 
83 47 
62 87 
56 45 
63 96 
76 97 
11 97 
6 93 
5 18 
40 54 
77 49 
52 76 
1 2 
37 39 
43 80 
83 95 
74 80 
98 31 
30 35 
48 72 
79 89 
62 78 
46 31 
38 70 
8 38 
28 43 
56 60 
98 13 
14 35 
36 39 
52 1 
28 38 
62 2 
26 81 
58 66 
68 81 
88 56 
85 97 
28 37 
74 89 
94 14 
18 21 
68 17 
34 52 
85 6 
17 19 
80 17 
31 58 
75 99 
13 27 
67 63 
72 95 
27 38 
46 71 
97 82 
26 55 
54 69 
79 20 
37 42 
59 78 
2 41 
48 76 
56 72 
89 94 
37 78 
82 19 
33 39 
10 22 
50 65 
67 91 
15 63 
80 84 
41 49 
64 68 
41 45 
67 16 
17 55 
96 17 
35 52 
18 31 
50 59 
4 12 
17 29 
43 82 
86 48 
23 27 
58 26 
33 57 
61 88 
98 7 
31 55 
91 28 
29 47 
65 15 
40 41 
85 53 
61 74 
16 18 
28 65 
4 42 
46 81 
86 74 
85 99 
19 41 
78 96 
31 43 
59 64 
79 94 
5 25 
43 59 
91 28 
50 22 
69 88 
3 23 
24 42 
52 29 
37 78 
8 48 
86 15 
