2 3 
3 3 
4 4 
4 4 
5 5 
6 6 
6 6 
7 7 
7 8 
8 8 
8 9 
10 10 
11 11 
11 13 
14 15 
15 15 
15 15 
16 16 
16 17 
17 17 
17 18 
18 18 
19 19 
20 20 
20 20 
20 21 
21 22 
22 22 
23 23 
23 23 
23 23 
24 24 
24 24 
24 25 
26 26 
27 27 
27 27 
27 27 
28 28 
29 29 
29 30 
30 30 
30 30 
31 31 
32 32 
32 32 
33 33 
33 34 
34 34 
35 35 
35 35 
36 36 
36 36 
36 36 
37 38 
38 38 
38 38 
38 39 
39 40 
40 40 
41 41 
41 42 
42 42 
42 43 
43 43 
43 43 
44 44 
44 45 
45 46 
46 46 
47 48 
48 48 
49 49 
50 50 
50 50 
51 51 
52 52 
52 52 
52 53 
53 53 
53 53 
54 54 
54 56 
57 57 
57 57 
57 59 
59 60 
60 60 
61 61 
61 61 
62 63 
63 64 
64 64 
64 64 
67 67 
68 68 
68 68 
68 68 
69 69 
69 70 
70 70 
71 71 
71 72 
73 73 
73 74 
74 75 
76 76 
76 77 
77 77 
78 78 
78 78 
78 79 
79 79 
79 79 
79 79 
79 80 
81 81 
81 81 
81 81 
81 82 
82 83 
83 83 
84 84 
84 84 
85 85 
85 86 
86 86 
86 87 
88 88 
88 89 
89 89 
89 89 
89 90 
90 90 
91 91 
91 91 
91 92 
92 92 
93 93 
93 93 
93 95 
95 96 
96 96 
96 97 
97 97 
98 98 
99 99 
81 18 
27 91 
8 36 
38 69 
11 50 
54 61 
64 67 
27 28 
30 4 
20 29 
98 89 
49 91 
5 20 
90 23 
82 17 
71 79 
83 86 
24 45 
91 15 
27 79 
81 3 
46 78 
48 74 
8 11 
41 57 
70 37 
63 32 
40 97 
13 26 
38 46 
89 95 
16 28 
39 57 
68 76 
23 78 
3 7 
17 30 
33 49 
7 24 
8 38 
69 7 
27 79 
89 96 
34 48 
22 43 
45 93 
27 83 
88 31 
38 53 
36 54 
78 79 
4 35 
40 71 
93 96 
21 4 
23 29 
34 52 
62 24 
48 22 
36 87 
20 44 
92 73 
84 85 
93 32 
46 67 
84 89 
41 53 
90 16 
32 18 
23 43 
52 19 
31 39 
10 27 
5 68 
78 92 
76 92 
38 47 
70 76 
85 34 
44 68 
79 97 
6 35 
80 77 
20 24 
73 81 
93 64 
81 68 
69 91 
6 88 
89 90 
38 21 
79 6 
59 68 
72 98 
6 43 
24 50 
53 60 
64 81 
4 29 
60 20 
52 86 
15 36 
81 64 
42 57 
74 19 
73 88 
25 51 
52 56 
79 93 
18 26 
35 50 
86 15 
17 30 
35 53 
63 77 
96 54 
2 17 
57 59 
68 71 
97 14 
84 15 
33 86 
42 43 
82 99 
42 52 
89 15 
70 78 
83 40 
33 61 
75 9 
23 30 
43 61 
85 11 
44 61 
3 10 
16 60 
96 41 
50 51 
32 36 
42 57 
77 23 
99 30 
36 79 
91 22 
53 81 
8 64 
84 95 
