1 1 
1 2 
2 2 
3 3 
3 3 
4 4 
5 5 
6 6 
6 6 
7 7 
7 8 
8 8 
9 9 
9 10 
10 10 
10 10 
10 11 
11 12 
12 12 
12 12 
13 13 
13 13 
14 14 
15 15 
16 16 
16 16 
17 17 
17 18 
19 20 
21 21 
21 21 
22 24 
24 25 
25 25 
25 25 
26 26 
26 26 
27 27 
27 27 
27 28 
28 29 
29 29 
29 29 
30 30 
30 30 
30 31 
31 31 
33 33 
33 33 
33 33 
33 33 
34 34 
35 35 
35 36 
36 36 
36 36 
36 37 
37 37 
37 38 
39 39 
39 39 
40 40 
41 41 
41 41 
42 42 
42 43 
43 44 
44 44 
44 44 
44 45 
45 45 
46 46 
46 46 
48 48 
49 49 
49 50 
50 50 
50 51 
51 51 
52 53 
54 54 
55 56 
56 56 
57 57 
58 58 
58 58 
58 59 
59 60 
60 60 
60 61 
61 62 
62 62 
62 63 
63 63 
63 63 
63 63 
63 64 
64 65 
65 65 
66 68 
68 68 
69 69 
69 70 
71 71 
72 72 
72 72 
72 73 
73 73 
73 73 
74 75 
75 75 
76 77 
78 78 
78 79 
79 80 
80 81 
81 81 
81 81 
82 82 
83 83 
83 83 
83 84 
86 86 
86 87 
87 87 
87 88 
88 89 
89 89 
90 91 
91 92 
92 92 
92 92 
93 93 
94 94 
95 96 
96 96 
97 97 
97 98 
98 99 
99 100 
100 101 
101 101 
101 102 
102 102 
102 103 
103 103 
104 104 
104 104 
105 106 
107 107 
108 108 
108 109 
110 110 
111 112 
112 112 
112 113 
113 114 
114 114 
115 115 
115 115 
116 116 
116 116 
117 117 
117 118 
118 118 
118 119 
119 119 
119 120 
120 120 
120 121 
121 121 
123 123 
123 123 
124 124 
124 124 
124 125 
125 125 
126 126 
126 126 
126 127 
127 128 
128 128 
130 130 
131 132 
132 132 
133 133 
133 134 
134 135 
135 135 
135 135 
135 136 
137 137 
137 137 
138 138 
138 138 
138 138 
139 139 
139 139 
139 140 
140 140 
140 140 
141 141 
141 142 
143 143 
143 143 
143 144 
144 145 
145 146 
146 146 
147 148 
149 149 
149 149 
149 149 
149 149 
149 149 
151 151 
151 151 
152 152 
153 153 
153 153 
154 154 
155 155 
155 155 
156 156 
157 157 
157 157 
157 157 
158 158 
158 159 
159 159 
159 159 
160 160 
161 161 
162 162 
162 162 
162 163 
163 164 
164 164 
164 165 
165 165 
165 165 
166 166 
166 167 
167 167 
168 169 
169 169 
170 170 
170 170 
171 171 
172 172 
172 172 
173 174 
174 174 
174 174 
174 175 
175 176 
176 176 
176 177 
177 177 
177 177 
177 177 
178 178 
179 179 
179 179 
179 179 
179 179 
180 180 
180 181 
181 181 
181 181 
182 182 
183 183 
183 183 
183 184 
184 184 
184 184 
185 185 
187 187 
187 187 
187 188 
188 188 
188 188 
189 189 
189 189 
189 189 
189 189 
189 190 
190 190 
190 190 
191 191 
191 192 
192 193 
193 193 
193 193 
194 194 
194 194 
194 195 
195 195 
195 195 
196 196 
196 196 
198 199 
199 199 
200 200 
201 201 
202 202 
202 202 
203 203 
203 203 
204 205 
205 205 
205 205 
206 206 
206 207 
207 207 
207 207 
208 208 
208 209 
209 209 
210 210 
210 211 
212 212 
213 213 
213 213 
213 213 
214 215 
215 215 
217 217 
217 217 
218 218 
218 218 
218 219 
220 220 
220 220 
220 221 
221 221 
221 222 
222 223 
224 224 
224 224 
225 225 
225 225 
225 225 
226 226 
227 227 
227 228 
228 228 
229 229 
230 230 
230 231 
231 231 
232 232 
232 232 
234 235 
235 236 
236 237 
237 237 
237 237 
237 238 
238 239 
239 239 
239 240 
240 241 
241 242 
242 242 
242 243 
243 243 
244 244 
244 244 
245 245 
245 246 
246 246 
246 246 
246 246 
246 247 
247 247 
247 248 
248 248 
249 249 
250 250 
250 251 
252 252 
252 253 
253 253 
254 254 
255 255 
255 256 
257 257 
257 258 
258 258 
260 260 
260 261 
261 261 
262 262 
262 263 
264 264 
264 264 
265 265 
265 265 
266 266 
266 266 
267 267 
268 268 
268 268 
268 269 
269 269 
269 269 
269 269 
270 270 
270 270 
270 270 
270 271 
271 271 
272 272 
272 272 
272 272 
272 272 
273 273 
274 275 
276 276 
276 277 
277 277 
277 278 
278 278 
279 279 
279 279 
280 280 
281 281 
282 282 
282 282 
282 282 
282 283 
283 283 
283 283 
284 285 
285 285 
285 285 
286 286 
286 286 
287 287 
288 289 
289 289 
291 291 
292 292 
292 292 
293 293 
293 293 
293 294 
295 296 
296 297 
297 298 
298 298 
299 299 
300 300 
300 301 
302 302 
302 302 
303 303 
303 303 
303 304 
304 304 
305 305 
305 306 
306 306 
306 307 
307 307 
308 308 
308 309 
309 310 
310 310 
311 311 
311 311 
311 311 
311 311 
311 311 
311 311 
312 312 
312 312 
313 313 
313 313 
314 314 
314 314 
315 315 
316 316 
316 316 
317 317 
318 318 
318 319 
319 319 
320 320 
320 321 
321 321 
321 321 
321 322 
322 322 
322 322 
322 323 
323 323 
323 324 
324 324 
325 325 
325 326 
326 327 
327 327 
327 328 
328 329 
329 330 
330 330 
330 330 
330 331 
331 331 
332 332 
333 333 
333 333 
333 333 
333 333 
334 334 
335 335 
335 335 
336 336 
336 336 
337 337 
337 337 
337 338 
338 339 
339 339 
339 339 
339 340 
340 341 
341 341 
342 342 
342 342 
343 343 
343 343 
345 345 
345 345 
346 346 
346 346 
347 347 
347 348 
348 349 
349 350 
351 351 
351 351 
352 352 
352 352 
352 353 
354 354 
354 354 
354 355 
355 356 
356 356 
356 356 
357 357 
357 357 
357 357 
357 357 
358 358 
359 359 
359 360 
360 360 
360 361 
361 361 
362 362 
362 363 
364 364 
365 365 
366 366 
368 368 
369 371 
371 371 
371 372 
373 373 
374 374 
374 375 
375 375 
376 376 
377 377 
377 378 
379 379 
381 381 
381 381 
381 381 
382 382 
382 382 
382 383 
384 384 
385 385 
385 386 
386 386 
386 387 
387 387 
388 389 
390 390 
390 390 
391 391 
392 392 
392 392 
392 393 
393 393 
394 394 
394 394 
394 394 
395 395 
395 396 
396 396 
396 396 
396 397 
397 398 
398 398 
398 399 
400 400 
400 401 
401 401 
402 402 
402 402 
403 403 
403 404 
404 404 
405 405 
405 406 
406 406 
406 406 
407 407 
407 407 
407 407 
408 408 
409 409 
409 409 
409 410 
410 410 
410 410 
410 410 
411 411 
411 411 
411 412 
412 412 
412 412 
412 412 
413 413 
413 413 
414 414 
415 415 
415 415 
415 416 
416 416 
416 416 
417 417 
418 419 
419 419 
420 420 
421 422 
422 423 
423 425 
425 425 
425 425 
426 426 
426 426 
427 427 
427 427 
428 428 
429 429 
429 429 
430 430 
430 431 
431 431 
432 432 
432 432 
432 432 
433 433 
433 433 
433 433 
433 433 
434 434 
435 436 
436 436 
436 436 
437 437 
437 437 
438 439 
439 441 
441 441 
442 442 
444 444 
445 445 
445 445 
445 446 
446 446 
447 447 
447 448 
448 448 
448 448 
449 450 
450 450 
450 451 
451 451 
451 451 
451 452 
452 452 
453 453 
454 454 
454 454 
454 455 
455 455 
456 456 
456 457 
457 457 
457 458 
458 458 
459 459 
459 459 
459 460 
460 460 
461 461 
461 462 
462 463 
463 463 
465 465 
465 465 
465 466 
466 466 
466 466 
466 466 
467 467 
467 468 
468 469 
469 469 
469 470 
471 471 
471 471 
471 471 
472 472 
472 472 
473 473 
474 474 
474 474 
475 475 
475 476 
476 476 
476 477 
477 477 
477 477 
477 477 
478 478 
479 479 
479 479 
480 480 
480 480 
481 481 
481 482 
482 482 
482 482 
482 482 
483 483 
483 483 
484 484 
484 484 
485 485 
486 486 
486 487 
487 487 
487 488 
489 490 
490 490 
490 490 
491 491 
491 492 
492 492 
493 493 
493 493 
493 494 
494 494 
494 495 
495 495 
496 496 
496 496 
497 497 
497 497 
498 498 
498 499 
500 500 
500 500 
500 500 
501 501 
501 501 
501 502 
502 503 
503 503 
504 504 
504 505 
505 506 
506 506 
506 506 
507 508 
508 509 
510 510 
511 511 
512 513 
514 514 
514 515 
516 516 
516 516 
517 517 
518 518 
518 518 
518 518 
518 519 
519 519 
520 520 
520 520 
522 522 
523 523 
523 523 
524 524 
524 524 
525 525 
525 525 
526 526 
527 527 
527 528 
528 528 
529 529 
530 531 
531 532 
532 532 
532 533 
533 534 
535 535 
535 535 
536 536 
536 536 
537 537 
538 539 
539 539 
539 540 
540 541 
541 541 
541 542 
543 543 
543 544 
544 544 
545 545 
545 546 
546 546 
546 546 
546 546 
546 547 
547 547 
547 547 
547 547 
547 547 
547 548 
548 549 
549 549 
549 550 
550 550 
550 550 
551 551 
551 552 
552 553 
553 553 
553 553 
553 555 
555 556 
556 556 
557 557 
557 558 
558 558 
559 559 
559 560 
560 560 
560 561 
561 561 
561 562 
562 562 
562 563 
564 564 
564 564 
565 566 
566 567 
567 568 
568 568 
569 569 
570 571 
572 572 
573 573 
573 573 
574 574 
574 574 
574 575 
575 575 
576 576 
576 576 
576 576 
577 577 
577 577 
577 578 
578 578 
579 579 
579 580 
580 580 
580 580 
580 581 
581 582 
582 582 
583 583 
583 583 
583 584 
584 584 
585 585 
585 586 
586 586 
586 587 
587 587 
588 589 
589 589 
589 590 
590 591 
592 592 
592 593 
593 594 
595 596 
596 597 
597 597 
598 598 
598 599 
599 599 
599 600 
600 600 
600 600 
600 600 
601 601 
602 602 
602 602 
602 602 
602 603 
603 603 
604 604 
604 605 
605 606 
606 606 
606 607 
607 607 
607 608 
608 608 
608 608 
609 609 
609 609 
610 610 
610 610 
610 610 
610 611 
611 611 
612 613 
613 613 
614 614 
614 615 
615 615 
615 616 
616 616 
616 616 
616 616 
617 617 
617 619 
619 619 
621 621 
622 622 
622 622 
622 623 
624 625 
625 626 
626 627 
627 628 
629 629 
629 629 
630 630 
630 630 
632 632 
632 633 
633 634 
635 635 
635 636 
636 638 
638 639 
639 639 
639 640 
640 640 
641 641 
641 642 
642 643 
643 643 
644 644 
644 644 
644 644 
644 644 
645 645 
645 646 
646 646 
647 647 
647 647 
647 647 
648 648 
648 648 
648 648 
648 648 
649 649 
649 649 
649 649 
649 649 
649 650 
650 651 
651 651 
651 652 
652 652 
652 653 
653 654 
654 655 
655 656 
656 658 
658 658 
658 659 
660 660 
660 660 
660 661 
661 661 
662 662 
662 662 
663 664 
664 664 
664 665 
665 665 
665 666 
666 667 
668 668 
668 668 
668 668 
669 669 
669 669 
670 670 
671 671 
671 671 
672 672 
672 672 
673 673 
674 674 
675 675 
675 675 
675 676 
677 677 
677 677 
678 679 
680 680 
680 680 
681 681 
682 682 
683 683 
683 684 
684 684 
684 685 
685 685 
685 686 
686 686 
686 686 
686 687 
687 687 
687 687 
688 689 
690 690 
690 690 
691 691 
691 692 
692 693 
693 693 
693 694 
694 694 
695 695 
695 696 
696 697 
697 697 
697 697 
697 698 
698 698 
699 699 
699 700 
700 700 
701 701 
701 702 
702 703 
703 704 
704 704 
705 705 
706 706 
707 707 
707 708 
708 708 
708 709 
709 710 
710 710 
712 712 
712 712 
712 713 
713 713 
714 715 
715 715 
715 716 
716 716 
717 717 
718 718 
718 719 
720 720 
720 720 
720 721 
721 722 
722 722 
723 723 
723 724 
724 725 
725 726 
727 727 
728 728 
729 729 
729 729 
730 730 
731 731 
733 733 
734 734 
734 734 
735 735 
735 735 
736 736 
736 736 
737 737 
738 738 
738 739 
739 740 
740 740 
741 741 
741 741 
741 741 
741 742 
742 742 
742 743 
743 743 
743 745 
745 746 
746 747 
747 747 
747 747 
747 748 
748 749 
750 750 
750 750 
750 751 
751 752 
752 752 
752 752 
753 754 
754 754 
754 755 
755 755 
755 755 
755 755 
756 756 
756 756 
757 757 
757 758 
759 759 
759 759 
759 760 
760 760 
760 760 
761 761 
762 764 
764 764 
766 766 
766 767 
767 768 
768 768 
769 769 
769 769 
770 771 
771 771 
773 773 
773 774 
774 774 
774 774 
775 775 
776 776 
777 777 
777 777 
778 778 
778 778 
778 778 
778 779 
779 779 
779 779 
780 780 
780 780 
780 780 
780 781 
781 781 
781 781 
782 782 
782 782 
783 783 
784 784 
784 785 
785 785 
785 786 
786 786 
786 787 
788 788 
788 789 
789 789 
789 790 
790 790 
790 790 
791 792 
792 792 
792 792 
792 793 
793 794 
794 794 
794 794 
794 795 
795 795 
795 796 
796 796 
797 797 
797 798 
799 799 
799 799 
799 800 
800 800 
801 801 
801 801 
801 802 
802 802 
802 802 
803 803 
803 804 
804 804 
804 805 
805 805 
805 806 
806 807 
808 808 
808 808 
808 808 
809 810 
810 810 
811 811 
811 811 
812 812 
812 813 
813 813 
814 814 
814 814 
815 815 
816 817 
817 817 
819 819 
820 820 
821 821 
823 823 
823 823 
824 824 
824 824 
825 826 
826 826 
826 826 
826 827 
827 827 
827 827 
828 828 
828 829 
830 832 
832 832 
832 832 
832 832 
833 833 
833 833 
833 834 
834 834 
835 835 
835 835 
835 836 
836 836 
837 837 
838 838 
838 838 
838 839 
840 840 
840 841 
841 841 
841 842 
842 842 
843 843 
844 845 
845 845 
846 847 
849 849 
849 849 
849 850 
850 850 
851 851 
852 852 
853 853 
853 854 
854 854 
854 854 
855 856 
856 856 
856 857 
857 857 
858 859 
859 860 
860 861 
861 862 
862 862 
862 862 
863 863 
864 864 
865 865 
865 866 
866 866 
866 867 
867 867 
868 868 
869 869 
869 869 
870 870 
870 870 
871 871 
871 871 
873 873 
873 873 
873 874 
874 874 
875 875 
876 876 
876 877 
877 877 
877 877 
878 878 
878 878 
881 881 
882 882 
882 882 
883 883 
883 884 
885 885 
886 886 
886 886 
886 887 
887 888 
888 888 
888 889 
889 890 
891 891 
891 891 
892 893 
893 893 
893 893 
893 894 
894 894 
894 895 
895 895 
895 895 
896 896 
896 896 
896 897 
897 897 
897 898 
898 898 
898 899 
899 899 
900 900 
900 901 
901 901 
901 902 
903 903 
903 903 
903 904 
904 905 
905 905 
906 906 
906 907 
908 908 
908 908 
908 909 
910 910 
911 911 
911 912 
912 912 
912 914 
914 915 
915 916 
916 916 
916 916 
916 916 
917 917 
917 918 
918 918 
918 919 
919 920 
920 920 
921 921 
921 921 
921 921 
922 922 
922 922 
924 924 
924 924 
925 925 
925 925 
926 926 
926 926 
926 927 
927 927 
927 928 
928 928 
928 929 
929 929 
929 930 
931 931 
931 931 
931 931 
933 933 
933 933 
934 934 
934 934 
934 935 
936 936 
936 936 
937 937 
937 937 
938 939 
939 939 
939 939 
939 941 
941 941 
941 941 
942 943 
943 943 
944 944 
944 945 
945 946 
946 947 
947 947 
947 948 
948 948 
948 948 
948 949 
949 949 
949 950 
951 951 
951 951 
951 952 
952 953 
953 953 
954 954 
954 954 
954 954 
954 955 
955 955 
956 956 
956 956 
956 956 
956 956 
956 957 
957 957 
957 957 
957 958 
958 958 
959 959 
961 961 
961 962 
962 963 
964 964 
964 964 
964 965 
965 966 
966 967 
967 968 
968 969 
969 969 
969 970 
971 971 
972 973 
974 974 
974 975 
975 975 
975 976 
976 976 
977 977 
978 978 
978 978 
979 979 
979 980 
980 980 
980 980 
980 981 
981 981 
981 981 
981 982 
982 982 
983 984 
984 984 
985 985 
985 985 
986 986 
986 987 
987 987 
987 987 
988 988 
988 988 
989 989 
989 990 
990 990 
991 991 
992 992 
992 992 
992 993 
993 993 
993 993 
993 994 
994 994 
996 996 
996 996 
996 997 
997 997 
997 998 
998 999 
999 999 
999 1000 
1000 1000 
1001 1001 
1001 1001 
1001 1003 
1003 1003 
1004 1004 
1004 1004 
1005 1006 
1006 1007 
1007 1007 
1007 1008 
1008 1008 
1008 1008 
1008 1009 
1009 1009 
1010 1010 
1010 1010 
1010 1010 
1011 1011 
1011 1011 
1011 1011 
1013 1013 
1013 1015 
1015 1016 
1016 1016 
1017 1017 
1017 1017 
1018 1019 
1019 1019 
1020 1020 
1020 1022 
1022 1022 
1022 1024 
1025 1025 
1025 1025 
1026 1026 
1026 1026 
1027 1027 
1027 1028 
1028 1028 
1029 1029 
1029 1030 
1030 1030 
1031 1031 
1032 1033 
1034 1034 
1034 1034 
1035 1035 
1035 1035 
1036 1036 
1036 1036 
1036 1036 
1037 1038 
1038 1039 
1039 1039 
1040 1040 
1040 1041 
1041 1041 
1042 1042 
1043 1043 
1043 1043 
1043 1044 
1044 1044 
1046 1046 
1047 1047 
1047 1047 
1047 1048 
1048 1048 
1049 1050 
1050 1050 
1050 1050 
1050 1051 
1051 1052 
1052 1052 
1053 1054 
1054 1054 
1055 1055 
1055 1056 
1056 1056 
1056 1057 
1057 1057 
1057 1057 
1057 1058 
1058 1058 
1058 1058 
1058 1060 
1060 1060 
1061 1061 
1061 1061 
1062 1062 
1062 1062 
1063 1064 
1065 1065 
1065 1066 
1066 1066 
1066 1067 
1067 1067 
1068 1068 
1068 1069 
1069 1070 
1070 1070 
1071 1071 
1071 1071 
1071 1072 
1072 1072 
1073 1073 
1073 1073 
1073 1074 
1074 1075 
1075 1075 
1075 1076 
1076 1076 
1076 1077 
1078 1078 
1078 1079 
1079 1079 
1079 1080 
1080 1081 
1082 1082 
1082 1083 
1083 1083 
1083 1084 
1084 1084 
1085 1085 
1085 1085 
1086 1086 
1086 1087 
1087 1087 
1088 1089 
1089 1090 
1090 1091 
1091 1091 
1092 1092 
1092 1092 
1093 1093 
1093 1094 
1094 1094 
1094 1094 
1094 1095 
1095 1095 
1095 1095 
1095 1095 
1096 1096 
1096 1097 
1097 1097 
1097 1097 
1098 1098 
1099 1099 
1099 1099 
1099 1100 
1100 1100 
1101 1101 
1101 1102 
1103 1103 
1103 1104 
1104 1104 
1105 1105 
1105 1106 
1107 1107 
1107 1107 
1107 1107 
1107 1108 
1108 1109 
1109 1109 
1111 1111 
1111 1113 
1113 1113 
1113 1114 
1114 1115 
1115 1115 
1115 1116 
1116 1116 
1116 1116 
1116 1117 
1117 1118 
1118 1119 
1119 1119 
1119 1119 
1119 1120 
1120 1120 
1121 1121 
1121 1122 
1122 1122 
1122 1123 
1123 1123 
1124 1124 
1124 1126 
1126 1126 
1126 1126 
1127 1127 
1127 1128 
1128 1128 
1129 1129 
1129 1130 
1130 1130 
1130 1131 
1131 1131 
1132 1133 
1133 1133 
1133 1133 
1134 1134 
1134 1135 
1136 1137 
1137 1137 
1137 1138 
1138 1138 
1139 1140 
1140 1140 
1140 1140 
1140 1140 
1141 1141 
1141 1141 
1141 1142 
1142 1142 
1143 1143 
1143 1143 
1143 1143 
1144 1145 
1145 1146 
1146 1147 
1147 1148 
1148 1148 
1149 1149 
1149 1149 
1150 1150 
1150 1151 
1152 1152 
1153 1153 
1153 1154 
1154 1154 
1155 1156 
1156 1157 
1157 1157 
1157 1157 
1157 1158 
1158 1158 
1158 1158 
1159 1159 
1160 1160 
1161 1161 
1161 1162 
1162 1163 
1164 1164 
1164 1164 
1165 1165 
1166 1166 
1166 1167 
1168 1168 
1168 1168 
1168 1168 
1168 1169 
1169 1169 
1169 1170 
1170 1170 
1170 1171 
1171 1171 
1171 1171 
1171 1172 
1172 1172 
1172 1172 
1172 1172 
1172 1173 
1173 1173 
1174 1174 
1174 1175 
1175 1175 
1176 1176 
1176 1176 
1176 1176 
1177 1177 
1178 1178 
1178 1179 
1179 1179 
1179 1180 
1180 1180 
1180 1181 
1181 1182 
1182 1183 
1183 1183 
1183 1184 
1184 1184 
1185 1186 
1186 1187 
1187 1188 
1188 1188 
1189 1189 
1189 1189 
1189 1190 
1190 1190 
1190 1190 
1190 1190 
1190 1191 
1191 1191 
1192 1192 
1192 1192 
1193 1193 
1193 1193 
1193 1194 
1194 1195 
1195 1195 
1195 1196 
1196 1196 
1197 1199 
1199 1200 
1200 1200 
1201 1201 
1201 1202 
1202 1202 
1202 1202 
1203 1204 
1204 1204 
1204 1205 
1205 1205 
1205 1205 
1205 1206 
1206 1206 
1207 1207 
1207 1208 
1208 1208 
1209 1210 
1210 1210 
1211 1211 
1211 1211 
1211 1212 
1212 1212 
1213 1214 
1215 1215 
1215 1215 
1215 1216 
1216 1217 
1217 1218 
1218 1219 
1219 1219 
1219 1219 
1219 1219 
1219 1219 
1220 1220 
1221 1221 
1221 1222 
1222 1222 
1222 1222 
1223 1223 
1223 1223 
1223 1223 
1224 1224 
1224 1224 
1225 1225 
1225 1226 
1226 1226 
1227 1227 
1227 1227 
1227 1227 
1227 1227 
1227 1228 
1228 1229 
1230 1230 
1231 1231 
1231 1231 
1232 1232 
1233 1233 
1233 1233 
1233 1234 
1234 1234 
1234 1235 
1235 1236 
1236 1236 
1236 1236 
1236 1237 
1237 1238 
1238 1238 
1238 1239 
1239 1239 
1240 1240 
1240 1241 
1241 1242 
1242 1245 
1245 1246 
1246 1247 
1247 1247 
1247 1247 
1248 1249 
1250 1250 
1250 1250 
1250 1251 
1251 1251 
1252 1252 
1253 1253 
1253 1253 
1253 1253 
1254 1254 
1254 1255 
1256 1256 
1257 1257 
1257 1257 
1257 1257 
1258 1258 
1258 1258 
1259 1260 
1260 1260 
1260 1261 
1261 1261 
1261 1262 
1262 1264 
1264 1265 
1265 1265 
1265 1265 
1266 1266 
1266 1266 
1267 1267 
1268 1268 
1268 1268 
1268 1268 
1268 1269 
1269 1270 
1270 1270 
1271 1271 
1272 1273 
1273 1273 
1273 1274 
1274 1274 
1275 1275 
1276 1276 
1276 1277 
1277 1277 
1278 1278 
1278 1278 
1279 1279 
1280 1280 
1280 1280 
1281 1281 
1281 1281 
1281 1281 
1282 1282 
1282 1283 
1283 1283 
1283 1283 
1283 1284 
1285 1286 
1286 1286 
1286 1287 
1288 1289 
1289 1289 
1290 1290 
1291 1291 
1291 1292 
1292 1293 
1293 1294 
1294 1294 
1295 1295 
1295 1295 
1295 1296 
1296 1296 
1297 1297 
1297 1297 
1297 1298 
1298 1298 
1298 1298 
1298 1299 
1299 1300 
1300 1301 
1301 1301 
1301 1301 
1303 1303 
1303 1304 
1304 1305 
1305 1305 
1305 1305 
1306 1306 
1306 1306 
1307 1307 
1307 1307 
1308 1309 
1309 1309 
1309 1309 
1309 1309 
1310 1310 
1310 1311 
1311 1311 
1311 1312 
1312 1313 
1314 1314 
1315 1316 
1317 1317 
1317 1318 
1318 1318 
1318 1319 
1319 1319 
1320 1320 
1320 1321 
1322 1322 
1322 1323 
1323 1323 
1324 1324 
1324 1325 
1325 1326 
1326 1326 
1327 1327 
1328 1328 
1329 1330 
1330 1330 
1330 1331 
1331 1331 
1331 1332 
1332 1332 
1332 1332 
1332 1333 
1334 1335 
1335 1335 
1337 1337 
1337 1338 
1338 1339 
1339 1339 
1339 1340 
1340 1342 
1342 1344 
1344 1344 
1344 1345 
1345 1345 
1346 1347 
1347 1347 
1348 1348 
1349 1349 
1349 1350 
1350 1351 
1351 1352 
1352 1352 
1352 1352 
1352 1353 
1354 1354 
1355 1355 
1355 1356 
1356 1357 
1357 1357 
1357 1358 
1358 1358 
1359 1359 
1359 1359 
1360 1360 
1360 1361 
1361 1361 
1361 1361 
1361 1362 
1362 1362 
1363 1363 
1363 1363 
1364 1364 
1364 1364 
1364 1364 
1364 1364 
1364 1365 
1365 1365 
1365 1366 
1367 1367 
1368 1369 
1369 1369 
1369 1370 
1370 1371 
1371 1371 
1373 1374 
1375 1375 
1376 1376 
1377 1377 
1377 1377 
1378 1378 
1378 1378 
1378 1378 
1378 1378 
1379 1379 
1379 1379 
1380 1380 
1380 1381 
1381 1381 
1381 1381 
1382 1382 
1383 1383 
1383 1383 
1385 1385 
1385 1385 
1385 1386 
1386 1386 
1386 1386 
1386 1387 
1387 1387 
1388 1388 
1388 1388 
1389 1390 
1390 1390 
1391 1391 
1391 1391 
1392 1392 
1392 1392 
1392 1392 
1392 1392 
1393 1393 
1393 1393 
1394 1394 
1394 1395 
1395 1396 
1396 1397 
1397 1397 
1398 1398 
1398 1399 
1399 1399 
1400 1400 
1401 1401 
1401 1401 
1401 1402 
1402 1402 
1402 1402 
1403 1404 
1405 1405 
1406 1406 
1406 1406 
1406 1406 
1406 1407 
1407 1407 
1407 1407 
1408 1409 
1410 1410 
1410 1411 
1411 1411 
1411 1412 
1412 1413 
1413 1413 
1414 1414 
1414 1414 
1415 1415 
1415 1415 
1415 1415 
1416 1416 
1417 1417 
1417 1418 
1418 1418 
1418 1418 
1419 1419 
1419 1420 
1420 1420 
1421 1421 
1421 1422 
1422 1422 
1423 1423 
1424 1424 
1424 1425 
1425 1425 
1425 1425 
1425 1426 
1426 1426 
1426 1427 
1427 1427 
1427 1428 
1428 1429 
1430 1430 
1432 1432 
1432 1433 
1433 1434 
1434 1434 
1434 1435 
1435 1435 
1435 1435 
1436 1436 
1436 1436 
1437 1437 
1437 1437 
1438 1438 
1438 1439 
1439 1439 
1439 1439 
1439 1439 
1440 1440 
1440 1440 
1441 1442 
1442 1442 
1442 1442 
1442 1443 
1443 1443 
1443 1444 
1446 1447 
1447 1447 
1448 1448 
1449 1449 
1449 1450 
1450 1451 
1452 1452 
1452 1452 
1452 1452 
1453 1453 
1453 1453 
1453 1454 
1455 1455 
1455 1455 
1456 1456 
1456 1456 
1457 1457 
1457 1457 
1457 1457 
1458 1459 
1459 1459 
1460 1460 
1460 1460 
1461 1461 
1462 1463 
1463 1463 
1463 1463 
1463 1464 
1464 1464 
1464 1465 
1465 1465 
1465 1466 
1466 1466 
1466 1467 
1467 1468 
1468 1468 
1469 1469 
1469 1469 
1469 1470 
1470 1470 
1470 1472 
1472 1472 
1472 1472 
1473 1473 
1473 1474 
1475 1475 
1475 1475 
1476 1476 
1477 1477 
1477 1477 
1479 1479 
1479 1479 
1480 1480 
1480 1480 
1480 1481 
1481 1481 
1481 1482 
1482 1482 
1482 1482 
1483 1483 
1484 1484 
1484 1484 
1485 1486 
1486 1486 
1486 1486 
1486 1486 
1486 1487 
1488 1488 
1488 1489 
1489 1489 
1489 1490 
1490 1490 
1491 1491 
1491 1491 
1491 1491 
1492 1493 
1493 1493 
1495 1495 
1495 1495 
1495 1496 
1496 1496 
1496 1496 
1496 1497 
1497 1497 
1497 1497 
1498 1498 
1498 1498 
1498 1499 
1499 1499 
1499 1499 
1499 1499 
1499 1500 
1500 1501 
1501 1501 
1501 1502 
1502 1502 
1502 1503 
1503 1503 
1504 1504 
1504 1504 
1505 1505 
1506 1506 
1506 1507 
1507 1508 
1508 1508 
1508 1509 
1509 1509 
1509 1509 
1509 1510 
1510 1511 
1511 1511 
1512 1513 
1513 1513 
1513 1514 
1514 1514 
1514 1515 
1516 1516 
1516 1516 
1517 1517 
1517 1518 
1519 1519 
1519 1519 
1519 1519 
1520 1520 
1520 1520 
1520 1520 
1520 1521 
1521 1521 
1521 1521 
1522 1523 
1523 1523 
1524 1524 
1524 1524 
1524 1525 
1525 1526 
1526 1526 
1527 1527 
1527 1527 
1527 1528 
1528 1529 
1530 1530 
1531 1531 
1531 1531 
1531 1531 
1532 1532 
1532 1532 
1532 1533 
1533 1533 
1534 1534 
1535 1535 
1535 1535 
1536 1536 
1536 1536 
1537 1537 
1537 1538 
1539 1539 
1539 1539 
1540 1540 
1540 1540 
1540 1541 
1541 1541 
1542 1542 
1542 1542 
1542 1543 
1543 1543 
1543 1543 
1543 1544 
1544 1544 
1544 1544 
1544 1545 
1545 1545 
1547 1547 
1548 1548 
1548 1549 
1550 1550 
1550 1550 
1551 1551 
1551 1551 
1552 1552 
1552 1553 
1553 1553 
1554 1555 
1555 1555 
1555 1555 
1556 1556 
1557 1557 
1557 1558 
1558 1559 
1560 1560 
1562 1562 
1562 1563 
1563 1563 
1563 1563 
1563 1563 
1565 1566 
1566 1566 
1566 1567 
1567 1567 
1567 1568 
1568 1568 
1568 1569 
1569 1569 
1569 1569 
1569 1569 
1570 1570 
1570 1570 
1571 1571 
1571 1572 
1572 1572 
1572 1572 
1572 1573 
1573 1573 
1574 1574 
1575 1576 
1577 1578 
1578 1579 
1580 1580 
1581 1581 
1582 1583 
1583 1583 
1583 1583 
1584 1584 
1584 1584 
1584 1585 
1585 1586 
1586 1586 
1586 1586 
1587 1589 
1589 1590 
1590 1591 
1592 1592 
1592 1593 
1593 1593 
1593 1593 
1593 1593 
1594 1594 
1594 1594 
1594 1595 
1596 1597 
1597 1597 
1597 1597 
1598 1598 
1600 1600 
1600 1600 
1600 1601 
1601 1601 
1601 1601 
1601 1602 
1603 1603 
1604 1604 
1604 1605 
1605 1605 
1606 1607 
1607 1607 
1607 1609 
1610 1610 
1610 1610 
1611 1612 
1612 1612 
1613 1613 
1613 1614 
1614 1614 
1614 1614 
1614 1615 
1615 1616 
1617 1617 
1617 1617 
1617 1619 
1619 1619 
1620 1621 
1621 1621 
1621 1621 
1622 1622 
1622 1622 
1623 1623 
1623 1623 
1623 1624 
1624 1624 
1624 1625 
1626 1626 
1627 1627 
1627 1628 
1629 1629 
1629 1630 
1631 1631 
1632 1633 
1633 1633 
1633 1635 
1635 1636 
1637 1637 
1637 1637 
1637 1638 
1638 1638 
1638 1639 
1639 1640 
1640 1640 
1640 1640 
1640 1641 
1641 1641 
1641 1642 
1642 1642 
1643 1644 
1645 1645 
1645 1645 
1645 1646 
1646 1647 
1647 1647 
1648 1648 
1648 1648 
1648 1648 
1649 1649 
1649 1650 
1650 1650 
1651 1651 
1651 1652 
1652 1653 
1654 1654 
1655 1655 
1655 1655 
1656 1656 
1657 1658 
1658 1659 
1659 1659 
1660 1660 
1661 1661 
1662 1662 
1662 1663 
1663 1663 
1664 1664 
1664 1664 
1664 1664 
1664 1665 
1665 1665 
1665 1666 
1666 1666 
1667 1667 
1667 1668 
1670 1670 
1670 1671 
1671 1671 
1672 1672 
1673 1673 
1673 1675 
1675 1675 
1676 1676 
1677 1677 
1678 1678 
1678 1679 
1679 1679 
1680 1680 
1680 1681 
1681 1681 
1681 1681 
1681 1682 
1682 1682 
1683 1683 
1683 1683 
1683 1684 
1684 1684 
1684 1684 
1685 1685 
1685 1685 
1686 1686 
1686 1686 
1687 1687 
1688 1688 
1688 1688 
1688 1688 
1688 1689 
1689 1689 
1689 1690 
1691 1692 
1692 1692 
1692 1692 
1693 1693 
1693 1693 
1693 1693 
1693 1693 
1694 1695 
1695 1695 
1696 1696 
1696 1697 
1697 1697 
1697 1697 
1698 1698 
1698 1698 
1699 1699 
1699 1699 
1699 1699 
1699 1700 
1700 1700 
1700 1700 
1700 1700 
1701 1701 
1701 1701 
1702 1702 
1702 1702 
1702 1702 
1703 1703 
1704 1705 
1705 1705 
1705 1706 
1706 1707 
1707 1709 
1709 1709 
1710 1710 
1711 1711 
1712 1712 
1712 1712 
1713 1713 
1713 1714 
1715 1715 
1715 1715 
1716 1716 
1716 1716 
1717 1717 
1718 1718 
1718 1718 
1718 1719 
1719 1719 
1719 1720 
1720 1720 
1720 1720 
1721 1721 
1721 1721 
1722 1722 
1722 1723 
1723 1723 
1724 1724 
1724 1724 
1724 1725 
1725 1726 
1726 1727 
1727 1728 
1728 1728 
1728 1728 
1728 1729 
1729 1729 
1729 1730 
1730 1731 
1732 1732 
1732 1733 
1733 1733 
1733 1733 
1733 1733 
1733 1733 
1733 1733 
1734 1734 
1735 1735 
1736 1736 
1736 1737 
1737 1737 
1738 1738 
1738 1738 
1739 1739 
1740 1740 
1741 1741 
1741 1742 
1743 1743 
1744 1744 
1744 1744 
1744 1745 
1745 1745 
1745 1745 
1746 1746 
1747 1747 
1747 1747 
1748 1748 
1748 1748 
1748 1748 
1749 1750 
1750 1750 
1751 1751 
1752 1753 
1754 1755 
1756 1756 
1757 1757 
1757 1757 
1758 1758 
1758 1758 
1759 1759 
1759 1761 
1761 1762 
1762 1762 
1762 1762 
1763 1763 
1763 1763 
1763 1764 
1764 1764 
1764 1764 
1764 1765 
1765 1766 
1766 1766 
1766 1767 
1767 1767 
1767 1767 
1767 1768 
1768 1768 
1768 1768 
1769 1769 
1769 1770 
1770 1771 
1771 1772 
1772 1772 
1773 1773 
1774 1774 
1774 1774 
1774 1774 
1775 1776 
1776 1777 
1777 1778 
1778 1778 
1779 1779 
1779 1779 
1780 1780 
1780 1781 
1781 1781 
1781 1782 
1782 1783 
1783 1783 
1783 1783 
1784 1784 
1784 1784 
1785 1785 
1785 1786 
1787 1787 
1788 1788 
1788 1788 
1788 1788 
1789 1789 
1789 1789 
1789 1790 
1790 1790 
1790 1790 
1791 1791 
1791 1792 
1792 1793 
1793 1793 
1794 1795 
1795 1795 
1795 1795 
1795 1796 
1796 1796 
1797 1797 
1797 1798 
1798 1798 
1798 1799 
1800 1800 
1800 1800 
1803 1803 
1803 1804 
1804 1804 
1804 1804 
1805 1805 
1805 1805 
1805 1806 
1806 1806 
1806 1807 
1807 1808 
1808 1808 
1808 1808 
1808 1809 
1809 1810 
1810 1812 
1812 1812 
1813 1814 
1814 1814 
1814 1815 
1815 1815 
1816 1816 
1816 1816 
1816 1816 
1817 1817 
1818 1818 
1818 1819 
1819 1819 
1820 1820 
1820 1820 
1820 1820 
1822 1822 
1824 1825 
1825 1825 
1825 1825 
1826 1826 
1826 1826 
1826 1827 
1827 1827 
1827 1829 
1829 1830 
1830 1830 
1831 1831 
1832 1832 
1832 1832 
1832 1832 
1833 1833 
1833 1833 
1833 1834 
1834 1835 
1835 1835 
1835 1835 
1835 1836 
1836 1836 
1837 1837 
1837 1838 
1838 1838 
1838 1838 
1839 1839 
1839 1839 
1839 1839 
1839 1839 
1839 1840 
1840 1840 
1840 1840 
1840 1841 
1841 1841 
1841 1841 
1841 1841 
1842 1842 
1842 1842 
1843 1844 
1844 1844 
1844 1845 
1845 1845 
1846 1846 
1846 1846 
1846 1846 
1847 1847 
1847 1847 
1847 1848 
1848 1849 
1849 1849 
1849 1849 
1849 1849 
1849 1849 
1850 1850 
1851 1851 
1851 1851 
1852 1852 
1852 1852 
1852 1852 
1853 1853 
1853 1854 
1854 1854 
1855 1855 
1855 1856 
1856 1857 
1857 1857 
1859 1859 
1859 1860 
1860 1860 
1860 1860 
1861 1861 
1861 1862 
1862 1862 
1862 1863 
1863 1863 
1863 1864 
1864 1865 
1865 1865 
1866 1866 
1866 1866 
1867 1867 
1867 1867 
1868 1868 
1868 1869 
1869 1870 
1870 1870 
1871 1871 
1871 1871 
1871 1872 
1873 1873 
1874 1874 
1874 1874 
1874 1875 
1875 1875 
1876 1876 
1876 1877 
1877 1877 
1877 1878 
1878 1878 
1879 1879 
1879 1879 
1880 1880 
1880 1880 
1880 1881 
1881 1882 
1882 1882 
1883 1883 
1883 1883 
1883 1884 
1885 1885 
1885 1885 
1885 1886 
1886 1886 
1886 1886 
1887 1887 
1888 1888 
1888 1889 
1890 1890 
1891 1891 
1891 1891 
1891 1892 
1892 1892 
1892 1893 
1893 1893 
1893 1893 
1893 1894 
1895 1895 
1896 1896 
1896 1896 
1896 1896 
1897 1897 
1897 1899 
1899 1899 
1899 1900 
1900 1900 
1900 1900 
1900 1901 
1901 1902 
1902 1902 
1902 1904 
1904 1904 
1904 1904 
1905 1906 
1906 1906 
1906 1906 
1907 1907 
1907 1907 
1908 1908 
1908 1909 
1910 1910 
1911 1911 
1912 1912 
1912 1913 
1914 1914 
1914 1914 
1914 1915 
1915 1915 
1915 1916 
1916 1916 
1917 1917 
1917 1918 
1918 1918 
1918 1918 
1918 1919 
1919 1920 
1920 1921 
1921 1922 
1922 1923 
1923 1923 
1923 1923 
1924 1924 
1924 1924 
1924 1924 
1924 1925 
1925 1926 
1927 1927 
1928 1928 
1928 1929 
1929 1929 
1929 1929 
1931 1931 
1931 1931 
1932 1932 
1932 1933 
1933 1934 
1935 1935 
1936 1936 
1936 1936 
1936 1937 
1937 1937 
1937 1937 
1939 1939 
1940 1940 
1940 1940 
1941 1941 
1942 1943 
1944 1945 
1945 1945 
1945 1945 
1945 1945 
1946 1946 
1946 1948 
1948 1948 
1949 1949 
1950 1951 
1951 1951 
1952 1952 
1952 1952 
1953 1954 
1954 1954 
1955 1955 
1955 1955 
1956 1957 
1957 1958 
1958 1959 
1959 1959 
1960 1960 
1960 1963 
1963 1963 
1963 1964 
1965 1965 
1966 1968 
1968 1969 
1969 1969 
1969 1970 
1970 1971 
1971 1971 
1972 1972 
1972 1972 
1972 1973 
1973 1975 
1975 1975 
1976 1976 
1977 1978 
1978 1978 
1978 1978 
1979 1979 
1979 1979 
1979 1980 
1980 1980 
1980 1980 
1981 1981 
1982 1982 
1983 1985 
1985 1985 
1985 1985 
1986 1986 
1986 1987 
1987 1988 
1988 1988 
1989 1989 
1990 1990 
1990 1991 
1991 1991 
1991 1991 
1992 1992 
1992 1992 
1992 1993 
1994 1994 
1994 1994 
1994 1994 
1994 1994 
1995 1995 
1996 1996 
1997 1997 
1997 1998 
1998 1999 
1999 2000 
2000 2000 
555 1459 
1762 88 
755 1543 
1035 1166 
1345 1449 
630 1508 
1141 1673 
240 682 
742 1852 
649 917 
1916 114 
647 689 
160 237 
1407 138 
174 190 
381 833 
894 821 
882 102 
135 231 
987 1345 
149 493 
1058 1827 
794 1650 
423 1133 
137 203 
1447 1562 
352 582 
903 1547 
49 1176 
92 155 
162 708 
1780 1897 
1908 168 
574 734 
1027 1622 
86 303 
750 1688 
40 708 
733 796 
1838 357 
1183 981 
1088 1102 
1133 1544 
174 561 
840 957 
1207 514 
722 727 
115 466 
570 678 
741 961 
1180 1774 
667 1177 
36 491 
583 35 
205 925 
988 1565 
1768 87 
357 1700 
1994 1593 
1250 1274 
1278 1526 
27 1070 
137 323 
401 710 
1391 1417 
1418 668 
1222 313 
321 539 
945 1379 
1836 359 
1036 1600 
985 1281 
1295 1814 
1280 1865 
19 243 
1568 204 
337 371 
929 1140 
1548 1664 
1422 1370 
569 1083 
574 1191 
1594 1742 
869 1457 
552 1050 
1087 1589 
1859 286 
658 592 
668 686 
1043 720 
1849 673 
739 1501 
1847 97 
199 282 
974 1145 
1174 1645 
1957 190 
1188 106 
432 1992 
1500 176 
339 1541 
795 1009 
1795 903 
704 1699 
491 725 
1339 1682 
1739 76 
138 759 
1297 1665 
662 330 
1008 1419 
73 871 
392 562 
1915 411 
1447 692 
1835 166 
266 712 
820 1013 
516 1553 
153 561 
688 1686 
1855 1455 
26 291 
1184 37 
954 1170 
1281 2 
1610 379 
1062 1141 
536 1233 
1460 21 
155 808 
886 1878 
1866 1867 
405 1397 
174 747 
1105 1513 
63 149 
165 1171 
1839 177 
1129 957 
1011 719 
893 964 
1939 12 
857 1520 
1782 1223 
1299 1660 
320 589 
877 1258 
1862 65 
264 1419 
170 1126 
1807 1553 
158 957 
438 141 
977 1567 
1762 210 
393 8 
444 534 
33 795 
1029 1496 
139 224 
918 1979 
635 1584 
1617 969 
1422 1871 
1873 151 
757 1667 
1796 262 
405 986 
1461 964 
1289 1982 
402 430 
493 1840 
196 877 
1737 1916 
1922 690 
1261 1716 
189 646 
1826 1840 
1955 157 
1100 410 
1385 1950 
859 1539 
1452 756 
877 1756 
905 1158 
1980 267 
475 12 
451 1180 
1294 1685 
1738 1331 
16 41 
1190 1663 
10 73 
687 939 
1089 1607 
116 933 
1307 1655 
1945 588 
759 1371 
1655 1906 
112 887 
1614 1662 
345 691 
833 1688 
1913 1361 
1745 1350 
1433 299 
655 1486 
905 1498 
13 97 
368 610 
892 965 
1168 1347 
1465 1594 
119 183 
1314 1963 
1153 1187 
83 158 
579 1332 
362 1817 
21 92 
333 1178 
1637 1738 
127 337 
971 1573 
1779 1940 
110 153 
1180 321 
401 412 
611 981 
9 1915 
857 1393 
21 326 
549 603 
1068 891 
990 252 
309 312 
1822 97 
860 1309 
1401 1847 
81 177 
1265 616 
837 1486 
25 423 
1700 1764 
108 754 
1150 1975 
1836 1888 
176 1258 
1481 1924 
1402 10 
30 95 
193 933 
1859 1397 
1689 68 
172 1223 
1309 99 
166 220 
252 306 
381 926 
737 1625 
560 691 
826 997 
1482 1504 
1520 1763 
610 1141 
1789 677 
778 955 
1631 1788 
1758 1867 
151 597 
600 864 
1378 1134 
1304 1830 
1942 1963 
1068 1732 
406 471 
1809 1814 
1919 566 
1004 1297 
1917 1972 
126 255 
287 574 
950 1035 
1073 1531 
1632 10 
64 856 
1019 1994 
387 993 
1317 650 
1228 174 
777 1345 
1437 1502 
241 1277 
1401 1418 
1902 596 
1035 1276 
1329 1364 
124 420 
915 1166 
1400 63 
894 1711 
1407 1629 
386 1204 
638 1010 
1569 1895 
16 629 
1289 1570 
50 36 
943 1319 
1841 1910 
677 927 
1294 241 
276 920 
1434 1937 
729 875 
1020 834 
1142 1678 
113 323 
916 507 
989 1313 
268 269 
886 1393 
1671 1933 
317 225 
289 1774 
395 968 
1262 1929 
1511 1513 
1575 1616 
1946 1518 
177 761 
1119 1190 
1685 973 
1358 1638 
1682 541 
760 652 
116 582 
850 1427 
215 573 
660 882 
1385 1598 
1460 1601 
1498 1528 
1768 852 
1501 1800 
648 842 
336 675 
944 12 
448 991 
736 813 
980 1698 
478 1038 
1275 399 
1681 9 
817 1111 
1416 1447 
1569 460 
739 984 
1131 1491 
1499 6 
605 194 
207 1554 
1654 1815 
1944 49 
322 825 
536 1718 
1770 1958 
293 999 
1212 769 
783 1383 
1646 1665 
1701 1715 
1767 429 
432 1260 
1757 308 
484 1440 
559 1514 
388 1456 
1614 1615 
164 177 
1353 851 
1011 1484 
355 454 
189 389 
691 1058 
949 1152 
1265 654 
778 1398 
497 1832 
1848 308 
386 459 
120 707 
785 273 
107 912 
927 1705 
609 946 
998 1270 
81 287 
371 1308 
134 1050 
213 558 
1172 1854 
1878 213 
400 686 
1392 1519 
1900 1948 
272 694 
868 1364 
1642 1724 
1958 450 
497 778 
270 546 
675 710 
799 1093 
1481 1692 
263 1046 
901 1158 
207 1143 
1992 341 
781 1122 
1706 286 
316 867 
549 1168 
1357 1497 
476 1672 
1052 1428 
63 535 
794 1118 
1361 1692 
1875 354 
381 779 
843 1148 
1892 665 
876 1072 
1422 1982 
59 278 
1127 1470 
189 266 
1335 215 
782 792 
86 1735 
314 741 
1948 1994 
245 474 
640 1584 
1805 1762 
1548 648 
1277 722 
1175 407 
959 1718 
146 884 
1008 1052 
1795 982 
480 670 
1303 1791 
26 422 
528 802 
1466 433 
910 1656 
306 712 
1790 177 
305 1172 
1543 1386 
1496 1997 
248 261 
644 164 
1211 985 
1502 1985 
503 547 
1097 1340 
1365 1439 
1557 1684 
1800 1839 
1847 1851 
164 416 
810 1999 
44 809 
914 1116 
292 956 
1227 1700 
1189 1994 
278 1009 
1104 1834 
214 863 
425 1392 
1826 1359 
1381 1764 
104 1227 
1509 44 
159 490 
718 1057 
1866 243 
1274 1332 
1633 1839 
1885 41 
210 410 
1388 865 
917 1210 
519 835 
1626 162 
1890 559 
1047 1699 
1929 893 
1338 447 
1668 75 
1036 1078 
1225 1698 
1869 460 
1614 1852 
958 1841 
155 957 
978 1027 
1491 1698 
1744 1931 
898 1164 
817 1355 
1470 1692 
230 409 
693 845 
50 157 
828 1032 
1580 1123 
1818 68 
701 1039 
1817 1869 
1935 964 
1413 277 
1598 1896 
918 1095 
1322 1955 
345 645 
1209 1268 
143 343 
1172 1458 
412 500 
926 1168 
754 813 
962 377 
1261 828 
941 735 
381 894 
1195 1446 
17 457 
615 1124 
1307 1426 
283 500 
767 1155 
1188 254 
1844 873 
1490 1559 
1745 1886 
28 37 
602 639 
887 1085 
1435 1622 
854 1700 
45 1261 
1548 372 
905 1765 
1846 394 
1026 1970 
154 632 
1523 1132 
644 935 
681 1532 
1542 1806 
149 670 
1924 50 
266 392 
1463 360 
1162 1764 
1605 1849 
1996 994 
1490 1949 
996 1797 
348 1357 
1680 1359 
89 1092 
10 177 
283 351 
1532 1622 
477 863 
1039 1075 
1128 475 
431 1683 
824 830 
1119 201 
261 800 
1895 191 
1100 1236 
250 255 
1231 1295 
1410 1530 
937 1928 
78 371 
477 931 
1061 113 
785 1838 
361 680 
1637 1721 
1724 1865 
217 1050 
1846 555 
589 658 
804 1915 
1994 466 
741 599 
1507 1766 
1842 236 
269 735 
1405 41 
159 445 
123 944 
1097 1968 
474 979 
1207 984 
1379 1721 
94 120 
1718 187 
480 1008 
1649 1830 
298 502 
1000 1342 
1502 1940 
473 1026 
336 833 
965 1952 
1991 128 
323 546 
557 1397 
1586 1679 
79 684 
1140 1299 
1540 159 
346 486 
504 792 
1269 1425 
663 1093 
1222 1377 
425 1386 
1101 1176 
1392 1418 
1716 312 
1113 1415 
1486 1647 
1255 1309 
1741 1118 
1499 1748 
196 1030 
589 303 
917 15 
169 318 
414 673 
1185 1658 
668 777 
1780 1788 
838 1097 
1534 1909 
1358 1436 
247 756 
1778 1879 
123 535 
1601 384 
1692 1705 
65 247 
539 1361 
1510 1724 
304 690 
827 1377 
1612 1733 
1739 1883 
694 1191 
1318 482 
826 986 
1547 1834 
647 873 
949 1351 
111 1581 
1720 528 
1196 1260 
543 1661 
114 1479 
401 548 
771 850 
1552 888 
926 1395 
329 919 
1574 231 
551 869 
918 1147 
558 271 
583 1179 
1936 135 
576 587 
851 1175 
1783 480 
524 1130 
954 1161 
254 494 
1042 1095 
1862 1157 
1279 1556 
1066 1116 
1981 352 
1593 1667 
1882 849 
1662 1880 
261 483 
1307 1849 
1927 238 
331 1285 
592 1086 
1583 568 
1844 622 
1303 1338 
483 659 
728 785 
832 33 
397 1010 
1179 1274 
1891 1893 
747 1352 
1663 895 
1843 595 
638 1026 
1294 1555 
187 575 
1291 1420 
1648 1716 
1314 1482 
1486 1535 
408 1550 
293 403 
1450 1975 
134 383 
576 280 
668 956 
1065 382 
392 574 
600 936 
1621 1680 
234 1138 
508 910 
1535 1639 
302 406 
452 1407 
742 1025 
1642 436 
1488 1619 
1783 1793 
1917 1921 
459 465 
1246 1260 
248 545 
1426 1550 
590 750 
412 1171 
1981 536 
900 1008 
1080 877 
991 321 
755 808 
1081 1463 
35 72 
1896 1003 
1475 1570 
13 123 
573 1025 
1839 454 
693 921 
1126 1720 
1767 1792 
519 601 
1519 1960 
260 271 
810 1937 
1082 1227 
1551 755 
346 354 
557 1119 
1499 1910 
1091 1241 
1286 1442 
1749 407 
1251 311 
1891 1926 
412 1727 
1892 1315 
1643 558 
567 775 
1473 1610 
211 479 
581 1849 
886 1031 
1116 1782 
594 1192 
31 1526 
1840 693 
82 1170 
1233 1784 
1920 1923 
1051 1260 
1383 1472 
1571 1664 
1692 325 
496 1149 
661 1266 
1771 1785 
1240 1504 
1018 1321 
1430 1785 
452 684 
1224 1719 
577 1437 
1545 1700 
677 1398 
622 717 
993 303 
441 811 
661 1789 
1252 1469 
1841 613 
1007 1885 
1912 1344 
1693 114 
282 430 
1115 1190 
90 244 
487 1064 
1701 1767 
1235 44 
432 856 
1885 837 
1067 222 
925 1686 
1750 1852 
442 703 
1305 891 
1035 1322 
484 1713 
1759 272 
410 608 
671 1025 
1085 1839 
1852 311 
627 1075 
1250 1311 
1386 1499 
1638 1712 
1814 445 
1900 162 
279 1273 
1442 865 
1366 1483 
1610 1857 
448 1433 
1540 58 
1728 630 
794 1169 
1452 1572 
1877 1 
396 636 
1239 1820 
410 500 
1951 268 
449 506 
249 327 
881 179 
644 1464 
1872 30 
83 1202 
1778 78 
1469 1594 
1702 799 
648 1013 
1250 1763 
1803 188 
1512 506 
1808 462 
797 1182 
54 1089 
33 1204 
1727 1818 
225 493 
1257 1570 
25 55 
189 477 
804 471 
1378 1860 
451 475 
768 803 
845 1832 
525 672 
804 1062 
1883 1096 
1254 1683 
153 956 
1845 713 
782 1153 
1375 1382 
1916 508 
769 17 
224 1553 
35 450 
1138 1254 
1475 862 
1311 1680 
1050 1319 
1406 748 
921 1893 
1936 451 
1480 1789 
140 104 
396 421 
1099 485 
602 1697 
60 461 
888 1714 
1723 512 
469 195 
838 183 
781 1399 
606 873 
1865 398 
1420 1513 
1581 183 
477 725 
909 1047 
1204 1364 
496 1147 
357 590 
643 886 
1219 1281 
1986 162 
1550 1582 
1283 1526 
1572 240 
1988 598 
828 881 
1678 843 
1395 1411 
1779 546 
1400 1472 
1477 1620 
265 1094 
1897 1976 
149 180 
806 1011 
1261 1265 
1681 159 
617 649 
1842 532 
662 1990 
982 1524 
1569 352 
826 985 
1621 167 
1022 1161 
1480 1723 
1963 1991 
611 1017 
1795 808 
1216 1425 
1347 1637 
463 527 
715 992 
1929 1437 
738 790 
1728 1028 
1215 547 
1601 1156 
203 1369 
1734 1853 
4 553 
951 1449 
362 893 
1407 1316 
1733 1134 
117 1272 
1381 556 
1670 202 
469 357 
1053 1340 
1818 293 
662 1481 
1063 1695 
1862 1072 
1090 602 
861 1323 
308 364 
560 782 
1040 1387 
1689 1861 
343 1519 
1990 126 
1022 1292 
8 437 
842 1637 
1747 1826 
229 296 
564 974 
1385 1414 
1695 1788 
7 611 
826 936 
1041 1079 
1159 1460 
1728 192 
1756 790 
1007 1456 
1591 223 
1306 1394 
1850 1744 
1986 258 
1686 146 
1929 934 
1551 59 
396 954 
1091 465 
225 1215 
1527 1568 
1949 520 
529 1764 
74 613 
640 1238 
413 1413 
1476 1677 
1701 285 
1004 1219 
1995 1572 
1808 34 
43 60 
426 476 
941 1350 
805 931 
1107 1693 
302 368 
546 733 
866 1232 
577 987 
1555 1803 
62 425 
1222 1224 
230 272 
1011 1361 
1648 1959 
181 206 
526 1417 
33 1211 
394 684 
801 1176 
365 1337 
6 1057 
716 931 
1116 411 
524 680 
1279 1359 
1414 1495 
2000 60 
269 1094 
1488 1768 
1810 138 
974 1094 
1568 1772 
83 8 
125 433 
873 1044 
143 179 
255 80 
912 336 
494 515 
1721 270 
434 1330 
979 1863 
1871 699 
1758 713 
920 948 
997 1874 
1980 779 
1057 1778 
696 934 
1202 823 
1205 1740 
339 740 
1067 1268 
1997 543 
1318 71 
925 1519 
1215 1592 
1250 1607 
262 1119 
2000 21 
27 755 
1936 780 
1464 41 
272 1469 
81 305 
757 953 
1918 580 
697 1495 
1135 622 
1306 1355 
1833 683 
1061 1980 
527 1665 
321 1071 
1900 101 
61 1041 
1067 1179 
1871 1205 
1469 31 
297 1393 
807 1326 
1443 1095 
1733 72 
600 1452 
31 1324 
465 1730 
208 1378 
1436 1637 
833 1735 
1251 1352 
27 671 
25 741 
1352 1542 
350 400 
775 1273 
232 1621 
1709 1882 
178 1862 
624 1098 
1627 62 
238 701 
849 1973 
33 292 
397 734 
750 1192 
1583 6 
481 997 
1359 1041 
1189 1768 
1819 1402 
1647 1439 
1725 96 
467 908 
1773 1883 
1976 586 
1841 1830 
26 485 
741 823 
1825 987 
1399 912 
1106 1205 
1219 1700 
1463 170 
347 1047 
1095 2 
490 499 
708 964 
1072 1787 
132 429 
1296 1978 
119 712 
832 908 
73 140 
890 1527 
1562 222 
1214 1219 
1253 1793 
220 1665 
1670 1373 
1524 1866 
771 1664 
1769 354 
1954 576 
1766 1844 
246 581 
914 1070 
947 445 
766 1957 
969 1034 
1712 778 
898 936 
1192 1521 
506 735 
946 1058 
193 426 
1157 1861 
181 258 
271 774 
1091 1624 
1733 283 
698 1165 
1401 1415 
709 875 
994 1172 
1362 1411 
1763 277 
597 1457 
1617 1917 
289 580 
644 1745 
246 1886 
1223 1787 
1946 262 
393 465 
1945 1477 
1509 1804 
1972 1099 
891 968 
1128 876 
1555 1754 
1833 625 
651 1200 
1552 1744 
1621 289 
412 1146 
1178 1472 
1726 1020 
1437 14 
282 553 
1276 1757 
1999 69 
115 1808 
1951 27 
1352 1991 
568 896 
1443 1545 
272 563 
922 1218 
1736 386 
964 1881 
680 1085 
1193 1284 
1456 303 
983 1057 
1442 1713 
576 1857 
1900 396 
574 577 
1988 669 
901 1183 
1684 610 
1278 723 
92 490 
619 1066 
1070 1410 
313 312 
497 1149 
528 1022 
1223 1527 
903 1184 
1487 232 
347 1076 
959 1060 
1121 1327 
1305 1881 
942 237 
335 1745 
966 1177 
81 1104 
11 1612 
700 750 
1171 1678 
385 893 
1349 1624 
243 179 
436 615 
649 903 
1452 433 
1126 1288 
1311 1874 
337 349 
606 1386 
385 465 
757 889 
1056 1206 
1495 1702 
10 143 
409 730 
1517 209 
1365 1924 
325 929 
1256 1280 
1455 981 
1043 1846 
167 540 
427 596 
1094 1346 
1816 1861 
30 1164 
1763 1189 
1555 1690 
1816 229 
647 1863 
283 607 
1140 336 
576 1971 
1425 939 
458 740 
1398 1424 
1831 224 
445 1179 
253 451 
228 1312 
1283 1531 
1927 358 
1233 1607 
1614 1896 
1463 190 
539 1871 
1912 102 
161 1287 
1924 130 
1265 165 
1959 643 
1068 584 
987 1184 
1925 1994 
317 382 
183 1959 
324 550 
1466 671 
1160 1357 
1392 278 
924 1945 
270 1227 
57 448 
1486 1543 
980 1330 
1784 1952 
77 1029 
1344 1932 
356 437 
598 690 
1301 1105 
1331 1613 
208 780 
285 789 
1188 104 
124 132 
488 1586 
1076 1495 
1567 1693 
559 606 
11 225 
1055 1143 
988 1918 
1990 299 
1466 1878 
92 213 
510 602 
1919 141 
357 446 
592 981 
1133 832 
1245 759 
163 544 
788 992 
149 101 
328 632 
824 1731 
1779 10 
199 351 
1228 468 
979 1016 
1137 1715 
797 1073 
1428 1543 
1732 1034 
1762 1767 
1953 334 
774 977 
1149 1205 
1583 1826 
487 1623 
1891 274 
805 1519 
1563 1531 
17 70 
812 826 
981 1233 
1825 133 
147 360 
1470 1544 
1985 1019 
747 758 
1601 1697 
1991 600 
304 479 
1174 1764 
1931 264 
692 752 
1435 313 
769 196 
1169 210 
921 953 
1303 1521 
1784 1824 
7 324 
422 116 
342 448 
1096 447 
1432 207 
697 1563 
494 586 
916 1193 
1560 1689 
799 928 
1217 1505 
867 1219 
1908 1955 
36 541 
704 1427 
177 346 
446 1183 
1728 206 
264 1280 
1995 922 
1579 1774 
1997 50 
835 1171 
1489 1886 
392 669 
683 1290 
1326 1388 
139 174 
953 1282 
656 699 
1236 1406 
1627 364 
477 649 
774 1648 
391 952 
1142 1804 
1378 138 
847 951 
1190 1718 
1921 349 
668 1364 
1540 1838 
816 205 
1424 1939 
230 402 
1937 44 
1467 265 
776 770 
1227 1584 
1617 697 
1151 1182 
1275 1298 
1457 257 
437 1211 
1710 189 
630 939 
1273 1650 
1759 937 
1153 712 
916 933 
87 453 
658 1702 
1870 1879 
1956 181 
1583 1931 
314 476 
579 1054 
1092 1298 
1300 1369 
1673 30 
100 110 
333 1239 
1987 332 
1368 1530 
298 814 
33 1078 
1514 347 
1508 1227 
101 121 
340 755 
800 149 
409 819 
1531 1055 
1082 217 
788 118 
773 1463 
1816 1411 
157 1004 
1780 221 
63 648 
687 1042 
1268 1671 
1748 996 
1222 1733 
112 898 
333 1520 
1623 1753 
403 695 
895 232 
870 1086 
1122 1812 
1860 29 
159 836 
888 903 
1874 301 
614 1234 
802 239 
404 1301 
46 310 
615 1047 
120 436 
1578 12 
672 751 
862 1034 
36 883 
1423 1789 
212 1124 
1675 163 
1092 1318 
231 489 
622 891 
1286 1483 
1622 191 
527 1137 
1748 1972 
1988 375 
780 1918 
376 976 
1509 1532 
1777 179 
697 742 
1039 265 
1652 245 
1781 1820 
1896 407 
1189 1378 
1200 1266 
1386 1795 
1814 492 
1137 1464 
188 665 
971 1837 
1629 1154 
1181 532 
651 1347 
1572 75 
300 406 
487 1728 
1972 69 
316 1946 
202 466 
1083 1172 
1472 1596 
100 253 
610 675 
1405 1438 
81 564 
1743 1693 
1719 895 
1239 1380 
617 1133 
1659 1893 
523 190 
907 1117 
208 793 
1752 616 
646 811 
1651 1593 
481 493 
546 1477 
361 408 
469 1193 
25 333 
1459 626 
1390 1688 
115 871 
1457 420 
1344 1434 
510 1640 
337 1076 
773 897 
987 1998 
3 189 
195 544 
45 330 
1084 1489 
1500 1932 
1520 235 
1202 339 
382 997 
644 1141 
1221 649 
720 743 
454 975 
60 836 
1212 1415 
1904 690 
1079 1804 
273 1543 
327 600 
754 985 
1914 1295 
1363 1381 
1234 58 
267 395 
585 1062 
1915 518 
1236 281 
300 1295 
639 956 
1234 1681 
882 967 
1351 832 
1104 1257 
1426 321 
682 698 
802 1339 
1664 13 
256 776 
1309 1419 
1904 814 
1396 1798 
392 716 
1617 1729 
89 577 
1050 1115 
641 536 
476 1247 
1402 456 
808 1113 
1769 540 
701 720 
162 185 
861 1597 
1795 40 
769 808 
718 1221 
1247 1401 
1807 285 
642 755 
189 896 
1143 1438 
1626 1577 
1837 382 
547 1655 
1969 813 
878 1033 
1904 1332 
330 961 
1253 649 
1044 1600 
1604 487 
1613 490 
498 967 
1107 54 
1010 1725 
1860 1036 
1295 1356 
357 546 
801 1566 
461 980 
1952 58 
1838 1850 
29 138 
569 642 
1729 501 
658 778 
379 956 
990 1701 
272 413 
1533 609 
686 687 
838 1394 
1470 342 
454 724 
754 1152 
1349 1567 
578 918 
1774 311 
402 427 
1681 1805 
738 1186 
589 787 
1131 1757 
1914 127 
387 1628 
415 1649 
1945 29 
1539 1593 
1688 316 
820 1056 
96 874 
1121 752 
669 1082 
1503 1585 
1790 1987 
1989 1462 
1772 1342 
1442 1971 
237 1833 
1856 416 
1066 1425 
1658 1358 
1730 535 
1062 1310 
1879 313 
456 511 
683 1732 
1838 1019 
1195 282 
419 220 
385 500 
707 1146 
1808 1149 
1190 1842 
814 1105 
1468 277 
980 1399 
1831 338 
1563 1629 
352 989 
1402 108 
494 827 
1623 1827 
286 1498 
1600 382 
788 1224 
99 1270 
1306 452 
1201 1213 
1392 239 
1099 1842 
363 15 
29 888 
1017 1448 
184 634 
1912 714 
1406 895 
993 1003 
1283 478 
583 1645 
1517 51 
411 844 
1170 1408 
1426 1728 
5 89 
180 1040 
1574 209 
937 1586 
276 882 
1073 1248 
1377 1484 
1792 63 
1597 792 
1119 448 
601 283 
1176 2000 
519 810 
898 1120 
170 1788 
1978 948 
257 1095 
152 580 
952 1006 
1496 1549 
354 628 
1945 455 
777 1521 
1566 1699 
1832 133 
275 1409 
1586 1772 
649 1192 
866 1201 
453 616 
1744 373 
1194 1520 
334 840 
1527 1536 
779 1222 
3 196 
1717 1452 
149 279 
346 1320 
1435 1443 
1693 553 
915 1286 
1455 87 
516 1140 
1839 98 
486 823 
929 1604 
1914 268 
306 345 
780 1010 
1703 1734 
1833 1187 
1425 1900 
63 911 
1666 297 
451 1344 
20 415 
680 1148 
1489 1573 
34 819 
155 792 
1496 450 
466 720 
850 33 
135 158 
1390 1006 
1977 568 
948 28 
805 926 
1640 86 
812 862 
425 1098 
1893 152 
1173 64 
354 876 
315 743 
841 1000 
1542 137 
220 535 
939 1120 
1602 1800 
1854 56 
434 1886 
513 741 
774 1159 
801 921 
1026 1298 
1335 1162 
1597 351 
1117 1233 
1330 441 
1499 1514 
1406 1379 
1859 790 
1001 1360 
1130 1160 
1473 561 
699 1038 
1705 1799 
1594 201 
571 600 
1992 700 
721 752 
899 1225 
1467 832 
1325 1583 
30 403 
1258 1453 
1606 1709 
343 324 
1356 1851 
309 679 
949 1271 
1276 245 
1043 1723 
1130 760 
626 660 
705 1722 
1849 619 
1376 922 
1312 799 
1710 602 
665 752 
760 924 
1322 1394 
1510 1655 
1829 1864 
1040 1071 
1746 43 
413 674 
976 1165 
103 176 
784 811 
1544 1551 
524 674 
1128 1541 
330 1205 
1253 1297 
1664 1779 
314 320 
498 868 
947 963 
1614 1672 
1900 192 
894 1702 
1493 1681 
390 1466 
1790 1797 
671 1361 
91 516 
854 904 
1195 982 
1049 1054 
1848 538 
1664 387 
934 1051 
1513 1521 
1796 1349 
1355 662 
1246 1377 
1940 556 
957 1016 
522 1882 
1886 501 
1863 1281 
1933 889 
1849 483 
1238 1065 
1071 1684 
1729 1767 
1143 1525 
39 547 
564 706 
1257 502 
731 1757 
530 1829 
760 1078 
1225 1369 
1885 1902 
578 583 
1798 417 
835 1651 
573 1056 
1250 1307 
1438 1918 
104 172 
1207 1563 
1867 247 
441 483 
518 125 
348 359 
610 217 
1593 1563 
1803 166 
257 610 
859 1733 
520 1001 
1738 1836 
1641 1924 
343 702 
975 1391 
1536 1855 
1902 412 
1636 265 
1129 1282 
1211 1740 
635 549 
735 951 
1856 39 
322 466 
235 948 
195 794 
1211 194 
296 1541 
39 806 
1580 1676 
455 684 
48 835 
927 1491 
46 87 
602 1242 
1857 1954 
933 1270 
1563 604 
853 1137 
1435 1508 
1945 801 
460 501 
992 1169 
1427 857 
827 121 
203 1484 
931 1791 
471 1385 
1833 646 
1897 1420 
1603 135 
206 469 
46 390 
1048 1052 
1084 756 
1683 1770 
73 188 
1226 1440 
1688 948 
956 1193 
1381 1383 
1601 103 
411 956 
1572 873 
984 1504 
1853 1932 
302 463 
916 184 
1798 543 
815 1320 
1871 1960 
652 715 
1129 1788 
139 352 
459 1257 
266 165 
176 417 
1058 1432 
1619 1941 
1115 1508 
1781 547 
584 827 
1766 852 
1217 212 
151 472 
505 633 
191 1614 
1675 435 
703 990 
1489 205 
585 1589 
1168 1305 
1876 523 
342 544 
1219 643 
1733 1816 
727 1413 
1891 1206 
1849 723 
931 1441 
814 1812 
1365 1482 
195 694 
870 1195 
1429 136 
874 1567 
1777 153 
322 1077 
1415 1790 
1978 1540 
1380 288 
1193 1989 
681 1499 
1923 328 
463 72 
1057 1387 
1880 311 
639 407 
1109 533 
871 1030 
1175 3 
12 193 
838 149 
621 1007 
1705 1766 
824 1095 
1237 145 
668 437 
1055 467 
731 734 
796 1638 
1762 252 
1443 1679 
335 715 
1237 1084 
1210 279 
377 866 
1964 221 
428 1114 
319 378 
685 742 
1200 1812 
1908 144 
282 432 
675 1232 
1425 780 
1475 1761 
1048 1703 
1774 1945 
195 270 
600 941 
1371 1486 
1683 1832 
1906 311 
834 1328 
1392 550 
1743 1791 
958 629 
956 1253 
1941 53 
1775 140 
1364 1492 
764 1536 
580 1819 
1216 1885 
413 433 
1143 1238 
183 575 
729 938 
1000 1516 
1623 1719 
44 404 
1199 1597 
1016 1334 
1839 319 
635 1048 
1298 1695 
580 1641 
246 518 
1298 1954 
128 225 
648 1291 
1638 307 
414 547 
829 1001 
1469 644 
1339 1874 
323 931 
1702 1758 
1495 1028 
1180 1875 
42 1268 
1440 1965 
269 318 
415 866 
1130 1365 
1524 1880 
161 213 
722 1741 
652 1094 
1219 446 
607 1060 
1899 94 
175 410 
258 526 
849 597 
751 1122 
198 608 
165 194 
779 1071 
1569 173 
745 1065 
1124 1633 
1480 1840 
400 1011 
585 934 
1136 1197 
1641 1667 
1751 9 
200 480 
632 1663 
1140 1158 
390 808 
1535 607 
780 970 
1659 1587 
1991 340 
664 1324 
648 685 
1704 1771 
416 779 
1043 1332 
1576 1648 
237 1476 
42 677 
1465 42 
194 415 
1481 1783 
75 107 
1058 471 
599 1293 
1702 1852 
1855 52 
118 285 
988 1707 
849 943 
1936 412 
619 846 
1113 1173 
1361 353 
484 1056 
1140 224 
925 1286 
1876 281 
896 1330 
523 1902 
919 1309 
1747 145 
551 207 
1030 1651 
1746 357 
912 1168 
1283 1825 
428 729 
1664 1783 
193 525 
623 793 
1011 1073 
1257 311 
746 1499 
1600 1721 
1726 1951 
248 1297 
1391 1888 
1326 501 
549 802 
1109 1590 
1985 723 
797 1168 
1354 1846 
351 16 
79 237 
1133 1928 
3 630 
1840 474 
1845 1720 
131 553 
726 826 
1167 1969 
1208 1527 
1615 1744 
1906 1543 
84 835 
1169 1514 
250 651 
801 1516 
57 781 
948 1029 
1552 1894 
345 1 
1027 1868 
91 226 
649 1845 
120 1535 
1108 371 
490 753 
855 969 
1688 560 
709 1003 
1992 149 
1417 1693 
1887 303 
865 885 
1231 945 
1205 1121 
1557 1644 
531 562 
710 721 
1386 286 
335 906 
1094 518 
608 792 
1010 1907 
506 1201 
1671 1686 
492 583 
1362 1810 
664 1416 
608 786 
1025 1544 
444 1517 
1733 1972 
587 616 
1403 1870 
1924 172 
272 640 
1418 179 
472 1328 
1522 1943 
550 992 
253 1143 
1289 1630 
1978 146 
167 416 
472 869 
1364 1633 
1698 812 
482 686 
1920 929 
1036 1176 
1318 356 
375 1540 
239 333 
1280 1544 
1687 1815 
1371 1230 
1880 1979 
685 713 
832 878 
1389 115 
307 1154 
1178 1776 
1851 279 
1656 1819 
1940 1998 
148 227 
1127 1973 
1985 239 
419 500 
547 1196 
1337 1439 
1640 66 
1036 62 
228 1699 
1844 193 
310 407 
1691 1107 
1504 1733 
179 522 
1301 1503 
922 1585 
1640 1738 
1786 398 
1923 4 
962 1283 
1310 320 
786 996 
1556 1650 
1948 432 
1219 218 
1907 1923 
566 96 
218 599 
1236 249 
961 1196 
1455 1986 
1378 1456 
1657 1966 
833 1139 
1479 219 
269 496 
645 704 
901 1820 
102 179 
978 1037 
1163 1537 
1707 774 
916 1157 
1236 1684 
1482 362 
1931 1937 
614 764 
1392 1679 
1890 1249 
1682 39 
514 604 
660 759 
811 1164 
1453 227 
1980 1805 
390 958 
189 853 
902 966 
1563 1893 
365 381 
996 1806 
1937 1093 
1737 1906 
427 1673 
472 479 
1410 1461 
1164 1268 
1374 1783 
1520 1555 
1826 1713 
130 1103 
1683 1863 
411 551 
941 1333 
1490 68 
1224 1277 
366 734 
1189 1697 
1901 2 
306 869 
896 1046 
1454 29 
906 1223 
1477 1491 
1883 525 
798 1827 
18 436 
51 295 
359 1154 
473 484 
603 1847 
498 656 
1223 1794 
445 790 
1457 82 
109 582 
242 470 
672 789 
841 1537 
455 1509 
311 1468 
1570 1633 
1648 356 
921 1736 
16 759 
1873 901 
920 1123 
1258 1264 
1282 1531 
36 1085 
1157 1590 
1758 112 
878 1095 
1331 49 
660 687 
1769 202 
237 614 
1401 1832 
1868 1907 
203 492 
573 1557 
518 1764 
1768 553 
604 666 
1007 1300 
1892 157 
1176 1729 
447 1141 
218 1415 
1074 986 
1645 928 
337 1278 
439 599 
603 461 
741 899 
955 1206 
117 293 
947 1750 
1781 1107 
1505 410 
877 1142 
1158 1877 
1412 58 
1319 1442 
1566 651 
705 1696 
1925 38 
457 1024 
1103 1262 
1741 1936 
56 149 
562 1203 
1604 1835 
1010 1069 
1145 1194 
1379 1835 
225 341 
45 1079 
1127 1439 
1899 226 
430 627 
908 1298 
1820 1190 
1293 1901 
1079 1171 
1594 374 
1681 1722 
1208 138 
706 854 
1891 1884 
88 506 
550 1684 
1914 433 
821 1905 
874 1080 
1621 141 
250 331 
854 1227 
1317 251 
1453 218 
117 781 
947 1061 
1800 482 
1309 1699 
608 477 
615 736 
791 1613 
25 357 
381 992 
900 978 
1126 1378 
1693 778 
824 1747 
1868 178 
325 1073 
738 934 
1911 1100 
200 1005 
1123 1484 
181 1888 
189 322 
1402 1486 
1558 1641 
1870 1269 
156 394 
621 647 
729 221 
547 1352 
1385 479 
1700 1031 
1183 1499 
1506 1676 
1892 1267 
1382 1406 
1635 270 
481 1675 
505 1468 
63 1138 
1578 1924 
1979 246 
1911 416 
745 1980 
471 675 
936 1415 
1558 1852 
406 1101 
1789 14 
951 1509 
1022 1256 
1434 998 
1720 1934 
242 1965 
139 140 
1075 1219 
304 1497 
1516 425 
1113 1017 
1411 1854 
103 1877 
442 1963 
142 458 
1893 137 
467 1407 
51 518 
766 1057 
1226 1235 
1436 73 
246 717 
761 1174 
1879 1896 
119 457 
1406 329 
636 762 
1761 213 
975 1473 
280 1227 
5 956 
1534 989 
1317 1642 
1278 1640 
664 1867 
209 606 
823 410 
1354 1524 
377 477 
584 236 
610 1054 
1097 1230 
1605 72 
221 1525 
384 578 
1296 1364 
1539 311 
805 1247 
1521 1610 
135 220 
1774 1805 
83 541 
654 1474 
1491 1797 
26 143 
1028 1103 
1297 1463 
1694 175 
644 921 
1839 841 
1502 272 
282 335 
431 518 
533 669 
878 1015 
1168 1465 
1623 1724 
1688 641 
648 1381 
1592 1717 
1955 591 
908 1542 
1733 1841 
232 330 
333 1486 
71 327 
1157 1501 
1619 1750 
1813 37 
169 314 
358 525 
752 1639 
246 537 
664 1092 
562 832 
954 1229 
1388 1421 
1172 1363 
1414 264 
431 1202 
1348 277 
1877 1423 
1520 736 
1208 1804 
949 1218 
199 1827 
547 773 
1767 1906 
545 802 
1538 593 
246 895 
1979 1983 
125 415 
471 1840 
1166 1696 
244 298 
405 939 
1825 524 
1015 1378 
1841 439 
495 1451 
1652 1745 
394 404 
693 1439 
1215 1605 
1853 593 
616 1212 
270 394 
432 1693 
1883 746 
1083 792 
1439 504 
572 552 
625 649 
926 1008 
1140 1061 
1090 1247 
1573 728 
1114 893 
185 896 
1116 433 
633 724 
778 976 
1265 1323 
1479 1503 
1697 1776 
629 1172 
291 730 
799 1560 
1975 124 
1533 1822 
135 156 
1266 1506 
72 433 
700 1271 
418 1393 
1593 56 
1013 1367 
333 653 
790 1161 
1453 144 
356 782 
817 1720 
1221 1434 
647 1432 
1624 1887 
419 975 
993 1751 
1889 1994 
501 541 
1584 1699 
1406 1748 
1020 978 
789 1899 
132 650 
247 794 
1099 1251 
182 696 
1388 1566 
545 951 
1835 1362 
1670 1 
112 294 
897 1352 
179 564 
780 840 
1798 169 
319 373 
661 911 
1571 360 
1846 398 
768 1311 
1348 246 
495 537 
897 1247 
1712 36 
227 686 
743 1571 
766 1066 
1568 244 
1296 520 
1414 687 
1108 1158 
747 1820 
33 215 
928 1096 
1363 1685 
1370 1496 
1733 996 
1331 429 
561 698 
157 607 
893 1226 
22 426 
972 999 
1310 1584 
1851 102 
511 451 
482 1418 
1436 1536 
516 870 
916 1820 
520 523 
1985 1506 
755 784 
181 426 
648 1150 
1306 1996 
180 529 
587 988 
1649 305 
1107 1231 
1332 1841 
302 1290 
1367 495 
1144 482 
760 1832 
1551 69 
300 617 
1001 1069 
1847 119 
1236 1806 
376 1231 
1687 1060 
1254 1304 
1763 1202 
228 311 
1190 1617 
565 672 
1264 786 
937 1044 
1709 1896 
293 1097 
1529 1685 
1825 366 
1532 1796 
1816 108 
1071 567 
666 795 
1119 1846 
1860 187 
1928 686 
1475 980 
1327 1360 
1699 46 
187 547 
1001 242 
1491 1918 
838 841 
969 1323 
1806 1968 
154 339 
338 572 
639 743 
1375 1497 
556 999 
1519 1601 
1773 1784 
164 1737 
916 750 
904 1435 
1718 1805 
126 318 
647 899 
1537 13 
1126 1545 
1711 1220 
1252 184 
406 749 
849 1122 
260 576 
1157 1364 
1569 1793 
715 789 
1111 1172 
1291 316 
436 80 
1595 1597 
1759 1929 
1993 44 
171 1266 
1004 1074 
1992 27 
393 941 
1087 1116 
98 311 
322 493 
546 1170 
1380 1689 
1970 123 
126 514 
1404 1449 
1716 205 
332 531 
748 1697 
1719 1790 
398 612 
1120 1131 
468 355 
462 768 
1501 579 
1450 1460 
360 395 
836 1444 
1765 1808 
62 165 
311 1550 
1795 260 
1234 61 
374 459 
509 1215 
1245 1325 
1969 1971 
652 1087 
311 1210 
1496 1781 
6 331 
542 546 
1421 1648 
629 1301 
1722 268 
1190 1659 
83 1268 
1421 1111 
1273 550 
803 1281 
58 174 
1199 575 
980 1083 
1808 1864 
644 777 
839 105 
454 641 
737 695 
842 1241 
1539 1220 
1860 48 
394 598 
93 321 
764 1876 
93 182 
1259 1677 
1459 1569 
1624 330 
339 954 
1480 1635 
118 695 
720 856 
1305 560 
118 1562 
697 827 
981 1387 
1978 282 
1390 1904 
1320 1427 
1866 553 
1586 1660 
1706 92 
268 885 
429 954 
1115 1666 
458 1339 
1392 1493 
1907 800 
815 457 
736 1240 
433 577 
747 1544 
1724 1609 
322 532 
539 1253 
1376 356 
783 930 
1191 1240 
1465 1747 
171 1440 
1631 1748 
326 1524 
466 503 
900 1324 
1607 284 
504 1572 
1640 466 
586 1017 
1186 1531 
1662 1457 
202 386 
341 491 
854 999 
1666 1804 
24 609 
1292 1396 
1600 1755 
1922 269 
548 718 
803 1173 
1227 1542 
1603 194 
1253 1268 
1430 1043 
1058 1076 
1875 1994 
1612 140 
1364 1453 
1533 1712 
1472 1511 
1569 1880 
24 924 
1360 427 
205 500 
1627 1646 
532 856 
1134 143 
1047 1099 
1171 1611 
1935 78 
160 396 
1050 7 
124 580 
188 482 
781 712 
883 994 
1257 1815 
1979 187 
886 517 
1488 482 
939 124 
1899 517 
1337 1507 
1511 1969 
172 369 
834 858 
1267 1480 
1645 862 
1592 503 
459 853 
391 1448 
1809 217 
327 622 
655 1835 
333 911 
955 1523 
871 1036 
1301 213 
1242 1653 
339 1914 
450 586 
708 1424 
1593 207 
497 944 
1523 1532 
101 943 
157 407 
1238 1497 
1309 1369 
184 1482 
242 139 
785 867 
1101 1156 
1283 1363 
218 784 
1009 269 
292 1509 
375 660 
128 557 
795 1439 
409 870 
1086 1960 
897 767 
1281 1383 
126 342 
924 1696 
954 63 
771 244 
270 676 
860 864 
496 1305 
1952 151 
184 616 
1661 1357 
1391 1654 
1516 402 
1816 1075 
1452 1849 
1923 361 
1839 845 
1109 1849 
188 786 
993 1008 
1479 740 
1498 170 
474 1736 
609 747 
1181 756 
1150 1332 
1485 1874 
116 1493 
1645 1715 
1918 133 
697 716 
1528 1647 
456 486 
121 285 
1715 310 
906 1442 
1498 1785 
602 653 
1515 957 
1107 605 
804 993 
1107 1335 
613 645 
883 409 
616 796 
908 1412 
65 276 
1204 1464 
1837 1835 
37 190 
292 315 
396 862 
1748 1904 
665 927 
374 1788 
307 702 
928 1034 
1497 312 
794 685 
707 1148 
