1 1 
1 2 
2 2 
2 2 
3 4 
4 4 
4 5 
5 6 
6 6 
6 6 
7 7 
7 9 
9 9 
10 10 
10 10 
11 11 
11 11 
11 12 
12 12 
12 13 
13 13 
14 15 
15 15 
15 16 
16 17 
17 18 
18 19 
19 19 
20 20 
20 21 
21 22 
22 22 
22 22 
23 23 
23 23 
23 24 
25 26 
26 27 
27 28 
28 28 
28 29 
29 29 
30 30 
30 31 
32 32 
32 33 
33 33 
33 33 
35 35 
35 36 
36 36 
36 36 
37 37 
37 37 
38 38 
39 39 
39 40 
40 40 
41 41 
41 41 
42 42 
42 43 
45 45 
45 45 
45 45 
46 46 
46 46 
47 47 
48 48 
49 49 
50 50 
50 50 
50 51 
51 52 
52 53 
53 53 
53 54 
54 55 
55 55 
56 57 
57 58 
58 58 
59 59 
59 59 
59 60 
61 61 
62 62 
62 62 
63 63 
63 64 
64 64 
64 64 
64 65 
66 66 
66 67 
67 67 
67 67 
67 68 
68 68 
69 69 
69 70 
70 70 
71 71 
71 71 
72 72 
73 73 
74 74 
75 75 
75 75 
76 77 
77 77 
78 78 
79 79 
79 80 
80 80 
80 80 
80 80 
81 81 
81 81 
81 82 
82 83 
83 83 
83 83 
83 83 
85 85 
86 86 
86 86 
86 87 
87 88 
88 88 
88 88 
88 89 
89 89 
89 90 
90 91 
91 91 
91 91 
92 92 
93 93 
93 93 
94 94 
94 94 
95 95 
96 96 
97 97 
97 98 
98 99 
99 99 
99 100 
101 101 
101 102 
102 103 
104 104 
104 104 
105 105 
105 105 
106 106 
106 107 
107 108 
108 109 
109 110 
111 111 
111 112 
112 112 
112 112 
113 113 
113 113 
113 114 
114 114 
115 115 
116 116 
116 117 
117 117 
117 117 
117 118 
118 118 
119 119 
120 120 
120 120 
121 121 
122 123 
123 123 
123 124 
124 124 
124 125 
125 125 
125 126 
126 126 
126 126 
127 127 
127 127 
127 128 
128 128 
128 128 
129 129 
129 129 
129 130 
130 130 
130 131 
131 132 
132 132 
133 133 
133 133 
134 134 
134 134 
135 135 
136 136 
136 137 
137 137 
138 138 
138 139 
139 140 
140 140 
141 142 
143 143 
143 143 
143 143 
143 144 
144 144 
145 146 
146 146 
146 146 
146 147 
147 147 
147 148 
149 150 
150 150 
150 151 
151 151 
152 152 
152 152 
152 152 
153 153 
154 154 
154 155 
156 156 
156 157 
157 157 
157 158 
159 159 
160 160 
161 163 
164 164 
165 165 
165 166 
166 167 
167 168 
168 169 
169 169 
170 170 
170 170 
172 172 
172 172 
173 173 
173 174 
174 174 
174 174 
175 175 
175 175 
175 175 
175 176 
178 178 
178 180 
180 180 
181 181 
181 181 
182 182 
182 182 
182 183 
183 184 
184 185 
186 186 
186 187 
187 187 
188 188 
188 189 
189 189 
189 189 
190 190 
191 192 
192 194 
194 195 
195 196 
196 196 
196 196 
197 198 
198 198 
199 199 
199 199 
199 200 
200 200 
201 201 
202 202 
203 203 
203 203 
203 203 
204 204 
204 204 
205 205 
206 206 
206 206 
206 208 
211 211 
211 211 
211 211 
212 212 
212 212 
212 213 
213 213 
214 214 
214 214 
214 215 
216 216 
216 216 
216 216 
216 216 
217 217 
217 218 
218 219 
219 219 
219 220 
220 221 
221 221 
221 221 
221 221 
222 222 
222 222 
222 223 
223 223 
224 224 
224 225 
225 226 
226 226 
227 227 
227 228 
228 228 
229 229 
230 230 
230 230 
231 231 
233 233 
234 234 
234 235 
235 235 
235 235 
236 236 
236 236 
236 236 
237 237 
238 238 
238 238 
238 238 
238 238 
239 240 
240 241 
241 242 
242 242 
242 243 
243 244 
244 244 
245 245 
245 245 
245 246 
246 246 
247 247 
247 248 
248 248 
249 250 
250 250 
251 251 
251 252 
252 252 
253 253 
253 254 
254 254 
255 256 
257 257 
257 258 
259 259 
259 259 
259 259 
260 260 
261 262 
262 263 
263 263 
264 264 
264 264 
264 264 
264 265 
265 266 
266 266 
267 267 
268 268 
268 268 
268 268 
269 269 
269 269 
270 270 
270 270 
270 270 
271 271 
271 271 
271 271 
272 272 
272 272 
273 273 
274 274 
274 274 
274 274 
275 275 
275 275 
275 275 
275 276 
276 276 
276 277 
277 277 
277 278 
279 280 
280 280 
280 280 
281 281 
281 282 
282 282 
282 283 
283 283 
283 284 
285 285 
285 285 
285 286 
286 286 
287 288 
288 288 
288 288 
289 289 
290 290 
290 291 
291 292 
292 292 
292 292 
292 293 
293 293 
294 294 
294 294 
294 295 
296 296 
296 296 
296 297 
297 297 
297 298 
298 299 
299 300 
300 300 
300 300 
301 301 
301 301 
302 303 
303 303 
303 303 
304 305 
305 306 
306 306 
306 307 
307 307 
307 308 
309 310 
310 310 
310 311 
312 312 
312 312 
312 312 
313 313 
313 314 
315 315 
315 315 
315 316 
316 316 
318 318 
319 319 
319 320 
320 321 
321 321 
321 321 
321 321 
321 322 
323 324 
324 325 
325 325 
325 326 
327 327 
327 327 
328 328 
328 329 
329 329 
329 329 
330 330 
330 330 
330 330 
330 331 
331 331 
332 332 
333 335 
336 336 
336 336 
337 337 
337 337 
337 337 
338 338 
338 339 
340 340 
340 340 
340 340 
341 341 
342 342 
343 344 
345 345 
346 346 
346 346 
347 347 
347 347 
347 348 
349 349 
349 349 
350 350 
350 350 
351 351 
351 352 
352 352 
352 353 
353 354 
354 354 
354 355 
356 356 
356 356 
356 356 
356 356 
357 357 
358 359 
359 359 
359 359 
359 360 
360 361 
361 361 
361 361 
362 363 
363 363 
364 364 
364 364 
365 366 
366 368 
368 368 
368 369 
369 369 
370 370 
370 371 
371 372 
373 373 
374 375 
375 376 
376 376 
377 377 
377 378 
378 379 
380 380 
381 381 
381 382 
382 382 
383 384 
385 386 
386 386 
386 387 
387 387 
388 388 
388 388 
389 389 
389 389 
390 390 
391 391 
392 392 
392 392 
393 393 
393 393 
394 394 
394 394 
395 395 
395 396 
398 398 
398 398 
398 398 
399 399 
399 399 
399 399 
400 400 
400 400 
401 401 
401 401 
401 401 
401 402 
402 402 
402 403 
404 405 
405 405 
405 406 
406 406 
407 407 
407 407 
408 409 
409 410 
410 410 
410 410 
411 412 
414 414 
414 414 
415 415 
415 415 
416 417 
417 417 
418 418 
419 419 
420 420 
421 422 
422 422 
422 422 
423 423 
423 424 
424 424 
424 425 
425 425 
425 425 
426 426 
427 427 
429 430 
430 431 
431 432 
432 432 
433 433 
433 433 
433 433 
434 434 
434 434 
435 435 
435 435 
435 436 
437 437 
437 438 
438 438 
438 439 
439 439 
440 440 
440 441 
441 442 
442 442 
443 443 
443 443 
444 444 
444 444 
444 445 
445 445 
445 445 
446 446 
446 446 
447 447 
447 448 
449 449 
449 449 
449 450 
450 451 
452 452 
453 453 
453 453 
453 453 
453 454 
455 455 
455 455 
456 456 
456 457 
457 458 
458 458 
458 458 
458 458 
459 459 
460 461 
461 462 
462 462 
462 462 
463 464 
464 464 
464 464 
464 465 
465 466 
466 466 
466 466 
467 467 
469 469 
469 469 
469 470 
470 470 
471 471 
471 471 
472 472 
472 472 
472 472 
472 473 
473 474 
474 475 
475 476 
476 477 
478 478 
478 478 
479 480 
480 481 
482 482 
482 482 
484 485 
485 485 
487 487 
488 488 
489 490 
490 491 
491 491 
492 492 
492 492 
493 493 
494 494 
495 495 
495 496 
496 496 
497 497 
497 498 
498 498 
499 499 
499 499 
500 500 
500 500 
500 500 
501 501 
502 503 
504 505 
505 505 
507 509 
510 510 
510 511 
511 511 
511 512 
512 512 
512 513 
513 513 
514 514 
514 515 
515 515 
515 516 
519 520 
520 520 
521 522 
522 522 
522 523 
523 523 
523 524 
524 524 
525 525 
525 526 
526 526 
527 528 
529 529 
529 529 
531 531 
533 533 
534 534 
535 535 
536 536 
536 536 
537 537 
538 538 
539 539 
539 539 
539 539 
540 541 
541 542 
542 543 
543 543 
543 543 
544 544 
544 545 
545 545 
545 546 
546 547 
547 547 
547 548 
548 548 
548 549 
549 549 
549 550 
550 550 
551 551 
551 551 
551 551 
552 552 
552 553 
553 554 
554 554 
554 555 
555 555 
556 556 
556 557 
557 557 
558 558 
559 559 
559 560 
560 560 
560 561 
561 561 
561 561 
561 562 
563 563 
563 564 
564 564 
565 565 
566 566 
567 567 
567 567 
568 568 
568 569 
569 570 
570 570 
571 571 
571 572 
572 572 
572 574 
575 575 
576 576 
577 577 
577 577 
577 578 
578 578 
579 580 
580 580 
580 581 
581 581 
581 581 
582 582 
582 582 
583 584 
584 584 
584 585 
585 586 
586 587 
588 589 
590 590 
590 590 
591 591 
591 591 
592 592 
592 593 
593 593 
593 594 
594 594 
595 595 
595 595 
595 595 
596 596 
596 597 
597 597 
597 597 
597 598 
598 599 
599 599 
599 600 
601 601 
601 601 
601 602 
602 602 
602 604 
604 605 
605 605 
605 605 
606 606 
606 607 
608 608 
609 609 
610 611 
612 612 
612 612 
613 614 
614 614 
615 615 
615 616 
616 616 
617 618 
618 618 
619 619 
619 619 
621 621 
622 622 
622 622 
623 623 
623 624 
624 624 
625 625 
625 626 
626 626 
626 627 
627 627 
627 628 
628 629 
629 630 
630 630 
630 630 
631 631 
631 631 
631 631 
631 631 
632 632 
632 632 
632 633 
633 634 
634 634 
634 634 
635 635 
635 636 
636 636 
636 636 
636 637 
637 637 
637 637 
637 637 
638 638 
639 640 
640 640 
641 641 
642 642 
642 643 
643 643 
644 644 
644 644 
645 645 
645 646 
647 647 
648 648 
648 649 
649 649 
649 650 
650 650 
651 651 
652 652 
652 653 
653 653 
653 654 
654 654 
654 655 
655 655 
655 656 
656 657 
657 657 
657 657 
657 658 
658 658 
658 658 
659 659 
660 660 
660 661 
661 662 
662 662 
663 663 
664 664 
664 665 
666 666 
666 667 
667 667 
668 668 
669 669 
669 669 
669 670 
670 670 
670 670 
670 671 
671 671 
671 672 
672 674 
674 675 
675 676 
677 677 
678 678 
678 679 
679 679 
679 680 
680 681 
681 681 
681 681 
681 682 
682 682 
682 682 
683 684 
684 684 
684 685 
685 686 
686 686 
687 687 
687 687 
687 687 
688 688 
688 688 
689 689 
689 689 
690 691 
691 691 
691 691 
691 692 
692 692 
692 692 
693 693 
693 693 
693 693 
694 694 
694 694 
694 694 
694 694 
695 695 
697 697 
697 698 
698 698 
698 699 
699 700 
701 701 
701 701 
701 702 
702 702 
702 703 
703 703 
703 703 
704 705 
705 705 
705 706 
706 706 
706 707 
707 708 
709 710 
710 711 
711 711 
711 711 
711 711 
712 712 
713 713 
714 714 
715 715 
715 716 
716 717 
717 717 
717 717 
717 717 
718 718 
718 718 
719 720 
720 720 
720 720 
721 722 
722 722 
723 723 
723 723 
724 724 
724 725 
725 726 
726 726 
726 727 
727 727 
727 727 
728 728 
728 728 
728 729 
729 730 
730 730 
730 730 
731 731 
732 732 
732 733 
733 733 
733 733 
733 734 
735 735 
736 736 
736 736 
736 737 
737 737 
737 738 
738 738 
739 739 
739 739 
739 739 
740 740 
740 741 
741 741 
742 743 
743 744 
744 745 
745 746 
747 748 
748 748 
748 748 
749 749 
749 751 
751 751 
752 752 
752 753 
753 753 
753 753 
753 754 
754 754 
754 754 
755 755 
756 756 
756 757 
757 758 
758 758 
759 759 
759 759 
759 759 
760 760 
761 761 
761 761 
762 762 
762 763 
763 763 
763 763 
764 764 
765 765 
765 765 
765 765 
766 766 
766 767 
767 767 
767 767 
767 768 
768 768 
769 769 
769 769 
769 769 
770 770 
770 770 
770 770 
771 771 
771 771 
771 771 
772 774 
774 776 
777 778 
778 778 
778 778 
778 779 
779 779 
780 781 
781 781 
782 782 
783 783 
784 784 
785 785 
785 786 
787 787 
787 788 
788 788 
789 789 
789 790 
790 790 
791 791 
791 792 
792 792 
792 793 
793 794 
794 795 
795 795 
796 796 
796 796 
797 797 
797 797 
798 798 
800 800 
800 801 
801 802 
802 803 
804 804 
804 805 
805 806 
807 807 
807 807 
808 808 
808 809 
809 809 
809 809 
810 810 
811 811 
812 812 
812 813 
814 814 
814 814 
814 815 
815 815 
815 816 
816 816 
817 817 
817 817 
817 817 
817 818 
818 818 
819 819 
820 820 
821 822 
822 822 
822 822 
822 823 
823 824 
824 824 
825 825 
825 825 
825 825 
825 826 
826 827 
828 828 
828 829 
830 830 
831 831 
831 831 
831 832 
832 832 
832 832 
832 832 
832 833 
833 833 
834 834 
835 837 
837 837 
839 840 
840 840 
840 843 
843 843 
843 844 
844 846 
846 846 
847 847 
847 848 
848 848 
848 848 
849 849 
850 850 
851 851 
851 851 
852 852 
852 852 
852 853 
854 854 
854 854 
854 855 
855 855 
855 855 
855 855 
855 855 
856 856 
856 857 
857 858 
858 858 
858 858 
858 858 
858 859 
859 860 
861 862 
862 862 
862 862 
862 864 
864 864 
865 865 
866 867 
868 868 
868 869 
869 869 
870 872 
872 872 
872 873 
873 873 
873 874 
874 874 
875 875 
875 876 
876 876 
876 877 
877 877 
879 879 
879 880 
880 881 
881 881 
881 882 
882 882 
882 882 
882 882 
883 883 
884 884 
884 884 
884 884 
885 885 
885 885 
885 885 
886 886 
887 887 
888 888 
888 889 
889 889 
889 890 
890 890 
890 891 
892 892 
893 893 
894 894 
894 894 
895 895 
895 895 
896 896 
896 896 
896 896 
896 896 
897 897 
897 898 
898 898 
899 899 
899 900 
900 900 
901 901 
901 901 
901 902 
902 903 
903 904 
905 905 
905 906 
907 907 
907 908 
908 908 
909 909 
909 909 
909 909 
910 910 
910 910 
910 911 
911 911 
911 912 
912 913 
913 913 
914 914 
915 915 
916 916 
917 917 
917 917 
918 918 
918 918 
919 919 
919 920 
921 921 
921 921 
922 922 
923 923 
923 924 
924 925 
925 926 
926 926 
926 926 
928 928 
928 928 
928 929 
929 930 
930 930 
931 931 
932 933 
933 933 
933 933 
934 934 
935 935 
935 935 
935 936 
936 936 
936 937 
938 938 
938 938 
938 939 
939 940 
940 940 
940 942 
942 943 
943 944 
944 944 
944 945 
945 945 
946 946 
948 948 
948 948 
949 949 
949 950 
950 950 
950 951 
951 951 
951 952 
952 953 
953 953 
954 954 
954 954 
955 956 
957 957 
957 958 
958 958 
958 959 
959 960 
960 961 
962 963 
964 964 
964 965 
965 965 
966 966 
967 967 
968 969 
969 970 
970 970 
970 970 
971 971 
971 971 
972 972 
972 973 
973 974 
975 975 
975 975 
975 976 
976 976 
977 977 
977 977 
978 978 
979 979 
980 980 
980 980 
981 981 
981 981 
982 982 
982 982 
982 983 
983 983 
984 984 
984 984 
985 985 
985 985 
986 986 
986 986 
987 987 
987 988 
988 988 
989 989 
989 990 
990 990 
990 990 
990 992 
993 993 
993 994 
994 994 
994 995 
995 996 
996 997 
997 997 
997 999 
999 999 
999 999 
999 999 
999 1000 
1000 1000 
1000 1000 
1001 1001 
1002 1002 
1002 1002 
1002 1003 
1003 1003 
1004 1004 
1005 1005 
1005 1005 
1005 1005 
1005 1005 
1006 1006 
1006 1007 
1007 1009 
1009 1009 
1009 1009 
1009 1009 
1009 1010 
1010 1010 
1010 1010 
1010 1010 
1011 1011 
1012 1012 
1012 1013 
1013 1013 
1013 1014 
1014 1014 
1015 1015 
1016 1016 
1016 1016 
1016 1017 
1017 1017 
1017 1018 
1018 1018 
1018 1019 
1020 1020 
1020 1020 
1021 1021 
1022 1024 
1024 1024 
1025 1025 
1025 1026 
1026 1026 
1026 1027 
1027 1027 
1027 1027 
1028 1028 
1028 1028 
1029 1029 
1029 1030 
1030 1030 
1031 1031 
1031 1032 
1032 1032 
1033 1033 
1033 1033 
1033 1034 
1034 1035 
1035 1035 
1035 1035 
1035 1036 
1036 1036 
1037 1037 
1037 1037 
1037 1037 
1038 1038 
1038 1038 
1039 1039 
1039 1040 
1040 1040 
1042 1044 
1044 1045 
1047 1048 
1048 1049 
1049 1049 
1049 1049 
1050 1050 
1050 1052 
1052 1052 
1052 1052 
1053 1053 
1054 1054 
1054 1055 
1055 1055 
1056 1057 
1057 1057 
1057 1058 
1058 1058 
1058 1058 
1058 1058 
1059 1059 
1059 1059 
1060 1060 
1060 1061 
1061 1061 
1062 1062 
1062 1062 
1062 1062 
1062 1063 
1063 1063 
1063 1063 
1063 1063 
1064 1064 
1064 1065 
1065 1065 
1066 1066 
1067 1067 
1068 1069 
1070 1070 
1070 1070 
1071 1071 
1071 1071 
1072 1073 
1073 1073 
1073 1073 
1073 1074 
1074 1075 
1075 1075 
1076 1076 
1077 1077 
1078 1078 
1078 1079 
1079 1079 
1079 1080 
1080 1080 
1081 1081 
1081 1082 
1082 1083 
1083 1083 
1083 1083 
1083 1083 
1083 1084 
1084 1084 
1085 1086 
1086 1087 
1087 1087 
1087 1088 
1088 1088 
1089 1089 
1090 1090 
1090 1090 
1091 1091 
1091 1091 
1091 1091 
1092 1092 
1092 1093 
1093 1093 
1093 1093 
1093 1094 
1094 1094 
1094 1094 
1095 1095 
1095 1096 
1096 1096 
1096 1097 
1098 1098 
1098 1099 
1099 1099 
1100 1100 
1100 1101 
1101 1101 
1102 1102 
1102 1102 
1103 1104 
1104 1105 
1105 1105 
1105 1106 
1108 1108 
1108 1109 
1109 1109 
1109 1109 
1110 1110 
1111 1111 
1112 1112 
1112 1113 
1113 1113 
1113 1113 
1114 1114 
1114 1115 
1115 1115 
1115 1115 
1116 1116 
1116 1116 
1116 1118 
1118 1118 
1118 1119 
1119 1119 
1119 1120 
1120 1120 
1121 1122 
1122 1123 
1124 1124 
1124 1125 
1125 1125 
1126 1126 
1126 1127 
1127 1127 
1127 1128 
1128 1128 
1128 1129 
1129 1129 
1129 1130 
1130 1131 
1131 1132 
1132 1132 
1132 1133 
1133 1133 
1133 1134 
1134 1134 
1135 1135 
1135 1135 
1135 1135 
1136 1136 
1137 1137 
1137 1139 
1139 1139 
1139 1139 
1140 1140 
1140 1141 
1141 1143 
1144 1145 
1145 1146 
1146 1146 
1147 1147 
1147 1148 
1148 1149 
1150 1150 
1150 1150 
1150 1150 
1151 1153 
1153 1153 
1153 1153 
1154 1154 
1155 1155 
1156 1156 
1156 1156 
1156 1157 
1158 1158 
1159 1159 
1159 1159 
1160 1160 
1160 1160 
1160 1161 
1161 1162 
1162 1163 
1163 1165 
1165 1165 
1165 1165 
1166 1166 
1166 1167 
1168 1168 
1168 1168 
1168 1169 
1169 1170 
1170 1170 
1171 1171 
1171 1172 
1172 1172 
1172 1173 
1173 1174 
1174 1174 
1175 1175 
1175 1175 
1176 1177 
1177 1177 
1177 1177 
1178 1178 
1178 1178 
1178 1178 
1179 1180 
1180 1181 
1181 1181 
1182 1182 
1182 1183 
1183 1183 
1184 1185 
1185 1185 
1185 1185 
1186 1186 
1186 1186 
1186 1187 
1187 1187 
1187 1188 
1188 1188 
1188 1188 
1188 1189 
1189 1190 
1190 1190 
1190 1190 
1191 1192 
1192 1192 
1192 1192 
1193 1193 
1193 1193 
1194 1194 
1194 1195 
1195 1195 
1196 1196 
1196 1196 
1197 1197 
1197 1197 
1198 1198 
1199 1199 
1199 1200 
1200 1200 
1200 1201 
1201 1202 
1202 1203 
1203 1203 
1203 1203 
1204 1204 
1204 1205 
1205 1205 
1205 1205 
1205 1206 
1206 1206 
1208 1208 
1208 1208 
1209 1209 
1209 1209 
1210 1210 
1210 1211 
1211 1211 
1212 1213 
1213 1213 
1214 1214 
1215 1215 
1215 1216 
1216 1216 
1216 1216 
1217 1217 
1217 1217 
1218 1218 
1218 1218 
1219 1220 
1220 1220 
1221 1221 
1221 1222 
1222 1223 
1223 1223 
1223 1224 
1225 1225 
1225 1226 
1226 1226 
1226 1226 
1226 1226 
1227 1227 
1228 1228 
1228 1229 
1229 1229 
1229 1230 
1230 1231 
1231 1231 
1232 1232 
1232 1232 
1232 1232 
1233 1234 
1234 1235 
1235 1235 
1235 1236 
1236 1236 
1237 1238 
1238 1238 
1238 1240 
1240 1240 
1240 1241 
1242 1243 
1243 1243 
1243 1243 
1244 1244 
1245 1245 
1245 1246 
1246 1247 
1247 1247 
1247 1248 
1248 1248 
1248 1249 
1250 1250 
1250 1251 
1251 1252 
1252 1252 
1252 1252 
1253 1253 
1253 1254 
1254 1254 
1254 1255 
1255 1256 
1256 1256 
1257 1258 
1258 1261 
1262 1262 
1263 1263 
1263 1264 
1264 1265 
1265 1266 
1266 1268 
1269 1269 
1269 1270 
1270 1270 
1270 1270 
1270 1271 
1271 1271 
1271 1272 
1272 1272 
1273 1273 
1273 1273 
1274 1274 
1275 1275 
1275 1276 
1276 1276 
1276 1277 
1277 1277 
1278 1278 
1278 1278 
1279 1279 
1280 1280 
1281 1281 
1281 1281 
1282 1282 
1282 1282 
1282 1282 
1283 1283 
1283 1283 
1283 1283 
1283 1285 
1285 1286 
1287 1287 
1287 1287 
1288 1288 
1288 1289 
1289 1289 
1289 1290 
1290 1290 
1291 1292 
1292 1292 
1292 1293 
1293 1294 
1294 1294 
1295 1295 
1295 1296 
1296 1297 
1297 1297 
1298 1298 
1298 1299 
1299 1300 
1300 1300 
1300 1300 
1300 1301 
1301 1301 
1301 1301 
1302 1302 
1303 1303 
1303 1303 
1304 1304 
1304 1305 
1305 1306 
1308 1309 
1309 1310 
1310 1311 
1311 1312 
1312 1312 
1312 1313 
1313 1314 
1314 1314 
1314 1314 
1315 1315 
1315 1315 
1315 1316 
1316 1316 
1316 1317 
1317 1318 
1318 1318 
1319 1320 
1321 1322 
1322 1322 
1323 1323 
1324 1324 
1324 1324 
1325 1325 
1325 1325 
1326 1326 
1326 1326 
1326 1326 
1327 1327 
1328 1328 
1328 1328 
1328 1328 
1329 1329 
1329 1329 
1330 1330 
1330 1331 
1331 1331 
1331 1331 
1331 1332 
1332 1332 
1332 1332 
1333 1334 
1335 1335 
1335 1335 
1336 1336 
1338 1338 
1338 1339 
1339 1339 
1339 1340 
1340 1340 
1340 1341 
1341 1341 
1342 1342 
1342 1342 
1342 1343 
1343 1344 
1344 1344 
1344 1344 
1345 1345 
1345 1345 
1346 1346 
1346 1347 
1347 1347 
1347 1347 
1347 1347 
1348 1348 
1349 1349 
1350 1350 
1350 1351 
1353 1353 
1353 1353 
1353 1354 
1354 1355 
1355 1355 
1356 1356 
1356 1356 
1356 1356 
1357 1358 
1358 1359 
1359 1361 
1361 1361 
1362 1362 
1363 1364 
1364 1364 
1365 1365 
1366 1367 
1368 1368 
1368 1369 
1369 1369 
1370 1370 
1370 1371 
1371 1371 
1371 1371 
1371 1372 
1373 1373 
1373 1374 
1374 1375 
1375 1375 
1375 1375 
1376 1376 
1376 1376 
1377 1377 
1377 1378 
1378 1378 
1378 1379 
1379 1379 
1380 1380 
1381 1382 
1382 1382 
1382 1382 
1382 1383 
1384 1385 
1385 1385 
1385 1385 
1385 1386 
1386 1386 
1387 1387 
1387 1388 
1388 1388 
1389 1389 
1390 1391 
1391 1393 
1393 1394 
1394 1394 
1394 1394 
1396 1396 
1396 1396 
1397 1397 
1397 1398 
1398 1398 
1399 1399 
1399 1399 
1400 1401 
1401 1401 
1402 1403 
1404 1404 
1404 1404 
1404 1405 
1405 1405 
1406 1406 
1406 1407 
1407 1407 
1407 1408 
1409 1409 
1409 1409 
1409 1410 
1410 1411 
1412 1412 
1413 1413 
1413 1413 
1413 1413 
1414 1414 
1414 1415 
1415 1416 
1416 1416 
1416 1416 
1416 1416 
1416 1416 
1416 1416 
1417 1418 
1418 1418 
1418 1419 
1419 1419 
1419 1419 
1420 1420 
1420 1421 
1421 1421 
1421 1423 
1423 1423 
1423 1423 
1424 1424 
1424 1424 
1425 1425 
1427 1427 
1427 1427 
1428 1428 
1429 1429 
1429 1429 
1430 1430 
1431 1431 
1432 1432 
1432 1432 
1433 1433 
1434 1434 
1434 1435 
1435 1435 
1435 1436 
1436 1437 
1438 1439 
1439 1439 
1439 1439 
1440 1440 
1440 1440 
1441 1441 
1442 1442 
1443 1443 
1443 1443 
1443 1443 
1444 1444 
1445 1445 
1445 1445 
1445 1446 
1446 1447 
1447 1447 
1447 1448 
1448 1448 
1449 1449 
1449 1449 
1449 1449 
1450 1450 
1451 1451 
1452 1452 
1452 1452 
1452 1453 
1453 1454 
1455 1455 
1455 1456 
1456 1457 
1457 1458 
1458 1458 
1458 1460 
1460 1460 
1460 1461 
1462 1462 
1462 1462 
1463 1463 
1463 1464 
1464 1464 
1464 1465 
1465 1466 
1466 1466 
1467 1467 
1467 1467 
1468 1468 
1468 1468 
1468 1469 
1469 1469 
1469 1470 
1470 1471 
1472 1472 
1472 1473 
1473 1474 
1476 1476 
1476 1476 
1478 1478 
1478 1479 
1479 1480 
1480 1480 
1480 1480 
1481 1482 
1483 1484 
1484 1485 
1485 1486 
1486 1487 
1487 1487 
1488 1488 
1488 1488 
1489 1489 
1489 1490 
1490 1490 
1490 1490 
1491 1491 
1491 1491 
1491 1491 
1492 1492 
1492 1492 
1493 1494 
1494 1494 
1495 1495 
1495 1495 
1495 1495 
1495 1495 
1495 1496 
1496 1497 
1497 1498 
1498 1498 
1498 1499 
1500 1500 
1502 1502 
1502 1503 
1503 1504 
1504 1504 
1505 1505 
1505 1505 
1506 1506 
1506 1507 
1507 1508 
1509 1509 
1509 1509 
1510 1510 
1510 1510 
1510 1511 
1511 1511 
1512 1512 
1512 1512 
1512 1513 
1513 1513 
1514 1514 
1514 1515 
1515 1515 
1517 1517 
1518 1518 
1520 1520 
1520 1520 
1523 1523 
1523 1523 
1524 1524 
1525 1525 
1525 1525 
1525 1525 
1525 1525 
1526 1526 
1526 1527 
1527 1527 
1527 1529 
1529 1529 
1530 1530 
1531 1531 
1531 1532 
1532 1532 
1532 1533 
1533 1534 
1534 1534 
1534 1535 
1535 1535 
1535 1535 
1536 1536 
1536 1537 
1537 1537 
1537 1537 
1538 1538 
1538 1539 
1539 1539 
1539 1540 
1540 1541 
1541 1542 
1542 1542 
1543 1543 
1543 1544 
1544 1544 
1545 1545 
1546 1546 
1547 1547 
1548 1548 
1548 1548 
1549 1549 
1550 1550 
1550 1550 
1551 1551 
1551 1551 
1551 1552 
1552 1552 
1552 1553 
1553 1553 
1554 1554 
1554 1554 
1555 1555 
1555 1556 
1556 1556 
1557 1557 
1557 1557 
1557 1557 
1557 1558 
1559 1560 
1560 1561 
1561 1562 
1562 1563 
1563 1563 
1563 1564 
1564 1564 
1564 1564 
1564 1565 
1566 1566 
1567 1567 
1568 1569 
1570 1570 
1570 1571 
1572 1572 
1572 1573 
1573 1573 
1574 1574 
1574 1574 
1574 1575 
1575 1576 
1576 1576 
1577 1577 
1577 1578 
1578 1578 
1579 1579 
1579 1580 
1580 1580 
1580 1581 
1581 1581 
1581 1582 
1582 1582 
1582 1582 
1583 1583 
1584 1584 
1585 1586 
1586 1586 
1587 1587 
1587 1587 
1587 1587 
1588 1588 
1588 1588 
1588 1588 
1588 1589 
1589 1590 
1591 1591 
1592 1592 
1592 1593 
1593 1593 
1595 1595 
1595 1596 
1596 1597 
1597 1597 
1598 1599 
1599 1599 
1599 1599 
1601 1601 
1601 1601 
1602 1602 
1604 1604 
1605 1605 
1605 1606 
1606 1607 
1607 1607 
1607 1607 
1608 1609 
1609 1610 
1610 1610 
1610 1610 
1612 1612 
1612 1612 
1613 1613 
1613 1614 
1614 1615 
1615 1615 
1615 1615 
1615 1617 
1617 1618 
1618 1618 
1620 1620 
1620 1621 
1621 1621 
1622 1622 
1622 1622 
1622 1622 
1623 1623 
1623 1623 
1623 1623 
1624 1624 
1625 1625 
1625 1626 
1626 1626 
1626 1627 
1627 1628 
1629 1629 
1629 1630 
1630 1630 
1630 1632 
1632 1632 
1633 1633 
1634 1635 
1635 1636 
1636 1636 
1636 1636 
1637 1637 
1637 1637 
1637 1638 
1639 1639 
1640 1640 
1640 1640 
1640 1640 
1641 1642 
1642 1642 
1643 1643 
1644 1644 
1644 1644 
1644 1645 
1645 1646 
1646 1647 
1647 1648 
1648 1648 
1648 1648 
1649 1651 
1651 1651 
1652 1652 
1653 1653 
1653 1654 
1654 1656 
1658 1658 
1658 1658 
1659 1659 
1660 1660 
1661 1661 
1662 1662 
1662 1662 
1662 1662 
1662 1663 
1663 1663 
1664 1665 
1665 1665 
1666 1667 
1667 1667 
1668 1668 
1669 1669 
1669 1669 
1670 1671 
1671 1672 
1673 1673 
1673 1674 
1674 1675 
1675 1675 
1675 1676 
1676 1676 
1676 1677 
1677 1677 
1677 1678 
1678 1678 
1679 1680 
1680 1680 
1680 1680 
1680 1681 
1681 1682 
1682 1683 
1683 1683 
1683 1684 
1685 1685 
1685 1685 
1686 1686 
1686 1686 
1687 1687 
1688 1688 
1688 1688 
1689 1689 
1690 1690 
1691 1691 
1692 1692 
1692 1692 
1692 1692 
1692 1692 
1692 1693 
1693 1693 
1693 1693 
1694 1695 
1696 1696 
1696 1697 
1697 1698 
1698 1698 
1698 1698 
1698 1699 
1699 1700 
1700 1700 
1700 1700 
1701 1701 
1701 1701 
1702 1702 
1703 1703 
1704 1704 
1705 1706 
1706 1706 
1707 1707 
1707 1707 
1707 1708 
1709 1709 
1709 1710 
1710 1710 
1711 1711 
1711 1712 
1713 1714 
1715 1715 
1715 1715 
1715 1716 
1716 1716 
1716 1717 
1717 1717 
1717 1718 
1719 1719 
1719 1720 
1720 1721 
1721 1721 
1721 1721 
1721 1722 
1722 1722 
1722 1723 
1723 1724 
1725 1725 
1725 1725 
1726 1727 
1727 1727 
1728 1728 
1729 1729 
1729 1729 
1730 1730 
1731 1731 
1731 1732 
1733 1734 
1734 1735 
1735 1735 
1736 1736 
1736 1737 
1737 1737 
1738 1739 
1739 1740 
1740 1742 
1742 1743 
1743 1743 
1743 1744 
1744 1744 
1746 1746 
1746 1747 
1748 1749 
1750 1751 
1751 1751 
1752 1752 
1752 1752 
1753 1753 
1753 1754 
1755 1755 
1755 1756 
1756 1757 
1757 1758 
1758 1758 
1758 1758 
1759 1759 
1759 1759 
1760 1760 
1760 1760 
1761 1761 
1761 1761 
1762 1762 
1762 1762 
1763 1763 
1763 1763 
1763 1764 
1764 1764 
1764 1765 
1765 1765 
1765 1766 
1767 1768 
1768 1769 
1769 1770 
1770 1770 
1770 1770 
1770 1770 
1771 1771 
1771 1772 
1773 1773 
1773 1773 
1773 1773 
1774 1775 
1775 1775 
1776 1776 
1777 1777 
1777 1777 
1778 1779 
1779 1779 
1779 1779 
1780 1780 
1780 1780 
1781 1781 
1781 1781 
1781 1782 
1782 1782 
1782 1782 
1782 1782 
1782 1783 
1784 1784 
1784 1785 
1785 1785 
1786 1786 
1786 1787 
1787 1787 
1787 1788 
1788 1789 
1790 1790 
1790 1790 
1791 1791 
1791 1792 
1792 1793 
1793 1793 
1793 1794 
1794 1795 
1795 1796 
1796 1796 
1796 1797 
1797 1797 
1797 1798 
1798 1799 
1799 1799 
1800 1800 
1800 1801 
1801 1801 
1801 1801 
1802 1803 
1804 1804 
1804 1806 
1807 1807 
1808 1808 
1808 1808 
1808 1809 
1809 1809 
1810 1810 
1810 1810 
1810 1811 
1811 1812 
1813 1813 
1814 1814 
1814 1814 
1814 1814 
1814 1815 
1815 1815 
1816 1816 
1817 1817 
1817 1817 
1818 1818 
1818 1818 
1818 1820 
1820 1820 
1821 1822 
1822 1822 
1822 1822 
1822 1823 
1823 1823 
1824 1824 
1826 1826 
1826 1826 
1826 1826 
1826 1827 
1828 1828 
1828 1828 
1828 1828 
1829 1829 
1830 1830 
1831 1831 
1831 1831 
1831 1831 
1832 1832 
1832 1832 
1832 1833 
1833 1833 
1834 1834 
1834 1835 
1835 1836 
1836 1836 
1836 1837 
1837 1837 
1837 1838 
1838 1838 
1838 1839 
1839 1839 
1840 1840 
1840 1841 
1842 1842 
1842 1842 
1843 1843 
1843 1844 
1844 1844 
1844 1845 
1845 1846 
1846 1846 
1846 1847 
1847 1847 
1847 1847 
1848 1848 
1848 1848 
1849 1849 
1849 1850 
1850 1850 
1850 1851 
1851 1851 
1851 1851 
1851 1852 
1854 1854 
1854 1854 
1855 1855 
1855 1855 
1855 1856 
1856 1856 
1857 1857 
1857 1857 
1858 1859 
1859 1860 
1861 1861 
1863 1863 
1864 1865 
1866 1866 
1866 1866 
1866 1867 
1868 1868 
1868 1868 
1869 1869 
1869 1870 
1870 1870 
1870 1871 
1871 1871 
1872 1872 
1872 1872 
1872 1873 
1873 1873 
1873 1874 
1874 1874 
1874 1875 
1875 1876 
1876 1876 
1876 1876 
1877 1878 
1878 1878 
1878 1878 
1879 1880 
1880 1880 
1880 1881 
1882 1882 
1882 1882 
1883 1883 
1883 1883 
1883 1883 
1884 1884 
1884 1885 
1885 1885 
1885 1885 
1886 1886 
1887 1887 
1887 1887 
1889 1889 
1889 1889 
1889 1890 
1890 1891 
1891 1891 
1892 1894 
1894 1895 
1895 1895 
1895 1896 
1896 1896 
1897 1897 
1897 1898 
1898 1898 
1898 1898 
1898 1898 
1899 1899 
1900 1900 
1901 1901 
1901 1901 
1902 1903 
1903 1904 
1904 1904 
1904 1904 
1906 1906 
1906 1907 
1907 1907 
1907 1908 
1908 1908 
1908 1908 
1909 1909 
1909 1909 
1910 1910 
1910 1910 
1910 1910 
1911 1911 
1912 1912 
1912 1912 
1913 1913 
1913 1913 
1914 1914 
1914 1915 
1916 1916 
1916 1916 
1917 1917 
1918 1918 
1918 1919 
1919 1919 
1919 1919 
1920 1920 
1920 1920 
1921 1922 
1922 1923 
1923 1923 
1924 1924 
1925 1925 
1925 1925 
1925 1925 
1926 1927 
1928 1928 
1928 1928 
1928 1928 
1928 1929 
1929 1930 
1930 1931 
1931 1931 
1931 1931 
1932 1932 
1932 1932 
1932 1932 
1932 1932 
1933 1934 
1934 1934 
1934 1934 
1934 1935 
1935 1935 
1936 1936 
1937 1937 
1938 1939 
1939 1939 
1939 1940 
1940 1940 
1941 1941 
1941 1941 
1941 1942 
1942 1942 
1943 1943 
1943 1944 
1944 1944 
1944 1944 
1944 1945 
1945 1946 
1946 1946 
1946 1946 
1946 1947 
1947 1948 
1948 1949 
1949 1949 
1949 1949 
1949 1950 
1950 1951 
1951 1952 
1953 1953 
1954 1954 
1954 1955 
1955 1955 
1955 1956 
1956 1956 
1956 1956 
1957 1957 
1957 1957 
1958 1958 
1959 1959 
1962 1962 
1963 1963 
1964 1964 
1964 1965 
1965 1965 
1965 1966 
1966 1966 
1966 1967 
1968 1968 
1969 1969 
1970 1970 
1970 1970 
1972 1972 
1973 1973 
1973 1973 
1974 1975 
1975 1975 
1976 1976 
1976 1976 
1976 1977 
1977 1977 
1978 1978 
1978 1978 
1980 1980 
1980 1980 
1980 1981 
1982 1982 
1982 1983 
1983 1983 
1983 1983 
1984 1984 
1984 1984 
1985 1985 
1985 1986 
1986 1986 
1986 1987 
1987 1988 
1988 1989 
1989 1990 
1990 1991 
1991 1991 
1992 1992 
1992 1993 
1993 1993 
1993 1993 
1993 1994 
1994 1994 
1995 1995 
1995 1995 
1995 1995 
1996 1996 
1997 1997 
1998 1998 
1999 1999 
1999 2000 
2000 2000 
2000 2000 
2000 2000 
165 224 
1159 302 
543 582 
1790 1873 
865 783 
1648 1759 
1932 195 
1034 191 
653 917 
1453 1793 
1119 1850 
1908 1146 
1494 1530 
325 545 
1246 1253 
48 1375 
1487 1622 
1851 66 
1134 1275 
1785 242 
577 1689 
470 37 
128 337 
1850 1098 
1172 1794 
1844 982 
1336 475 
879 1232 
864 920 
1100 560 
623 98 
303 862 
1160 1536 
86 393 
996 1434 
1717 1035 
1096 739 
1716 393 
1491 281 
815 1265 
1765 678 
1165 1580 
1058 1204 
1945 242 
974 1863 
1874 654 
821 915 
1221 1419 
463 622 
1177 223 
388 565 
1187 1826 
15 388 
1943 1995 
296 1577 
601 885 
1318 70 
628 1348 
1078 1414 
1914 1947 
545 559 
663 1826 
525 1153 
1182 1579 
1848 1861 
1296 1398 
1458 1807 
513 1035 
11 485 
272 1658 
81 614 
1423 1621 
1824 94 
1147 549 
1640 761 
1128 1898 
1943 269 
1241 384 
702 1385 
1035 1093 
1187 93 
828 1158 
1139 1342 
1531 1762 
1834 1049 
505 1221 
134 512 
921 1028 
894 1055 
1670 143 
1165 1271 
1356 1769 
1984 337 
12 278 
594 80 
361 979 
1277 1545 
1701 409 
1411 1692 
152 1262 
1983 40 
529 840 
691 769 
1332 1577 
146 1351 
1076 1235 
1423 1551 
349 869 
938 1885 
1226 559 
861 1062 
505 595 
721 1458 
1787 67 
541 1068 
1245 1636 
1736 1871 
50 425 
980 1159 
1852 1153 
1946 596 
760 893 
1063 1103 
1682 1885 
1472 1730 
23 568 
905 919 
1814 1375 
1836 105 
181 469 
521 661 
1855 1037 
1242 1596 
1866 740 
1009 525 
718 767 
1235 1578 
436 1091 
58 307 
1344 1782 
51 271 
400 629 
1226 1731 
292 1309 
262 990 
1763 22 
726 1091 
1456 1461 
1877 1018 
327 1254 
1885 895 
1346 1462 
852 1151 
1416 1918 
88 695 
1190 1464 
576 1361 
1532 121 
1216 306 
637 280 
714 368 
1368 1442 
1992 431 
984 1243 
1340 1752 
169 629 
1159 1326 
1782 633 
1287 1801 
476 593 
303 944 
1354 244 
769 1010 
1050 1135 
1835 186 
264 756 
687 718 
340 1219 
1795 1920 
107 1038 
1897 604 
1165 1341 
1894 811 
888 1723 
1776 214 
798 1831 
1945 377 
667 1683 
1725 1872 
564 601 
1034 1082 
1707 15 
645 682 
720 825 
404 702 
1188 1432 
1715 1056 
1379 1706 
1922 852 
1651 619 
717 1557 
1015 1192 
1574 1833 
62 705 
1499 1909 
928 1956 
1540 1731 
1809 236 
466 1063 
638 802 
1314 972 
1055 1027 
1552 1821 
801 445 
64 289 
972 1016 
1244 1791 
1973 1083 
1131 1551 
1125 72 
548 847 
1067 1315 
1410 1622 
1784 1849 
1901 910 
909 1254 
1491 1510 
1968 446 
1667 1870 
69 376 
830 847 
896 1401 
1178 1615 
374 732 
1928 1719 
742 1537 
1588 437 
631 644 
1320 174 
542 825 
464 958 
1527 1010 
315 1816 
1 816 
1464 219 
1582 1502 
1541 876 
1770 113 
422 1722 
433 1488 
1582 1586 
327 405 
425 1492 
180 539 
1527 158 
884 1354 
1506 1659 
188 432 
515 689 
1356 1465 
1618 1782 
837 926 
985 173 
329 1062 
88 601 
1512 1879 
294 311 
434 494 
1160 763 
1432 1192 
1763 1247 
118 1037 
1588 575 
825 1823 
175 226 
1934 416 
434 954 
1273 1542 
1179 1932 
6 955 
1413 729 
1030 5 
885 646 
832 896 
1064 1607 
1593 1314 
1443 1991 
366 705 
1044 1790 
1987 245 
1038 1081 
264 276 
785 1189 
237 599 
850 1174 
1866 1947 
631 995 
1510 1866 
1140 1944 
220 551 
804 1116 
1737 601 
469 558 
1174 1244 
1530 1808 
509 552 
697 896 
1052 728 
1027 1831 
125 419 
593 1365 
1814 1449 
401 656 
682 732 
964 999 
1202 1512 
671 1460 
1752 897 
944 166 
464 1253 
1860 206 
940 1067 
1321 1413 
1640 1727 
1808 1868 
627 724 
1161 1491 
1828 36 
1312 1743 
1 1310 
1575 693 
757 188 
709 1765 
339 642 
1265 1387 
1441 1976 
1280 1393 
338 918 
1566 2000 
903 1299 
406 505 
1234 1279 
1538 359 
737 748 
894 1231 
137 319 
854 1532 
1667 1746 
203 1527 
711 909 
1004 1214 
1375 1419 
1579 1966 
1672 451 
1211 270 
1505 13 
31 643 
1557 1288 
1346 117 
286 1001 
200 417 
677 1746 
1845 298 
1760 1899 
1399 1637 
1941 590 
797 1491 
1210 414 
552 1154 
630 644 
2000 614 
964 1927 
336 399 
1274 655 
1182 1922 
1281 1283 
536 1087 
1144 1691 
557 593 
787 1485 
1489 1696 
981 1838 
977 97 
1033 1111 
1663 1975 
118 201 
548 822 
1238 1560 
1934 368 
759 1229 
1312 1701 
386 1828 
500 522 
671 1498 
1605 1700 
54 523 
784 1429 
241 272 
471 504 
1440 1622 
94 387 
697 938 
1429 1966 
49 270 
1533 1822 
579 1700 
594 674 
751 1685 
1889 2000 
402 544 
602 772 
1580 1664 
1956 201 
337 484 
546 402 
636 1195 
1338 66 
341 109 
858 1099 
1183 1504 
28 377 
1091 1496 
1564 1599 
1615 449 
728 1335 
1468 1794 
458 1133 
1416 1455 
1946 244 
444 551 
1250 363 
465 1162 
1277 1904 
143 1191 
606 1049 
1148 499 
997 96 
964 1298 
1416 1843 
1966 577 
1296 1669 
182 1252 
1553 1791 
1874 1410 
38 559 
591 985 
1303 667 
1093 1332 
1378 246 
433 510 
723 460 
595 697 
1181 1515 
684 986 
1235 1445 
2 22 
116 435 
439 1534 
722 1150 
2000 108 
461 689 
1562 93 
778 1062 
1740 547 
902 332 
492 555 
928 182 
313 762 
1026 1095 
1269 1404 
312 1751 
1897 458 
164 658 
989 1980 
1991 599 
688 1925 
446 759 
236 1037 
1997 1581 
1881 402 
825 1058 
1171 1204 
1236 1427 
1854 1880 
1894 396 
1322 10 
520 543 
1710 957 
101 172 
844 948 
1177 1331 
1540 180 
770 788 
858 1240 
681 769 
1007 1060 
1096 1356 
1597 561 
1053 1139 
310 1587 
881 668 
253 554 
869 1896 
15 65 
276 381 
1268 1725 
230 778 
1784 227 
120 732 
857 1630 
1764 1887 
279 1271 
1018 1914 
1532 1544 
1539 1644 
1070 1568 
1749 1875 
356 363 
393 1054 
1487 1011 
75 880 
1186 1832 
666 852 
1308 1533 
1399 1658 
1916 663 
1263 1855 
1859 526 
814 449 
909 1083 
1723 1544 
347 398 
984 1114 
1339 1614 
1637 1673 
1128 1316 
1669 235 
785 913 
1232 1240 
1702 602 
765 67 
977 1169 
1446 1846 
924 288 
347 1278 
901 999 
1379 1476 
1300 199 
1970 110 
265 749 
1699 1110 
1412 1580 
597 1075 
1083 375 
1483 702 
754 1935 
154 371 
790 152 
571 1370 
126 281 
378 377 
434 694 
1021 1310 
337 522 
1150 657 
664 1005 
1820 55 
1472 267 
882 1276 
1278 271 
1094 1983 
36 37 
469 1492 
478 720 
1561 1956 
1331 1599 
1270 1467 
570 642 
669 1578 
23 27 
347 1928 
825 1546 
1588 1933 
617 730 
899 324 
356 657 
990 1181 
1393 1780 
253 747 
1026 1247 
1588 1919 
94 423 
1133 1598 
216 407 
415 1206 
1398 1868 
1954 275 
277 321 
1636 1760 
129 172 
440 568 
1552 233 
1447 1949 
401 1288 
1572 1930 
1949 68 
879 531 
534 978 
1128 1489 
873 1105 
250 720 
1063 1465 
401 630 
943 1470 
189 245 
843 987 
538 1077 
214 1944 
737 875 
1994 169 
470 512 
761 1083 
400 954 
1692 848 
1163 1197 
1432 81 
172 736 
1435 1886 
818 1248 
1049 1468 
1992 1507 
1986 112 
1376 175 
885 1818 
170 298 
760 834 
1801 1999 
182 189 
378 1037 
303 1133 
1150 1480 
1909 92 
157 791 
1643 1040 
1177 1817 
1995 303 
692 1439 
405 462 
1846 804 
925 824 
1126 1780 
531 1439 
1581 1656 
286 815 
1328 1366 
1476 142 
661 1036 
1156 1940 
151 318 
702 1585 
612 919 
1974 1925 
283 354 
637 649 
1139 543 
1278 240 
791 1462 
545 595 
607 856 
1382 1752 
1767 1564 
882 946 
981 1543 
817 1697 
1765 578 
1331 285 
314 645 
782 1220 
1364 1754 
1534 1978 
300 306 
969 440 
788 1539 
1623 1742 
35 160 
219 482 
932 1102 
1624 288 
766 137 
849 945 
1303 1923 
649 1570 
88 211 
388 967 
1216 14 
422 1443 
270 1147 
1394 1955 
809 847 
884 900 
1032 1300 
1324 1176 
1232 1162 
1692 19 
1071 115 
1095 1063 
389 717 
1087 1484 
1280 694 
1557 1485 
464 1439 
1549 1643 
276 48 
753 1755 
626 1111 
985 986 
805 849 
1848 1175 
1223 1671 
310 523 
1654 1986 
643 692 
182 758 
1131 1194 
1387 900 
1252 1962 
966 1156 
1686 662 
1364 1762 
291 770 
1800 1975 
268 817 
848 1358 
1642 1977 
1820 1908 
1581 1678 
270 61 
78 233 
1615 212 
299 539 
1404 940 
1099 1183 
1620 62 
422 1237 
1466 47 
1019 1238 
1290 1531 
1610 175 
1369 1711 
1811 988 
1911 325 
1704 1721 
88 268 
381 570 
1550 269 
492 1014 
1324 755 
1012 1791 
45 91 
1276 353 
911 1380 
1414 753 
70 681 
758 1281 
410 443 
1510 1828 
410 1020 
671 1434 
257 1024 
1272 1293 
938 1306 
418 1876 
173 510 
855 1115 
1338 1883 
971 80 
1909 159 
945 2 
325 450 
718 906 
275 1458 
1826 10 
42 453 
1753 276 
1105 308 
1009 1031 
1683 146 
264 648 
694 52 
733 827 
1005 630 
726 824 
206 286 
725 763 
774 1188 
212 250 
745 913 
1294 336 
765 1005 
1688 310 
1301 1566 
990 1806 
1946 259 
1150 1564 
211 1627 
42 77 
296 21 
1050 1525 
1635 331 
771 1108 
1427 1523 
1919 1858 
611 1526 
1640 127 
1205 1801 
36 1300 
1341 1394 
738 907 
1504 1623 
86 405 
870 584 
1918 392 
522 666 
376 1889 
1907 1323 
1342 1832 
1892 1473 
187 832 
106 1929 
13 293 
1361 1572 
1836 457 
1627 1763 
273 848 
1626 1793 
1847 1062 
1155 1209 
1289 1397 
2 1376 
1449 1551 
1440 569 
855 896 
1715 628 
1416 590 
756 1833 
753 728 
248 586 
1884 1999 
296 693 
877 1282 
1139 1389 
1777 115 
214 259 
651 66 
274 817 
78 300 
453 756 
1105 1512 
83 1079 
1764 370 
630 711 
767 1371 
1716 832 
1363 203 
316 770 
905 765 
39 127 
181 208 
711 275 
360 1551 
1610 123 
1978 808 
1429 1509 
1721 1963 
290 875 
1702 453 
659 1692 
1002 1229 
890 563 
447 889 
1006 1505 
1849 50 
252 1231 
736 809 
1074 1012 
1226 1808 
395 1502 
1526 1758 
132 848 
999 1194 
1135 1509 
35 1039 
1623 1904 
21 925 
1115 969 
1059 1642 
677 795 
1977 487 
923 1589 
1800 222 
1093 1160 
1668 40 
585 94 
113 251 
415 550 
597 1322 
157 204 
768 1623 
1693 1845 
1949 1983 
1009 1209 
1430 1469 
1780 114 
1495 855 
1009 1276 
1523 1827 
669 1466 
1500 277 
983 995 
1292 1826 
1836 108 
449 953 
1537 1564 
1886 1970 
138 1766 
1473 653 
999 1449 
651 810 
227 392 
670 242 
493 1214 
157 251 
769 1591 
128 458 
1328 196 
1314 1733 
548 1030 
1588 449 
467 1345 
1762 1139 
1775 1829 
593 641 
1205 1632 
1804 6 
640 1526 
1883 33 
879 1066 
1993 254 
846 1048 
1626 216 
1662 382 
398 726 
1254 1373 
1495 315 
711 1408 
1937 1992 
608 1525 
937 1417 
1871 88 
445 498 
1099 1769 
42 352 
382 1298 
1708 671 
350 570 
1373 126 
297 1975 
335 792 
392 635 
887 1344 
1703 642 
975 1089 
1300 1913 
1972 217 
268 535 
665 1328 
1717 274 
1923 1574 
1763 970 
245 625 
29 681 
1792 907 
1102 1330 
1904 1175 
1258 330 
529 678 
989 1440 
1715 128 
216 926 
1353 1557 
701 301 
744 994 
1667 1127 
1689 741 
1419 1790 
119 945 
1091 1229 
1489 1969 
316 691 
966 1764 
175 306 
1934 1989 
1817 71 
688 694 
1108 1615 
1717 439 
493 813 
1028 1436 
225 591 
854 1257 
1314 1599 
379 480 
548 691 
1133 1420 
1935 1946 
105 1693 
212 271 
300 739 
1243 1551 
1685 1490 
1690 905 
683 769 
1793 1953 
1999 55 
129 372 
446 803 
1004 1160 
1837 1850 
1486 134 
199 984 
1270 1003 
1073 1208 
1836 1555 
1980 970 
226 792 
921 238 
597 601 
658 970 
1490 1910 
901 997 
794 983 
109 999 
1563 1582 
1998 1155 
1535 132 
478 817 
876 1332 
1606 1925 
91 119 
543 1248 
1917 128 
389 414 
1882 1985 
79 304 
1236 1613 
299 1033 
1195 1607 
222 1088 
1444 551 
1192 98 
550 657 
1328 748 
1163 1347 
1967 1995 
213 283 
589 909 
1955 194 
916 395 
977 1016 
1028 1647 
1203 1746 
154 216 
340 549 
1011 1039 
1070 1289 
1604 872 
1510 1567 
425 615 
1282 1710 
1973 235 
420 1184 
1538 567 
1010 1680 
26 698 
781 1058 
1347 1739 
90 1734 
1761 686 
1038 1847 
156 1246 
1688 684 
1252 552 
1101 1227 
399 235 
727 1290 
1378 1563 
368 767 
1698 274 
796 1925 
1468 1558 
1735 485 
528 588 
1172 1331 
1692 373 
771 1347 
1646 1983 
524 1275 
118 586 
595 225 
781 494 
529 1315 
265 318 
1065 1124 
1397 1928 
83 433 
53 422 
873 1209 
312 946 
1831 183 
551 900 
1270 1425 
1215 1814 
360 554 
600 1125 
1714 1929 
465 1005 
1773 91 
597 749 
796 1030 
1355 631 
1203 1644 
71 117 
330 644 
701 1595 
329 499 
599 1248 
1316 1693 
561 754 
789 814 
987 1343 
275 551 
1747 1781 
1311 307 
338 1186 
1438 1817 
2000 1105 
1332 1798 
1061 739 
757 1640 
458 1761 
4 877 
269 1199 
202 359 
1382 1612 
259 873 
1946 329 
462 1851 
771 1424 
1476 375 
1204 1404 
437 452 
886 668 
710 1517 
1815 1208 
1700 713 
1016 625 
1534 1896 
751 767 
1129 1837 
248 917 
1563 1959 
125 1797 
883 1379 
1870 141 
1781 138 
1064 703 
206 441 
933 489 
1607 1965 
1064 1295 
1743 1817 
605 897 
1230 472 
615 853 
940 1245 
641 918 
124 859 
831 1169 
1537 692 
353 771 
1420 1711 
1813 28 
444 1488 
1628 165 
1464 1768 
456 500 
594 717 
1090 1200 
1601 426 
1292 1914 
826 931 
1297 1439 
33 264 
1141 1197 
1880 1882 
1997 1758 
1826 442 
550 1851 
128 159 
187 321 
394 1455 
1573 819 
940 549 
58 1088 
1127 1404 
152 1630 
812 1523 
1570 1637 
1646 196 
575 598 
942 1217 
1317 1682 
1778 840 
1362 1626 
433 1401 
1075 178 
884 1092 
1729 70 
833 933 
1451 417 
894 1419 
1513 327 
1083 655 
1318 1782 
146 152 
472 424 
500 580 
619 1525 
466 490 
203 1188 
1078 1434 
1494 1777 
104 131 
350 882 
1071 809 
236 693 
1294 1882 
1916 539 
584 634 
933 1115 
1450 1460 
1696 1951 
453 980 
1777 340 
959 280 
329 862 
1038 1048 
1597 1842 
1884 811 
958 1993 
77 22 
858 980 
1205 1373 
1423 20 
1648 1876 
3 1285 
899 1854 
1115 1445 
1920 75 
336 1807 
568 734 
1564 1885 
1898 411 
761 787 
1240 1325 
1327 1931 
420 606 
1875 168 
717 1250 
1695 591 
783 1601 
19 409 
654 349 
1403 333 
908 917 
1072 386 
455 852 
1040 1396 
1505 1957 
800 1965 
174 472 
837 1243 
1495 1981 
39 195 
432 973 
1319 1401 
791 1946 
669 1816 
124 1800 
1839 612 
935 1196 
1327 610 
1548 1662 
1925 1770 
1697 1988 
83 1199 
63 235 
843 1332 
102 1469 
1523 1822 
152 196 
212 584 
1156 1345 
1596 1978 
218 808 
1290 951 
1228 1520 
395 866 
1896 472 
496 763 
364 712 
1086 1659 
1951 309 
1980 231 
1645 1052 
86 599 
700 543 
567 679 
1273 881 
1328 1830 
149 238 
354 728 
1026 1125 
148 1329 
1342 1428 
1813 526 
1135 1599 
1916 1389 
1713 359 
553 1367 
1270 1957 
33 1025 
729 1335 
6 797 
881 1890 
230 810 
1118 1970 
86 447 
1548 20 
62 710 
1109 1948 
1356 1371 
626 1254 
1736 362 
1013 441 
623 178 
682 1063 
1228 1371 
135 310 
1014 1027 
1158 1570 
1683 1279 
1665 1797 
819 1205 
464 804 
840 855 
1129 1843 
1556 1724 
889 1185 
1448 1469 
1857 1205 
1283 1541 
1705 660 
75 271 
537 1102 
1564 1076 
1728 220 
511 809 
826 832 
1957 415 
1002 116 
218 1300 
1529 466 
542 687 
455 762 
327 1070 
1255 1303 
1190 1577 
1761 1127 
1273 1467 
1701 898 
963 1258 
1621 1313 
1711 637 
1211 1448 
189 423 
1639 1801 
192 1318 
326 1407 
1781 160 
859 1210 
1671 857 
1498 1077 
1168 1356 
1359 951 
216 252 
292 1430 
1633 1770 
497 688 
469 1665 
1901 461 
624 676 
708 711 
1692 1980 
540 1062 
1421 1573 
139 143 
1493 885 
1720 32 
670 1316 
1673 1818 
1932 981 
999 1074 
261 361 
730 1547 
410 1194 
67 1936 
81 856 
862 1010 
260 455 
976 1375 
18 1031 
1304 1704 
1898 636 
713 1783 
112 356 
705 1941 
178 296 
488 1024 
301 488 
1035 1200 
417 771 
1707 516 
1224 1919 
315 681 
1851 97 
398 556 
1423 1781 
1982 1503 
1113 1557 
1889 684 
1698 1709 
1743 204 
636 23 
1887 291 
712 1000 
1944 216 
364 619 
640 714 
976 1625 
1751 997 
1156 1301 
1586 1609 
244 1505 
609 943 
1251 1387 
1433 706 
1418 1511 
238 703 
382 549 
554 766 
1098 1189 
1386 1445 
612 1504 
1773 330 
1187 90 
547 632 
634 1150 
1503 1753 
1768 117 
163 738 
980 1062 
1620 1842 
348 733 
524 616 
1784 924 
1213 1833 
1950 523 
928 1920 
133 1891 
143 730 
794 1721 
1722 1382 
1474 1592 
1814 100 
342 1050 
1693 513 
534 1774 
1878 1883 
380 1423 
1511 536 
985 1681 
915 1676 
1889 312 
399 909 
1394 140 
213 928 
1166 1815 
62 692 
730 1376 
1057 1374 
1507 194 
648 767 
547 982 
1796 472 
1357 1912 
262 723 
1119 1222 
1288 5 
127 24 
47 56 
986 1330 
1488 445 
1168 1822 
89 186 
319 434 
1122 1885 
121 200 
741 858 
622 733 
1578 438 
882 1413 
1536 199 
1404 1579 
1698 655 
858 60 
290 427 
1196 1792 
117 560 
1018 212 
904 1511 
1583 1680 
331 1780 
347 1460 
1782 63 
139 1632 
130 1029 
1136 1394 
1928 30 
321 739 
1188 1371 
1587 1630 
624 1082 
1622 1942 
330 1490 
1732 780 
1703 1779 
77 180 
307 581 
971 1010 
1087 83 
137 414 
477 926 
1065 1595 
196 802 
807 759 
1063 1685 
654 1587 
146 221 
80 1706 
346 733 
948 1264 
475 852 
1446 1758 
881 706 
1185 1209 
1383 1686 
1727 615 
976 370 
835 1625 
73 939 
418 960 
41 851 
1481 596 
1437 1513 
1552 1443 
1595 1629 
200 1113 
1617 127 
1059 144 
354 370 
422 844 
1345 1529 
1898 1137 
1329 1554 
1377 901 
1443 257 
478 1062 
1273 724 
828 1421 
670 1941 
817 1601 
1775 1895 
92 99 
281 687 
1677 1955 
837 1721 
1924 57 
297 627 
1304 1435 
1576 387 
1166 1266 
1463 1987 
312 476 
1196 25 
330 1341 
1391 1365 
16 1005 
1647 280 
511 662 
20 1165 
1810 745 
1793 1828 
464 679 
938 1755 
83 1160 
1607 412 
546 595 
779 1786 
561 691 
1390 921 
1153 1175 
1826 1855 
369 1124 
263 487 
1135 1615 
1660 993 
1081 1156 
1305 1692 
356 1165 
1676 539 
623 855 
868 1839 
206 1203 
1649 1764 
1898 918 
1175 1638 
1959 7 
1033 1196 
1771 1291 
1856 1898 
1831 1037 
1177 1770 
759 1110 
1339 145 
765 909 
442 1447 
1524 685 
828 950 
1326 53 
357 410 
1141 796 
933 1779 
1838 1137 
1632 144 
495 1756 
1843 1934 
1973 285 
400 435 
694 12 
1636 1917 
117 621 
911 1112 
1940 1976 
1057 1779 
1084 1130 
1844 59 
331 449 
592 650 
205 1271 
1495 822 
1128 1675 
257 1424 
1842 9 
1416 1809 
51 471 
1908 290 
1275 1729 
305 381 
435 557 
1009 1688 
104 45 
82 1109 
1731 1812 
250 1727 
581 716 
445 497 
896 1000 
1113 1406 
58 928 
1 81 
113 1977 
22 182 
627 703 
1104 222 
1776 288 
474 424 
727 29 
64 123 
1100 1114 
1027 1094 
1252 1197 
960 1036 
1350 1453 
1606 361 
812 1330 
1580 1841 
321 1405 
1737 16 
753 1397 
1520 1592 
1993 203 
211 1612 
491 680 
1109 1118 
473 35 
328 438 
1122 1445 
153 1336 
1428 1509 
1605 1771 
190 1451 
1954 300 
398 1699 
45 254 
1709 280 
511 1931 
737 935 
1073 1604 
1634 1985 
349 778 
1452 1814 
1851 36 
57 1007 
1514 129 
551 850 
1058 1449 
1873 202 
1005 105 
949 1385 
1442 1644 
289 133 
184 725 
1369 1956 
1463 1525 
1687 1719 
495 619 
978 277 
723 1642 
889 1049 
1095 1119 
424 822 
1167 1891 
1263 1895 
784 893 
1456 817 
986 1347 
1353 1238 
1464 216 
1856 731 
768 1116 
1339 1949 
30 321 
790 564 
652 862 
931 936 
1424 401 
1476 1602 
706 793 
1331 1637 
581 632 
761 1073 
249 958 
1908 240 
953 1217 
1651 1013 
1615 1828 
238 643 
764 1287 
1486 107 
469 1301 
1353 1782 
832 1211 
1225 1693 
1660 1677 
1804 1907 
120 458 
1548 1846 
33 61 
1729 1033 
1480 491 
1396 1457 
1662 988 
1217 1515 
1572 76 
95 616 
1515 1840 
1878 1973 
746 1779 
898 926 
1725 266 
609 687 
1255 808 
1785 235 
614 1302 
19 359 
473 1272 
1583 1936 
1339 234 
1576 73 
91 301 
1760 321 
722 1299 
512 264 
513 1201 
1758 329 
359 873 
1546 54 
89 112 
698 884 
1645 1919 
143 211 
80 809 
1895 10 
743 185 
399 1325 
1869 426 
718 770 
1301 1962 
287 876 
1286 1002 
1694 294 
496 744 
1166 1322 
10 219 
1991 101 
150 657 
923 948 
1229 1525 
1692 1928 
693 680 
951 1547 
69 1786 
352 1198 
1652 1070 
1629 28 
227 1094 
1490 337 
312 1386 
1421 391 
705 763 
914 1802 
1902 64 
341 1140 
1455 536 
1232 1937 
189 907 
950 1087 
253 1740 
12 755 
1148 386 
525 634 
1964 67 
288 1706 
363 386 
450 1994 
234 930 
229 479 
255 529 
1612 1906 
591 736 
1590 1618 
1681 1931 
256 936 
1316 1552 
1822 1910 
1982 865 
1382 1250 
114 1215 
1314 1582 
243 407 
1033 581 
733 1371 
1859 514 
748 897 
1120 636 
818 1324 
1406 536 
1870 553 
854 1760 
807 1835 
1874 46 
293 820 
1683 1906 
292 664 
1701 231 
1236 365 
472 565 
670 944 
1347 555 
1000 1216 
1248 1514 
1231 1591 
296 466 
948 1549 
982 1093 
1949 1113 
1700 537 
350 96 
1869 224 
380 777 
1726 223 
266 1851 
1904 952 
1610 138 
198 647 
693 1287 
146 758 
1355 1470 
1770 357 
770 975 
1283 832 
1686 39 
846 956 
885 157 
221 324 
630 1252 
572 1334 
472 523 
1292 1831 
874 1247 
1338 1561 
113 1127 
1409 1495 
1537 1872 
874 889 
444 645 
672 726 
908 1781 
910 1084 
1584 1777 
679 1035 
1170 328 
390 457 
753 1208 
1873 71 
297 717 
779 894 
1635 1323 
283 916 
1823 1976 
18 1178 
277 539 
1325 356 
1124 1203 
1233 112 
1529 1773 
1939 123 
566 1096 
59 572 
910 1559 
1717 771 
1837 93 
669 1479 
1869 1931 
649 896 
1083 1413 
102 243 
1707 727 
739 754 
1200 1300 
1588 1658 
40 1662 
1696 1938 
1168 1374 
1818 72 
682 1200 
1216 1674 
1721 116 
174 767 
1315 1626 
64 175 
330 922 
961 1443 
1032 500 
1744 962 
1480 106 
577 1752 
833 1575 
598 458 
498 1620 
214 1097 
444 913 
111 1847 
1939 515 
1192 1554 
376 1545 
1770 597 
922 926 
1058 1289 
1382 1715 
657 666 
862 1029 
1350 11 
87 238 
981 1425 
431 582 
1028 1406 
1085 1823 
1887 297 
748 1467 
1636 130 
364 800 
526 1495 
1586 453 
785 1017 
1285 1371 
1469 1073 
1857 55 
1190 1431 
1449 1648 
1837 1005 
1269 1728 
228 495 
1002 1624 
1876 1978 
592 912 
1108 1096 
1984 229 
398 471 
566 1026 
1057 1673 
882 1223 
1722 1900 
581 759 
1172 46 
401 1537 
247 351 
1407 2000 
1574 152 
834 885 
1897 880 
312 510 
790 829 
1044 1171 
1903 1972 
1157 1292 
1376 957 
1399 1688 
1907 658 
1326 1661 
1662 1846 
1939 146 
295 68 
369 1976 
192 221 
1040 1345 
1900 1926 
41 527 
1641 1424 
1944 104 
285 292 
585 1146 
1468 1480 
1512 1822 
1931 1932 
660 1003 
1584 1610 
1890 33 
238 686 
843 1789 
694 814 
1550 971 
1088 1269 
1744 50 
74 862 
990 1021 
789 1145 
1205 1415 
763 1375 
321 561 
1680 1995 
910 1178 
269 271 
605 1496 
632 965 
1385 1955 
129 183 
424 1510 
1002 1640 
23 535 
851 425 
1093 1508 
1520 692 
1889 1079 
778 439 
443 482 
820 1758 
270 583 
681 1932 
228 1949 
111 1190 
198 470 
1080 1086 
1356 1666 
724 1941 
301 868 
1005 1177 
1653 361 
1071 406 
1126 1679 
1864 935 
953 1870 
215 582 
640 1188 
1385 1803 
855 1535 
840 1180 
1186 1757 
1759 1912 
1941 6 
1168 1993 
285 825 
1271 99 
1199 1223 
1574 46 
79 544 
1854 217 
855 1054 
1755 99 
103 452 
1592 1815 
1094 1193 
1738 105 
165 816 
1201 175 
414 512 
635 1609 
391 950 
1378 1849 
283 427 
752 1416 
1811 632 
895 935 
1382 415 
1315 1518 
85 385 
1677 574 
639 1017 
364 444 
789 1206 
1589 1644 
1750 1344 
1492 435 
1222 1359 
1416 1759 
1078 1828 
371 478 
1982 259 
481 704 
1215 11 
347 1735 
170 815 
1035 1916 
259 410 
687 699 
711 1060 
1266 1553 
27 150 
222 248 
1799 1810 
172 388 
1479 1874 
972 9 
851 1901 
633 657 
884 1140 
1326 1380 
1588 1944 
1964 282 
1429 1610 
1788 268 
959 1844 
1854 134 
635 1948 
167 618 
1856 992 
1009 280 
567 1006 
241 612 
882 1001 
174 1742 
1924 430 
1029 1435 
605 621 
1178 1685 
150 204 
533 735 
1432 1003 
1022 1052 
181 216 
595 1416 
1950 843 
1079 1678 
1187 1301 
1996 300 
1225 1226 
792 1818 
1471 1910 
898 1172 
1435 1809 
561 634 
831 895 
1126 1633 
560 659 
848 1193 
1256 1903 
1932 1944 
563 618 
653 161 
173 237 
1773 944 
1083 1340 
9 211 
59 514 
1677 106 
236 343 
1911 272 
350 303 
459 795 
1968 716 
1450 1623 
1669 1868 
22 1042 
1824 156 
637 812 
1326 1398 
234 737 
1921 345 
462 1674 
1716 136 
328 167 
936 189 
1652 1882 
455 1756 
1985 344 
355 1798 
67 1370 
394 1240 
977 1261 
890 919 
1220 1556 
482 1303 
522 1420 
1576 1810 
74 144 
582 602 
698 140 
405 1079 
1283 294 
1490 1719 
1084 1369 
1557 1601 
707 1725 
1763 934 
1548 1808 
132 242 
480 682 
993 1554 
1850 752 
1342 264 
1743 389 
1325 306 
1986 715 
748 797 
1876 282 
454 557 
637 872 
938 1630 
230 555 
735 1587 
346 1965 
467 831 
929 1734 
407 577 
1225 825 
971 1687 
133 675 
1400 1457 
1829 224 
1362 1093 
1234 1550 
38 71 
949 91 
392 1039 
45 238 
1045 29 
275 369 
1170 320 
443 502 
1901 166 
170 715 
1287 1942 
1052 1232 
1329 1418 
446 170 
1000 1381 
332 1058 
1066 1567 
1883 1952 
156 186 
394 399 
648 1347 
1495 626 
1478 1282 
644 1302 
1017 1173 
1462 197 
1730 1795 
769 1063 
1080 89 
896 330 
858 1810 
400 282 
390 693 
911 1736 
817 877 
1090 1554 
1206 1678 
733 1185 
268 1178 
1932 717 
1168 196 
723 805 
1104 1814 
1918 1000 
1466 514 
602 1313 
1418 1497 
786 1174 
1281 1932 
722 1625 
1925 356 
1878 153 
282 507 
691 1112 
1213 1081 
1954 175 
1282 1980 
511 1010 
1364 50 
951 1868 
11 147 
270 1059 
1654 1928 
462 567 
622 631 
1535 1913 
464 1388 
999 1075 
1613 580 
655 833 
1355 558 
578 815 
1080 1264 
1891 340 
830 1058 
1565 652 
1055 1130 
965 1524 
1185 560 
1333 80 
402 1134 
1378 1989 
247 356 
831 1208 
1912 1118 
954 1691 
52 221 
563 781 
1433 1844 
1414 500 
624 1195 
437 482 
345 768 
1190 1478 
1712 903 
1243 754 
831 730 
1098 4 
864 1385 
1773 1988 
1116 131 
1212 1762 
1263 1542 
1445 1675 
1822 492 
1622 443 
49 351 
1347 1680 
174 901 
1112 1218 
1409 1942 
656 890 
1223 1348 
1409 1775 
1790 263 
1707 1984 
275 930 
967 1995 
1443 151 
236 684 
627 1848 
293 358 
1535 1722 
63 491 
958 239 
356 975 
1394 1353 
1539 1143 
1653 1920 
2000 1025 
1114 1831 
1928 1091 
1218 1472 
1531 503 
1513 1602 
1447 738 
1052 1427 
1658 1834 
1876 1024 
1282 83 
832 126 
547 929 
1297 1923 
274 698 
1065 1509 
497 1073 
1317 1797 
1193 1573 
554 743 
1150 1407 
13 685 
699 1964 
258 1639 
68 423 
474 608 
753 970 
1113 1256 
1830 631 
695 770 
1018 1217 
1251 876 
259 855 
1349 456 
892 749 
994 1047 
1838 1930 
1943 368 
1181 268 
273 793 
1305 1934 
67 266 
950 1298 
359 606 
669 1061 
520 982 
936 130 
1069 1277 
127 987 
1346 1663 
1915 664 
994 1182 
1744 325 
736 1963 
515 814 
952 1644 
912 765 
129 584 
681 1372 
1904 26 
597 1539 
1919 23 
672 691 
1342 1735 
155 1193 
1553 973 
1839 520 
605 1016 
1092 1353 
1866 169 
1016 1396 
1669 124 
354 934 
126 337 
1228 1555 
1311 221 
1073 1154 
939 1386 
839 1149 
1221 1753 
85 1593 
95 136 
1153 1060 
647 740 
1571 752 
1487 1718 
80 923 
1599 206 
1171 1884 
1463 739 
1832 307 
1274 462 
1506 223 
807 994 
1560 1358 
1421 1709 
236 245 
731 774 
1832 346 
1478 313 
999 1871 
112 217 
453 1361 
545 1009 
1729 458 
485 1102 
1460 1132 
1543 1452 
1910 618 
823 1071 
1238 1439 
4 1452 
1480 1796 
246 403 
1235 1294 
740 782 
949 1782 
59 498 
649 1651 
97 184 
578 675 
1555 340 
596 688 
1116 28 
226 456 
1970 638 
453 816 
1009 64 
662 168 
891 965 
1123 1315 
1370 1969 
1119 1178 
1810 1990 
766 1006 
1340 1527 
1648 1872 
1020 650 
1090 1662 
124 1161 
592 851 
856 1329 
832 1061 
1129 1136 
1227 1934 
398 442 
632 1053 
776 801 
957 990 
1328 93 
113 176 
846 1054 
1216 1761 
1880 983 
147 338 
1012 12 
1230 1826 
1106 1262 
1910 79 
1799 1842 
1994 1497 
1912 1419 
2 199 
686 1662 
143 294 
524 678 
1049 6 
580 701 
1101 17 
284 120 
1593 1031 
1759 1834 
1913 798 
930 1686 
1866 779 
1544 1491 
1787 1898 
499 626 
888 114 
433 564 
954 1976 
1270 1449 
652 1218 
1966 556 
46 869 
211 221 
616 1556 
1880 136 
1146 1520 
1100 1491 
1550 1597 
1771 515 
1468 1153 
814 910 
86 214 
764 1017 
1186 1607 
1984 792 
1027 1462 
164 887 
438 690 
778 807 
432 975 
1350 1517 
1953 383 
501 1939 
140 272 
895 1036 
1283 1416 
1653 187 
1335 1377 
50 1536 
36 43 
544 636 
823 1109 
1785 634 
222 267 
533 1101 
1213 1482 
650 1574 
908 1692 
125 213 
762 1121 
1324 1676 
349 572 
1739 1748 
1908 133 
587 1013 
59 1680 
1796 117 
1295 87 
577 636 
706 703 
796 1343 
1385 260 
1129 1698 
1895 888 
1115 1720 
1226 1910 
1983 1170 
858 1010 
1145 1787 
292 933 
1132 17 
1137 1498 
1640 245 
631 361 
440 1220 
1409 580 
741 1368 
1867 1990 
45 490 
1668 1995 
147 613 
1467 7 
15 703 
1557 11 
788 824 
989 1186 
1312 81 
321 867 
1458 1498 
88 352 
1109 1907 
1956 1120 
1202 1502 
935 1384 
1883 1958 
562 352 
1289 219 
45 1993 
32 1993 
1447 1996 
89 203 
204 1721 
1797 1847 
221 401 
1535 1621 
1247 1309 
1344 151 
800 1293 
1448 80 
660 1751 
126 1326 
1773 1887 
1957 2 
1188 1331 
1883 32 
294 1295 
1492 346 
875 538 
864 1388 
1563 1680 
99 1020 
1226 1614 
1940 1986 
181 322 
822 1782 
1808 320 
720 822 
854 1542 
539 653 
1020 1587 
1857 1873 
590 858 
1737 75 
83 101 
872 1037 
425 637 
340 996 
1377 1872 
274 571 
993 1025 
1436 917 
1418 1015 
1197 1629 
572 123 
323 1090 
1198 1245 
1838 336 
795 899 
122 313 
1402 53 
872 982 
1083 1116 
1120 1799 
246 1965 
1396 1413 
147 968 
1494 1581 
1270 1405 
1525 288 
622 679 
1312 1715 
1281 1297 
1913 571 
1218 1407 
1855 7 
501 1147 
1210 1832 
134 435 
541 1958 
711 1283 
1518 1757 
1786 1840 
519 1532 
1032 1452 
1637 1788 
670 1623 
1796 1906 
41 342 
818 1707 
351 854 
911 1488 
719 1134 
104 569 
1608 399 
561 988 
1243 1716 
120 868 
1014 1675 
1538 130 
254 466 
674 1684 
1092 1506 
316 448 
717 751 
890 1613 
1413 252 
154 393 
759 1057 
1256 1622 
1676 576 
765 407 
1698 874 
1183 1282 
1344 1416 
4 190 
975 1416 
1440 1525 
1605 1612 
394 188 
264 689 
1132 1700 
1779 373 
694 1998 
979 1232 
658 1272 
1349 1340 
1368 1409 
1820 445 
1135 1878 
247 984 
1089 1444 
1452 1059 
1582 1661 
37 53 
1698 205 
419 997 
1415 1495 
1525 30 
125 82 
285 556 
694 787 
886 41 
203 921 
1500 406 
408 631 
1203 1304 
1441 1013 
1512 855 
901 1587 
701 1818 
401 1180 
1617 471 
728 1091 
1431 135 
275 389 
1192 1855 
882 914 
942 1872 
1857 1909 
797 1118 
496 1249 
605 1710 
1276 1495 
1690 806 
883 1569 
1899 238 
271 292 
1804 727 
150 1534 
687 1770 
366 637 
918 1765 
670 1405 
143 736 
1132 1226 
447 263 
499 667 
228 1135 
1335 1412 
1801 500 
625 1159 
459 604 
896 1388 
315 707 
902 970 
1618 884 
990 1283 
1484 69 
387 631 
754 1840 
64 1391 
1663 1814 
720 1185 
1543 430 
492 1562 
1878 199 
1094 892 
1648 689 
1636 1772 
1847 198 
315 1253 
111 429 
658 654 
860 1173 
1454 1861 
1863 421 
1278 1787 
37 438 
727 1427 
1665 1848 
1514 1865 
319 822 
715 1935 
433 590 
701 230 
251 274 
305 778 
1399 1675 
