1 1 
1 1 
2 2 
2 3 
3 3 
3 4 
5 5 
5 5 
5 5 
6 6 
6 6 
6 6 
7 7 
7 7 
7 8 
8 9 
10 10 
10 10 
10 10 
11 11 
11 11 
12 12 
12 12 
13 13 
13 13 
13 13 
14 14 
14 14 
15 15 
16 16 
17 17 
17 17 
18 18 
19 20 
20 20 
20 20 
20 20 
21 21 
21 21 
22 22 
23 23 
23 24 
24 24 
25 25 
25 26 
26 26 
26 27 
27 29 
29 29 
29 29 
30 30 
30 31 
31 32 
32 32 
32 32 
32 33 
33 33 
34 34 
35 36 
36 36 
36 36 
37 37 
38 38 
38 38 
38 39 
39 39 
40 40 
40 40 
40 41 
41 43 
43 43 
43 43 
43 43 
44 44 
44 44 
45 45 
45 45 
46 46 
46 46 
47 48 
48 48 
49 49 
49 50 
50 50 
50 50 
51 52 
52 52 
52 52 
52 52 
53 53 
54 54 
54 54 
55 55 
56 56 
56 57 
58 58 
59 59 
59 59 
59 60 
60 60 
60 61 
61 61 
61 61 
62 62 
62 64 
64 65 
65 66 
66 66 
67 67 
68 68 
68 68 
68 68 
68 69 
69 70 
70 70 
70 71 
71 71 
71 72 
72 72 
73 73 
73 73 
73 73 
73 74 
74 74 
75 75 
75 75 
75 75 
75 76 
76 76 
78 78 
78 79 
79 80 
80 80 
80 81 
81 81 
82 82 
82 82 
82 83 
83 83 
83 83 
84 84 
85 86 
86 86 
86 86 
87 88 
88 88 
88 89 
89 89 
89 90 
90 90 
90 91 
91 91 
91 92 
92 92 
92 94 
94 94 
94 94 
95 95 
96 96 
96 97 
97 97 
98 98 
98 98 
98 99 
99 99 
99 99 
99 100 
100 100 
101 101 
101 101 
101 102 
102 102 
103 103 
103 104 
105 105 
105 106 
106 106 
107 107 
107 107 
108 108 
108 108 
109 110 
111 112 
113 113 
113 114 
114 114 
114 115 
115 116 
116 116 
116 117 
117 117 
117 118 
118 118 
119 119 
119 119 
119 120 
120 120 
120 121 
122 122 
123 123 
124 124 
124 124 
125 125 
125 125 
125 125 
126 126 
126 129 
129 129 
129 129 
130 130 
130 130 
131 131 
132 132 
132 133 
133 133 
133 133 
133 134 
134 134 
135 135 
135 136 
136 136 
136 137 
137 137 
138 139 
139 139 
139 140 
140 140 
140 140 
140 141 
141 142 
142 142 
143 143 
143 144 
144 144 
144 145 
145 145 
145 145 
145 145 
146 146 
146 146 
146 146 
146 147 
147 148 
148 149 
149 150 
151 151 
151 151 
152 153 
153 153 
154 154 
155 156 
156 156 
157 157 
158 158 
159 159 
159 159 
160 160 
160 160 
161 161 
161 162 
162 162 
162 162 
163 163 
163 164 
164 164 
164 164 
164 164 
165 165 
165 165 
165 166 
166 166 
167 167 
168 168 
168 169 
169 169 
169 169 
169 169 
170 170 
170 170 
171 171 
172 172 
173 174 
174 175 
175 176 
177 177 
177 177 
178 178 
179 179 
179 180 
181 181 
182 182 
183 183 
184 184 
184 185 
185 185 
185 185 
186 186 
186 186 
186 187 
187 187 
187 187 
188 189 
189 190 
190 190 
191 191 
191 192 
192 192 
193 193 
193 193 
193 193 
194 194 
195 195 
195 195 
196 196 
196 196 
197 197 
198 198 
198 198 
199 199 
199 200 
200 200 
201 201 
202 202 
202 202 
203 203 
203 203 
204 204 
204 205 
205 205 
207 207 
208 208 
208 208 
208 208 
208 208 
208 208 
208 209 
209 209 
209 210 
210 210 
210 210 
210 211 
211 212 
212 213 
213 214 
215 215 
215 216 
216 216 
217 217 
217 217 
217 218 
218 218 
218 219 
219 219 
219 219 
219 220 
220 220 
220 221 
221 221 
222 222 
223 223 
223 223 
224 224 
224 225 
225 226 
226 226 
227 228 
228 228 
228 229 
229 229 
231 231 
231 232 
232 232 
233 233 
234 234 
234 234 
235 235 
235 235 
236 236 
236 236 
237 237 
237 238 
238 239 
239 240 
241 242 
242 244 
244 244 
244 245 
245 245 
245 245 
246 246 
246 246 
247 247 
247 247 
247 247 
248 248 
249 249 
250 251 
251 251 
252 252 
252 252 
253 253 
253 253 
254 254 
255 256 
257 257 
257 258 
258 258 
258 259 
259 259 
260 260 
260 260 
260 261 
261 262 
263 263 
263 263 
264 264 
264 264 
264 265 
265 266 
266 266 
267 267 
267 267 
268 268 
268 268 
268 268 
269 270 
270 271 
271 271 
271 272 
272 272 
272 272 
272 273 
273 273 
273 274 
274 274 
275 275 
275 275 
275 275 
276 276 
276 277 
277 277 
277 278 
278 279 
279 279 
279 280 
280 281 
281 281 
281 281 
281 282 
282 282 
283 283 
284 284 
285 286 
287 287 
288 288 
288 288 
289 289 
289 289 
290 290 
291 291 
292 292 
293 294 
294 294 
294 295 
295 296 
297 297 
297 297 
297 297 
297 297 
298 298 
299 299 
300 300 
300 300 
300 301 
301 301 
301 301 
301 302 
302 302 
302 303 
304 304 
304 304 
304 304 
304 305 
305 305 
305 305 
306 306 
306 306 
307 307 
307 307 
307 308 
308 308 
309 310 
311 312 
312 312 
313 313 
313 314 
314 314 
315 315 
315 316 
317 317 
317 317 
318 318 
319 319 
320 320 
320 322 
322 323 
324 324 
325 325 
326 326 
326 326 
326 327 
328 328 
328 329 
329 329 
329 329 
330 330 
331 331 
331 331 
332 332 
332 333 
333 334 
334 335 
335 335 
335 335 
335 336 
336 336 
336 336 
337 338 
338 338 
339 339 
339 340 
341 341 
341 341 
342 342 
343 343 
344 345 
345 345 
346 346 
347 348 
348 348 
349 349 
349 350 
350 351 
351 352 
352 352 
353 353 
353 353 
353 353 
354 355 
356 356 
356 356 
356 356 
357 357 
357 357 
358 358 
358 358 
358 358 
358 359 
359 360 
360 361 
361 361 
361 362 
362 363 
363 363 
363 364 
364 364 
364 364 
365 365 
366 366 
366 367 
367 367 
368 369 
369 369 
369 369 
369 370 
370 370 
371 371 
371 371 
372 372 
372 372 
372 372 
372 373 
373 374 
374 375 
375 375 
376 376 
376 376 
376 377 
377 377 
379 379 
379 380 
380 380 
380 380 
380 381 
381 382 
382 383 
383 383 
383 383 
383 384 
384 385 
386 387 
387 388 
388 389 
389 389 
389 389 
390 391 
391 392 
393 394 
394 394 
394 394 
395 395 
396 396 
396 396 
397 397 
397 397 
397 398 
399 399 
399 399 
400 400 
400 400 
400 401 
401 401 
402 402 
403 404 
404 404 
404 405 
406 406 
406 406 
407 407 
407 408 
408 408 
409 409 
411 411 
411 411 
411 411 
411 412 
412 413 
414 414 
414 414 
414 414 
415 415 
416 416 
416 417 
417 418 
418 418 
418 418 
418 419 
419 419 
420 420 
421 421 
421 421 
422 423 
424 424 
426 426 
427 428 
428 428 
430 430 
431 431 
432 432 
432 432 
433 433 
433 433 
433 433 
434 434 
434 434 
435 435 
435 436 
436 436 
436 436 
437 437 
438 439 
439 439 
439 439 
440 440 
440 440 
440 441 
441 442 
442 443 
443 444 
444 444 
445 445 
445 445 
445 445 
445 445 
446 446 
446 446 
447 448 
448 449 
449 449 
449 450 
450 450 
450 450 
450 451 
451 452 
452 453 
453 453 
453 453 
454 454 
454 454 
455 456 
456 456 
456 456 
456 457 
457 457 
457 458 
458 458 
459 459 
459 459 
460 461 
461 461 
461 461 
461 462 
462 462 
462 462 
462 463 
463 464 
464 465 
466 467 
467 467 
468 468 
468 468 
468 469 
469 469 
469 470 
470 470 
471 471 
471 472 
472 472 
472 472 
473 473 
473 473 
474 475 
475 475 
475 475 
475 475 
475 476 
476 477 
478 478 
479 479 
479 480 
480 480 
481 481 
481 481 
481 482 
482 483 
484 484 
484 484 
484 485 
485 486 
486 487 
488 488 
488 488 
489 489 
489 489 
490 490 
490 490 
490 491 
491 491 
491 491 
492 492 
492 492 
493 493 
494 494 
495 495 
496 498 
499 499 
499 499 
499 499 
500 500 
501 501 
501 502 
502 503 
503 504 
504 504 
504 504 
504 505 
505 505 
506 506 
506 506 
506 507 
507 508 
508 508 
508 509 
509 509 
511 511 
512 512 
512 512 
514 514 
515 515 
516 516 
516 517 
517 517 
518 519 
519 519 
520 520 
520 520 
521 521 
521 521 
522 522 
522 523 
523 523 
524 524 
524 524 
524 524 
524 525 
525 526 
526 527 
527 528 
529 529 
529 529 
529 529 
530 530 
530 530 
530 530 
531 531 
532 532 
532 533 
534 535 
535 535 
535 536 
536 537 
537 537 
537 537 
537 537 
538 538 
538 538 
539 540 
540 541 
541 541 
542 542 
543 543 
543 544 
545 545 
545 546 
546 546 
546 546 
547 547 
547 549 
549 549 
549 549 
550 550 
550 551 
552 552 
552 553 
553 553 
554 554 
554 554 
555 555 
555 555 
556 556 
556 556 
556 557 
557 558 
558 558 
558 558 
558 558 
558 558 
559 559 
559 559 
559 560 
560 560 
560 560 
560 561 
561 562 
563 563 
564 564 
564 564 
564 564 
565 565 
565 565 
565 565 
565 565 
566 566 
566 566 
567 567 
567 567 
567 568 
568 568 
568 568 
569 569 
569 569 
570 571 
571 571 
571 571 
572 572 
573 573 
573 574 
574 575 
575 576 
576 576 
577 577 
577 578 
578 578 
579 579 
580 580 
580 581 
581 581 
582 582 
582 582 
582 583 
583 583 
583 583 
583 584 
584 584 
584 584 
585 585 
585 585 
585 585 
586 586 
586 586 
586 587 
588 588 
589 589 
589 589 
589 589 
589 589 
589 590 
591 591 
591 591 
591 592 
592 592 
592 593 
593 594 
594 594 
594 594 
595 595 
595 595 
596 597 
597 597 
598 598 
598 598 
598 598 
598 598 
599 600 
600 601 
601 601 
603 604 
604 604 
605 605 
605 605 
605 606 
606 607 
607 607 
607 608 
608 609 
610 610 
610 610 
611 611 
611 611 
611 611 
611 612 
613 613 
613 614 
614 614 
614 614 
614 614 
615 615 
615 615 
615 615 
615 616 
617 617 
617 617 
618 618 
619 619 
619 620 
620 620 
621 621 
621 621 
621 622 
622 622 
622 622 
623 623 
623 624 
624 625 
625 625 
626 626 
626 626 
626 626 
626 627 
627 627 
627 628 
629 629 
629 629 
629 629 
630 630 
630 630 
631 631 
631 631 
631 633 
633 634 
634 634 
635 635 
635 635 
635 636 
636 637 
637 638 
638 639 
640 640 
640 640 
640 641 
641 641 
642 642 
643 643 
643 644 
644 644 
644 645 
645 646 
647 647 
647 647 
648 648 
649 649 
649 649 
650 650 
650 650 
650 651 
651 651 
651 652 
652 653 
653 653 
654 654 
656 656 
656 656 
657 658 
658 658 
658 659 
659 659 
659 659 
659 660 
660 661 
661 661 
661 661 
662 662 
662 663 
663 664 
664 665 
665 665 
665 666 
666 666 
666 667 
667 667 
668 668 
668 669 
669 669 
669 669 
669 669 
669 670 
670 670 
670 670 
670 671 
671 671 
671 672 
673 673 
674 674 
674 674 
674 674 
675 675 
676 676 
676 677 
677 678 
678 678 
679 679 
680 681 
681 681 
681 681 
681 681 
681 682 
682 682 
683 683 
683 683 
683 684 
684 684 
684 684 
685 685 
686 686 
687 687 
687 687 
687 687 
688 688 
688 689 
689 689 
689 690 
691 691 
691 691 
693 693 
693 694 
694 694 
694 694 
694 695 
695 695 
695 695 
695 696 
696 697 
697 697 
697 697 
698 698 
698 699 
699 699 
700 700 
700 701 
701 701 
701 701 
702 702 
702 702 
702 702 
703 703 
703 704 
704 704 
704 704 
705 705 
705 705 
706 706 
706 707 
707 708 
708 709 
709 710 
710 711 
711 712 
712 712 
712 713 
713 713 
713 713 
713 714 
714 714 
714 714 
714 715 
715 715 
715 717 
718 718 
718 718 
719 719 
720 721 
722 722 
723 723 
723 723 
724 724 
724 724 
724 725 
725 725 
725 725 
725 725 
726 727 
728 728 
728 728 
729 730 
730 731 
731 732 
732 732 
733 733 
735 735 
735 736 
736 737 
738 738 
738 739 
739 739 
740 740 
741 741 
741 742 
742 742 
742 743 
743 743 
743 743 
743 743 
744 745 
745 746 
746 746 
747 747 
747 748 
748 748 
748 749 
749 750 
750 751 
751 751 
752 752 
752 753 
753 753 
753 754 
754 754 
754 755 
755 755 
756 756 
756 756 
757 757 
757 757 
757 757 
758 758 
758 758 
758 758 
759 760 
760 760 
761 761 
761 761 
762 762 
763 763 
763 764 
764 765 
766 768 
768 768 
769 769 
770 772 
772 772 
773 773 
774 774 
774 775 
776 776 
776 776 
777 777 
779 779 
779 780 
780 780 
781 782 
782 782 
782 782 
782 783 
783 783 
783 784 
784 784 
784 785 
787 787 
787 787 
787 788 
788 789 
789 789 
790 790 
791 791 
791 792 
792 792 
792 792 
793 793 
794 795 
795 796 
796 796 
796 797 
797 798 
798 798 
799 800 
800 800 
800 800 
801 801 
801 801 
802 802 
803 804 
804 805 
805 805 
805 805 
806 806 
806 807 
807 808 
809 809 
809 810 
810 811 
811 812 
812 812 
812 812 
813 813 
813 813 
813 813 
815 815 
815 816 
816 817 
818 819 
819 819 
819 819 
820 820 
820 820 
820 820 
821 821 
821 822 
823 823 
824 824 
825 825 
825 825 
826 826 
826 826 
826 826 
827 827 
827 828 
830 830 
831 831 
832 832 
832 833 
833 833 
834 834 
834 834 
834 834 
835 835 
835 835 
835 836 
836 836 
837 837 
838 838 
839 840 
840 840 
841 841 
841 842 
843 844 
846 846 
846 847 
847 847 
847 848 
848 848 
849 849 
849 850 
851 851 
852 852 
852 852 
852 853 
853 853 
854 854 
855 856 
856 856 
856 856 
857 857 
857 858 
859 859 
859 859 
859 859 
859 859 
860 860 
861 861 
861 862 
863 863 
863 864 
864 864 
865 865 
865 865 
866 866 
866 867 
867 868 
868 868 
869 869 
869 869 
870 870 
870 871 
871 872 
872 872 
872 873 
873 873 
873 874 
875 875 
875 876 
876 876 
876 876 
877 877 
877 878 
878 879 
879 879 
879 879 
879 880 
881 881 
881 881 
883 883 
884 884 
884 885 
885 886 
886 886 
887 887 
887 887 
887 887 
887 887 
887 887 
888 888 
889 889 
890 890 
891 891 
892 893 
893 893 
894 894 
894 894 
894 896 
896 896 
897 897 
898 898 
898 898 
899 899 
899 899 
900 900 
900 900 
902 902 
903 903 
903 903 
904 904 
904 904 
905 905 
905 906 
906 906 
907 907 
908 908 
908 909 
909 909 
909 909 
910 910 
910 910 
911 913 
913 914 
915 915 
916 916 
916 917 
917 917 
918 919 
919 919 
919 919 
920 920 
920 921 
921 922 
922 922 
922 922 
923 923 
924 924 
924 924 
925 925 
925 925 
925 927 
928 928 
928 929 
929 930 
930 930 
931 931 
931 931 
932 933 
933 933 
933 934 
934 934 
934 935 
935 936 
937 937 
938 938 
939 939 
939 939 
940 940 
941 941 
941 941 
941 941 
942 942 
942 942 
942 943 
943 943 
943 943 
944 944 
944 944 
944 944 
945 945 
946 946 
946 947 
947 948 
949 949 
949 950 
950 951 
951 951 
951 952 
952 953 
953 954 
954 954 
954 955 
955 956 
957 957 
957 957 
957 958 
958 958 
958 958 
959 959 
959 960 
960 960 
961 961 
961 962 
962 962 
962 962 
963 963 
964 965 
965 965 
965 965 
966 966 
967 967 
967 968 
968 969 
969 969 
969 969 
970 970 
970 970 
970 970 
971 971 
971 971 
971 971 
971 973 
973 973 
973 975 
975 975 
976 976 
976 976 
977 977 
977 977 
978 979 
979 980 
980 980 
981 981 
981 981 
982 983 
984 984 
984 985 
985 986 
986 986 
986 987 
987 987 
988 988 
988 988 
988 989 
990 990 
991 991 
991 991 
991 992 
992 993 
993 993 
993 993 
994 994 
994 994 
995 995 
996 996 
997 997 
997 998 
998 998 
999 1000 
1000 1000 
1000 1000 
1001 1001 
1001 1001 
1002 1002 
1003 1003 
1003 1004 
1004 1004 
1004 1005 
1006 1006 
1006 1006 
1006 1006 
1006 1007 
1007 1007 
1008 1008 
1008 1008 
1009 1009 
1009 1009 
1010 1010 
1010 1010 
1010 1011 
1011 1011 
1012 1012 
1012 1012 
1013 1013 
1013 1014 
1014 1014 
1014 1015 
1015 1016 
1016 1016 
1016 1017 
1018 1018 
1019 1019 
1019 1020 
1020 1020 
1020 1020 
1021 1021 
1021 1022 
1022 1023 
1023 1023 
1024 1024 
1024 1024 
1024 1025 
1025 1025 
1025 1026 
1026 1026 
1027 1028 
1028 1028 
1029 1029 
1029 1029 
1029 1030 
1030 1030 
1030 1031 
1032 1033 
1033 1034 
1035 1035 
1035 1035 
1036 1036 
1037 1037 
1038 1038 
1038 1039 
1040 1041 
1041 1041 
1041 1042 
1042 1042 
1043 1043 
1043 1044 
1044 1044 
1045 1046 
1046 1046 
1046 1047 
1047 1047 
1047 1048 
1048 1048 
1048 1049 
1050 1050 
1051 1051 
1051 1051 
1052 1052 
1052 1052 
1053 1053 
1053 1055 
1056 1056 
1056 1057 
1057 1057 
1057 1058 
1058 1059 
1059 1059 
1059 1061 
1061 1061 
1062 1062 
1063 1063 
1063 1063 
1063 1064 
1064 1064 
1064 1065 
1065 1065 
1065 1066 
1066 1066 
1067 1067 
1067 1067 
1067 1067 
1067 1067 
1068 1068 
1069 1069 
1069 1069 
1070 1071 
1072 1072 
1073 1073 
1073 1073 
1073 1074 
1074 1074 
1074 1075 
1075 1075 
1076 1076 
1077 1077 
1079 1079 
1079 1080 
1080 1081 
1081 1081 
1081 1081 
1082 1083 
1083 1084 
1084 1084 
1085 1085 
1085 1086 
1086 1086 
1086 1087 
1088 1088 
1089 1089 
1089 1090 
1090 1090 
1090 1091 
1091 1091 
1091 1091 
1091 1092 
1093 1093 
1093 1094 
1094 1095 
1095 1095 
1095 1095 
1095 1096 
1096 1096 
1097 1097 
1097 1097 
1097 1097 
1098 1098 
1098 1098 
1098 1098 
1099 1099 
1099 1099 
1100 1100 
1100 1100 
1101 1102 
1102 1102 
1102 1103 
1103 1103 
1103 1103 
1104 1104 
1104 1105 
1105 1105 
1106 1106 
1106 1106 
1106 1106 
1106 1107 
1107 1107 
1108 1108 
1108 1108 
1109 1109 
1109 1109 
1110 1110 
1110 1110 
1110 1110 
1111 1111 
1111 1112 
1112 1112 
1113 1113 
1113 1114 
1114 1114 
1114 1115 
1115 1115 
1115 1115 
1115 1115 
1115 1116 
1116 1116 
1117 1117 
1117 1117 
1118 1118 
1119 1120 
1120 1121 
1121 1121 
1121 1122 
1122 1123 
1123 1123 
1123 1123 
1123 1123 
1123 1123 
1124 1124 
1124 1125 
1125 1125 
1126 1126 
1126 1126 
1127 1128 
1128 1129 
1129 1129 
1129 1129 
1129 1130 
1130 1131 
1131 1132 
1132 1132 
1133 1133 
1133 1134 
1134 1135 
1136 1136 
1136 1137 
1137 1137 
1137 1138 
1138 1139 
1139 1139 
1140 1140 
1140 1141 
1141 1141 
1141 1142 
1142 1142 
1142 1142 
1142 1143 
1143 1143 
1143 1143 
1143 1143 
1144 1144 
1144 1144 
1144 1146 
1146 1147 
1147 1147 
1148 1148 
1148 1148 
1149 1149 
1149 1150 
1150 1150 
1150 1150 
1151 1152 
1152 1152 
1152 1152 
1153 1153 
1154 1154 
1154 1154 
1155 1155 
1155 1155 
1155 1156 
1156 1156 
1158 1158 
1158 1158 
1159 1159 
1159 1160 
1160 1160 
1160 1160 
1160 1161 
1162 1162 
1162 1162 
1163 1163 
1164 1164 
1164 1164 
1165 1165 
1165 1165 
1166 1167 
1167 1167 
1167 1167 
1168 1168 
1168 1169 
1169 1169 
1169 1170 
1171 1171 
1171 1171 
1171 1172 
1172 1172 
1172 1173 
1173 1173 
1174 1174 
1175 1175 
1175 1175 
1176 1176 
1176 1176 
1176 1177 
1177 1177 
1177 1178 
1178 1178 
1179 1179 
1179 1180 
1180 1180 
1181 1182 
1183 1183 
1183 1184 
1184 1185 
1186 1186 
1186 1186 
1187 1187 
1188 1188 
1188 1188 
1189 1189 
1189 1190 
1190 1190 
1190 1190 
1191 1191 
1191 1191 
1192 1192 
1192 1192 
1193 1193 
1193 1193 
1194 1194 
1194 1195 
1195 1195 
1196 1197 
1197 1197 
1198 1198 
1198 1199 
1199 1199 
1200 1200 
1200 1200 
1201 1201 
1202 1202 
1202 1203 
1204 1204 
1205 1205 
1205 1205 
1205 1205 
1205 1206 
1206 1206 
1206 1207 
1207 1207 
1207 1207 
1208 1208 
1208 1208 
1208 1208 
1208 1209 
1209 1209 
1209 1209 
1209 1210 
1210 1211 
1211 1211 
1212 1212 
1212 1212 
1212 1212 
1213 1213 
1213 1213 
1213 1214 
1214 1214 
1215 1215 
1215 1216 
1216 1217 
1219 1219 
1219 1219 
1219 1220 
1220 1221 
1221 1221 
1222 1222 
1222 1223 
1223 1223 
1223 1224 
1224 1225 
1225 1225 
1225 1226 
1226 1226 
1227 1227 
1227 1227 
1228 1228 
1228 1228 
1229 1229 
1229 1230 
1230 1231 
1231 1231 
1231 1231 
1231 1232 
1232 1232 
1233 1233 
1233 1234 
1234 1234 
1234 1234 
1235 1235 
1235 1236 
1236 1236 
1236 1237 
1237 1237 
1238 1238 
1238 1238 
1238 1239 
1240 1240 
1240 1241 
1241 1242 
1242 1242 
1242 1242 
1242 1243 
1243 1244 
1244 1244 
1245 1245 
1245 1245 
1246 1246 
1246 1247 
1248 1248 
1249 1249 
1250 1251 
1251 1251 
1252 1252 
1252 1252 
1252 1253 
1253 1253 
1253 1253 
1254 1254 
1254 1255 
1255 1255 
1255 1256 
1256 1257 
1257 1257 
1258 1259 
1259 1260 
1260 1260 
1260 1261 
1261 1261 
1262 1262 
1262 1262 
1262 1263 
1263 1263 
1263 1264 
1264 1264 
1264 1264 
1264 1264 
1265 1266 
1267 1267 
1268 1268 
1270 1270 
1270 1270 
1271 1272 
1272 1272 
1272 1273 
1273 1274 
1274 1275 
1275 1275 
1275 1275 
1275 1276 
1276 1276 
1276 1277 
1277 1278 
1278 1279 
1279 1279 
1280 1280 
1280 1280 
1281 1281 
1281 1281 
1282 1282 
1283 1283 
1283 1284 
1284 1284 
1285 1286 
1286 1287 
1288 1288 
1288 1289 
1290 1290 
1290 1290 
1290 1290 
1290 1291 
1291 1291 
1292 1292 
1292 1293 
1293 1293 
1294 1294 
1294 1294 
1295 1295 
1296 1296 
1296 1296 
1297 1297 
1297 1298 
1298 1299 
1299 1299 
1299 1299 
1299 1299 
1300 1300 
1300 1301 
1301 1301 
1302 1302 
1302 1302 
1302 1303 
1303 1303 
1303 1304 
1304 1304 
1304 1304 
1305 1305 
1306 1306 
1306 1306 
1306 1307 
1309 1309 
1310 1310 
1311 1311 
1311 1312 
1313 1313 
1313 1313 
1314 1314 
1314 1315 
1315 1315 
1315 1315 
1316 1316 
1316 1317 
1317 1317 
1317 1317 
1317 1317 
1318 1318 
1319 1319 
1320 1320 
1320 1320 
1320 1321 
1321 1321 
1322 1322 
1323 1323 
1323 1323 
1324 1324 
1324 1324 
1324 1324 
1324 1325 
1325 1325 
1325 1325 
1325 1326 
1327 1327 
1328 1328 
1328 1329 
1330 1331 
1331 1331 
1331 1331 
1331 1332 
1333 1333 
1334 1334 
1334 1334 
1335 1335 
1335 1335 
1335 1336 
1336 1337 
1338 1338 
1339 1339 
1339 1340 
1340 1340 
1340 1340 
1341 1341 
1341 1342 
1343 1343 
1344 1344 
1344 1345 
1345 1345 
1345 1345 
1345 1345 
1345 1346 
1346 1347 
1347 1347 
1348 1348 
1348 1348 
1348 1348 
1349 1349 
1349 1350 
1350 1350 
1350 1350 
1351 1352 
1352 1352 
1352 1352 
1353 1353 
1353 1354 
1354 1354 
1355 1355 
1356 1356 
1356 1357 
1357 1358 
1358 1359 
1359 1359 
1359 1359 
1359 1360 
1360 1361 
1361 1361 
1361 1361 
1361 1362 
1362 1362 
1362 1363 
1363 1364 
1365 1365 
1365 1366 
1366 1367 
1367 1367 
1368 1368 
1368 1368 
1369 1369 
1369 1369 
1370 1371 
1371 1371 
1371 1371 
1371 1372 
1372 1372 
1372 1373 
1373 1373 
1375 1375 
1376 1376 
1376 1376 
1376 1376 
1377 1377 
1377 1378 
1378 1379 
1379 1379 
1379 1379 
1380 1380 
1380 1380 
1380 1381 
1381 1381 
1381 1381 
1382 1382 
1382 1382 
1384 1384 
1384 1384 
1384 1384 
1384 1385 
1385 1386 
1386 1387 
1387 1387 
1388 1388 
1388 1388 
1388 1388 
1388 1389 
1389 1390 
1390 1390 
1390 1391 
1391 1391 
1391 1391 
1392 1392 
1392 1393 
1394 1394 
1394 1395 
1395 1395 
1396 1396 
1396 1396 
1396 1398 
1398 1398 
1398 1399 
1399 1399 
1399 1399 
1400 1400 
1400 1401 
1401 1402 
1402 1402 
1403 1403 
1403 1404 
1405 1405 
1405 1406 
1406 1406 
1406 1406 
1407 1407 
1407 1407 
1407 1408 
1408 1408 
1409 1409 
1410 1410 
1410 1411 
1411 1411 
1411 1412 
1412 1412 
1414 1414 
1415 1415 
1415 1415 
1416 1416 
1416 1416 
1416 1417 
1417 1417 
1417 1417 
1418 1418 
1418 1418 
1418 1418 
1419 1419 
1420 1420 
1421 1421 
1421 1421 
1421 1421 
1421 1421 
1422 1422 
1422 1422 
1423 1423 
1424 1424 
1424 1425 
1425 1425 
1425 1425 
1425 1426 
1426 1426 
1426 1426 
1426 1427 
1428 1428 
1428 1428 
1429 1429 
1429 1430 
1430 1430 
1430 1431 
1431 1432 
1432 1432 
1432 1432 
1433 1433 
1434 1434 
1434 1434 
1434 1434 
1435 1435 
1435 1436 
1436 1436 
1436 1436 
1437 1437 
1437 1438 
1438 1439 
1439 1439 
1439 1440 
1441 1441 
1441 1441 
1441 1442 
1442 1443 
1445 1445 
1445 1445 
1445 1445 
1446 1446 
1446 1446 
1446 1447 
1447 1448 
1448 1448 
1448 1448 
1448 1449 
1449 1449 
1450 1450 
1450 1451 
1451 1452 
1452 1452 
1453 1453 
1453 1453 
1453 1453 
1454 1454 
1455 1455 
1455 1455 
1456 1456 
1456 1456 
1457 1457 
1457 1457 
1458 1458 
1458 1458 
1458 1458 
1459 1459 
1459 1459 
1460 1460 
1460 1460 
1461 1461 
1461 1461 
1461 1463 
1463 1463 
1463 1463 
1464 1464 
1465 1466 
1466 1466 
1466 1466 
1467 1467 
1467 1467 
1468 1468 
1469 1469 
1469 1469 
1470 1470 
1471 1471 
1471 1471 
1473 1473 
1474 1474 
1474 1474 
1474 1474 
1474 1475 
1475 1476 
1476 1476 
1476 1477 
1478 1478 
1478 1479 
1479 1479 
1479 1480 
1480 1480 
1482 1482 
1482 1482 
1483 1483 
1484 1485 
1485 1485 
1485 1485 
1485 1486 
1487 1487 
1488 1488 
1488 1488 
1489 1489 
1489 1489 
1490 1490 
1490 1490 
1490 1491 
1491 1492 
1492 1492 
1492 1493 
1493 1493 
1493 1493 
1493 1494 
1494 1494 
1494 1495 
1495 1495 
1496 1496 
1496 1497 
1497 1498 
1498 1499 
1499 1499 
1499 1499 
1499 1500 
1500 1501 
1501 1501 
1502 1502 
1502 1502 
1503 1503 
1503 1504 
1504 1504 
1505 1505 
1505 1506 
1506 1507 
1507 1508 
1508 1509 
1509 1509 
1509 1509 
1509 1509 
1510 1510 
1511 1511 
1511 1511 
1511 1512 
1512 1513 
1513 1513 
1514 1514 
1514 1515 
1515 1515 
1515 1516 
1516 1516 
1517 1517 
1517 1517 
1517 1518 
1518 1519 
1519 1519 
1519 1520 
1520 1520 
1520 1520 
1520 1520 
1521 1521 
1521 1521 
1521 1522 
1522 1522 
1522 1523 
1523 1523 
1524 1524 
1525 1525 
1525 1525 
1525 1526 
1526 1527 
1527 1527 
1527 1527 
1527 1527 
1527 1528 
1528 1529 
1529 1529 
1529 1530 
1530 1530 
1530 1530 
1531 1531 
1531 1532 
1532 1533 
1533 1533 
1533 1533 
1533 1534 
1534 1535 
1535 1536 
1536 1536 
1536 1536 
1537 1537 
1537 1537 
1538 1538 
1538 1539 
1539 1539 
1540 1540 
1540 1541 
1541 1541 
1542 1542 
1542 1543 
1543 1543 
1543 1543 
1544 1544 
1544 1544 
1545 1545 
1545 1545 
1546 1546 
1546 1547 
1547 1547 
1547 1548 
1548 1550 
1550 1550 
1550 1550 
1550 1550 
1551 1551 
1551 1551 
1552 1552 
1553 1553 
1553 1553 
1553 1553 
1554 1554 
1554 1555 
1556 1556 
1556 1556 
1556 1557 
1557 1558 
1558 1558 
1558 1559 
1559 1560 
1560 1561 
1562 1562 
1562 1562 
1563 1563 
1564 1565 
1565 1565 
1565 1565 
1566 1566 
1566 1567 
1568 1568 
1568 1568 
1568 1568 
1569 1569 
1570 1570 
1570 1570 
1571 1571 
1572 1572 
1572 1572 
1572 1572 
1572 1572 
1572 1572 
1572 1573 
1573 1573 
1573 1574 
1574 1575 
1575 1575 
1575 1575 
1576 1577 
1578 1578 
1579 1579 
1579 1579 
1580 1580 
1581 1582 
1582 1583 
1583 1584 
1584 1585 
1585 1585 
1585 1585 
1587 1587 
1587 1587 
1587 1587 
1588 1589 
1589 1590 
1590 1591 
1591 1591 
1591 1591 
1591 1591 
1591 1592 
1592 1592 
1592 1592 
1593 1594 
1594 1595 
1595 1595 
1596 1596 
1597 1597 
1598 1598 
1599 1599 
1599 1599 
1599 1600 
1600 1601 
1601 1601 
1602 1602 
1602 1603 
1603 1604 
1604 1604 
1604 1605 
1605 1605 
1605 1606 
1607 1607 
1607 1608 
1609 1609 
1609 1610 
1610 1611 
1611 1611 
1611 1612 
1612 1612 
1613 1614 
1614 1615 
1615 1615 
1615 1615 
1616 1616 
1617 1617 
1617 1617 
1617 1618 
1618 1618 
1619 1620 
1620 1620 
1621 1622 
1622 1622 
1623 1624 
1624 1624 
1624 1624 
1625 1626 
1626 1626 
1626 1626 
1627 1628 
1628 1628 
1628 1628 
1628 1628 
1628 1628 
1628 1629 
1629 1630 
1630 1630 
1631 1632 
1632 1633 
1634 1635 
1635 1635 
1635 1635 
1636 1636 
1637 1637 
1638 1638 
1638 1638 
1638 1639 
1639 1639 
1639 1639 
1642 1642 
1643 1643 
1643 1643 
1644 1644 
1644 1644 
1645 1645 
1645 1646 
1646 1646 
1646 1647 
1647 1648 
1649 1649 
1649 1650 
1650 1650 
1650 1650 
1651 1651 
1652 1652 
1652 1652 
1653 1654 
1654 1654 
1654 1655 
1655 1656 
1656 1656 
1656 1657 
1657 1657 
1657 1658 
1658 1659 
1659 1659 
1659 1659 
1660 1660 
1661 1662 
1662 1662 
1663 1663 
1663 1663 
1663 1664 
1664 1664 
1664 1664 
1665 1666 
1668 1668 
1668 1669 
1669 1669 
1669 1669 
1670 1671 
1671 1671 
1671 1672 
1673 1673 
1675 1675 
1675 1675 
1676 1676 
1676 1676 
1676 1677 
1677 1677 
1677 1678 
1678 1678 
1678 1679 
1679 1679 
1679 1679 
1680 1680 
1681 1681 
1681 1682 
1682 1682 
1682 1683 
1683 1683 
1683 1684 
1684 1685 
1685 1685 
1686 1686 
1686 1687 
1687 1688 
1688 1688 
1688 1688 
1688 1689 
1690 1691 
1692 1692 
1693 1693 
1693 1693 
1693 1693 
1694 1694 
1694 1694 
1695 1697 
1698 1698 
1698 1698 
1699 1699 
1699 1700 
1700 1700 
1700 1700 
1700 1701 
1702 1702 
1702 1703 
1704 1704 
1704 1704 
1704 1705 
1705 1705 
1705 1705 
1705 1706 
1706 1706 
1707 1707 
1708 1708 
1708 1709 
1710 1710 
1710 1710 
1710 1712 
1712 1713 
1713 1713 
1713 1714 
1714 1714 
1714 1714 
1715 1715 
1716 1716 
1717 1717 
1717 1718 
1718 1718 
1718 1719 
1720 1721 
1721 1721 
1722 1723 
1724 1724 
1725 1725 
1725 1726 
1726 1727 
1727 1729 
1730 1731 
1731 1731 
1732 1733 
1733 1734 
1734 1734 
1734 1734 
1735 1736 
1737 1737 
1737 1738 
1738 1738 
1738 1738 
1738 1738 
1739 1739 
1739 1740 
1740 1740 
1740 1740 
1740 1740 
1741 1741 
1741 1742 
1742 1742 
1742 1743 
1743 1743 
1743 1744 
1744 1745 
1746 1746 
1747 1747 
1747 1748 
1748 1748 
1748 1748 
1749 1749 
1749 1750 
1750 1750 
1751 1751 
1751 1752 
1752 1753 
1753 1753 
1754 1755 
1755 1755 
1755 1756 
1757 1757 
1757 1757 
1757 1758 
1758 1758 
1758 1758 
1758 1759 
1760 1760 
1760 1761 
1761 1762 
1762 1762 
1762 1763 
1763 1763 
1763 1763 
1764 1764 
1765 1765 
1766 1766 
1767 1767 
1767 1767 
1767 1768 
1769 1769 
1770 1770 
1770 1770 
1771 1771 
1772 1772 
1772 1772 
1773 1773 
1774 1774 
1774 1774 
1775 1776 
1776 1777 
1777 1777 
1777 1778 
1778 1778 
1779 1780 
1780 1781 
1781 1782 
1782 1782 
1782 1782 
1783 1784 
1784 1784 
1785 1785 
1786 1786 
1786 1786 
1786 1786 
1786 1786 
1789 1789 
1789 1790 
1790 1790 
1791 1792 
1792 1792 
1792 1794 
1794 1795 
1795 1795 
1795 1795 
1795 1796 
1796 1796 
1796 1797 
1797 1797 
1797 1797 
1797 1798 
1798 1798 
1798 1798 
1798 1799 
1799 1799 
1799 1799 
1800 1800 
1800 1800 
1801 1801 
1802 1802 
1802 1802 
1802 1803 
1803 1803 
1803 1803 
1803 1804 
1804 1805 
1806 1806 
1806 1806 
1807 1807 
1807 1807 
1808 1808 
1809 1809 
1809 1810 
1810 1810 
1810 1810 
1811 1811 
1812 1812 
1813 1813 
1813 1813 
1813 1814 
1814 1814 
1815 1817 
1817 1817 
1818 1818 
1818 1818 
1818 1819 
1819 1819 
1819 1819 
1820 1820 
1820 1821 
1821 1821 
1821 1822 
1822 1823 
1823 1824 
1824 1824 
1824 1825 
1825 1825 
1825 1826 
1826 1826 
1827 1827 
1827 1827 
1827 1827 
1828 1829 
1829 1829 
1829 1829 
1830 1830 
1831 1831 
1831 1832 
1833 1833 
1833 1833 
1833 1834 
1834 1834 
1835 1835 
1835 1835 
1836 1836 
1836 1837 
1838 1838 
1838 1839 
1839 1840 
1841 1841 
1841 1841 
1842 1842 
1842 1843 
1844 1845 
1846 1846 
1846 1846 
1846 1847 
1847 1848 
1848 1848 
1848 1849 
1849 1849 
1849 1850 
1850 1850 
1850 1851 
1851 1851 
1851 1852 
1853 1853 
1853 1854 
1854 1854 
1855 1855 
1856 1856 
1856 1857 
1857 1858 
1858 1858 
1858 1858 
1859 1860 
1860 1860 
1860 1860 
1861 1861 
1861 1862 
1863 1863 
1863 1864 
1864 1864 
1866 1866 
1866 1866 
1866 1867 
1868 1868 
1869 1869 
1869 1869 
1869 1870 
1870 1870 
1870 1871 
1872 1872 
1872 1872 
1872 1872 
1872 1872 
1873 1874 
1874 1874 
1874 1875 
1876 1876 
1876 1876 
1877 1877 
1877 1878 
1878 1878 
1879 1879 
1880 1880 
1881 1882 
1882 1883 
1883 1883 
1884 1884 
1885 1885 
1885 1886 
1886 1886 
1886 1886 
1886 1887 
1887 1887 
1887 1887 
1888 1888 
1888 1888 
1888 1889 
1889 1889 
1890 1890 
1890 1890 
1892 1892 
1893 1893 
1893 1894 
1898 1898 
1898 1898 
1898 1898 
1898 1899 
1899 1902 
1902 1902 
1903 1903 
1903 1904 
1904 1904 
1905 1905 
1906 1906 
1906 1906 
1907 1908 
1908 1908 
1908 1908 
1909 1909 
1909 1909 
1909 1909 
1909 1910 
1910 1910 
1910 1910 
1910 1911 
1911 1911 
1912 1912 
1912 1913 
1913 1913 
1914 1914 
1914 1915 
1916 1916 
1916 1916 
1916 1917 
1918 1918 
1918 1919 
1919 1919 
1921 1921 
1921 1921 
1921 1921 
1922 1922 
1922 1922 
1922 1922 
1922 1922 
1923 1923 
1923 1924 
1924 1924 
1925 1925 
1925 1926 
1926 1926 
1926 1927 
1928 1928 
1928 1928 
1928 1929 
1929 1929 
1929 1929 
1929 1929 
1930 1930 
1931 1931 
1931 1931 
1931 1931 
1931 1932 
1933 1933 
1933 1933 
1934 1935 
1935 1935 
1935 1935 
1936 1936 
1936 1937 
1937 1938 
1938 1938 
1938 1938 
1938 1938 
1939 1939 
1939 1939 
1939 1940 
1940 1940 
1941 1941 
1942 1942 
1943 1944 
1944 1944 
1944 1944 
1944 1945 
1945 1946 
1946 1946 
1946 1946 
1946 1947 
1948 1949 
1949 1949 
1949 1949 
1949 1950 
1951 1951 
1951 1952 
1952 1952 
1952 1953 
1954 1954 
1955 1955 
1955 1955 
1956 1957 
1957 1957 
1957 1957 
1958 1958 
1958 1959 
1960 1960 
1960 1961 
1961 1962 
1962 1962 
1963 1963 
1963 1964 
1964 1964 
1965 1965 
1965 1965 
1965 1965 
1965 1965 
1966 1966 
1966 1966 
1968 1968 
1968 1968 
1969 1969 
1969 1969 
1970 1970 
1970 1971 
1971 1971 
1971 1972 
1972 1972 
1972 1973 
1973 1974 
1974 1974 
1975 1975 
1976 1976 
1976 1976 
1977 1977 
1977 1977 
1978 1978 
1978 1978 
1978 1979 
1979 1979 
1979 1979 
1980 1980 
1981 1981 
1981 1982 
1982 1983 
1983 1983 
1983 1984 
1985 1985 
1985 1985 
1985 1986 
1986 1987 
1987 1987 
1987 1987 
1988 1988 
1989 1989 
1990 1990 
1990 1990 
1990 1991 
1991 1992 
1993 1993 
1993 1993 
1994 1994 
1995 1995 
1995 1995 
1996 1996 
1997 1997 
1997 1998 
1998 1999 
1999 2000 
179 550 
798 1425 
1617 1714 
1870 216 
714 1431 
1494 1223 
273 467 
704 741 
826 1000 
263 306 
1160 1402 
1694 1966 
408 418 
520 1400 
1550 147 
1237 398 
756 1160 
1562 1610 
1615 1637 
218 1176 
1848 1888 
525 701 
929 1047 
92 100 
234 732 
988 1968 
491 551 
832 1543 
446 1908 
191 962 
819 1103 
1129 1260 
704 1421 
562 268 
571 1466 
1663 1681 
1807 1913 
148 613 
867 1545 
828 1746 
427 1068 
1915 1030 
1384 1536 
566 1262 
1406 933 
1089 1402 
1513 1185 
1611 146 
546 1466 
1562 1887 
925 1474 
1806 169 
898 357 
631 958 
1129 1518 
1628 170 
1426 1592 
1405 1573 
1928 129 
140 1319 
1652 1766 
461 1020 
666 1148 
1516 1560 
1875 1427 
1529 1778 
710 768 
888 1252 
1334 232 
1018 115 
160 654 
792 1290 
1527 1585 
84 1313 
1418 1605 
133 172 
469 621 
82 1056 
1437 1678 
1753 1057 
1143 1566 
164 1324 
1997 1108 
1527 1545 
1768 1782 
1043 66 
667 1087 
1158 1505 
1800 1997 
191 841 
67 1396 
1573 1929 
1400 1624 
387 626 
1197 584 
804 1411 
433 472 
838 950 
1297 449 
653 1820 
1853 285 
436 1187 
1522 1835 
656 1047 
1401 498 
1085 444 
1502 52 
1309 1425 
54 327 
95 204 
570 586 
622 1463 
1506 197 
1460 414 
1478 1585 
1598 856 
1165 1944 
1998 933 
1176 1242 
213 301 
442 780 
853 1186 
1328 1453 
1553 1601 
367 440 
489 653 
1073 1410 
1421 83 
471 1263 
1029 1350 
1758 132 
481 137 
961 1823 
1931 537 
803 1038 
46 522 
1293 1565 
1740 76 
204 852 
1220 1343 
44 1554 
116 851 
1100 1205 
1234 1538 
1051 1011 
1143 1624 
1995 1020 
1144 1176 
1910 284 
753 1677 
1821 168 
694 1072 
1585 13 
397 1679 
1765 640 
683 684 
1375 1792 
68 1983 
234 1123 
1277 202 
1306 1553 
320 583 
1019 1267 
1359 331 
482 486 
631 811 
1676 13 
1563 1802 
375 735 
800 1213 
1657 522 
1006 1774 
627 697 
1669 745 
478 1125 
1846 202 
233 1154 
659 892 
1562 1928 
1011 1449 
1758 1933 
564 1093 
1740 473 
1206 1722 
1974 372 
1259 1583 
1928 43 
151 85 
164 1373 
1775 119 
504 634 
1574 314 
390 1091 
117 725 
1063 1178 
1626 205 
244 1219 
1511 1716 
760 1412 
249 1006 
1103 1231 
1898 1918 
283 603 
626 1408 
1678 1908 
366 1047 
1868 36 
445 595 
1512 1607 
1018 1229 
1392 1924 
664 846 
79 445 
543 45 
187 499 
512 702 
1177 687 
994 1662 
248 402 
1781 670 
886 1608 
1720 80 
198 1209 
1671 687 
1706 1870 
1948 36 
851 1155 
1493 1708 
1795 614 
1951 448 
1906 1973 
215 1436 
1664 349 
389 792 
1851 1020 
1068 1776 
1801 1846 
1856 1877 
29 292 
315 744 
1149 1543 
1738 8 
819 21 
1931 490 
1692 295 
115 228 
372 1826 
1339 248 
536 1123 
205 1052 
1459 190 
1537 1953 
307 1689 
538 1493 
620 1101 
1736 1892 
43 472 
1137 1960 
237 613 
1193 416 
757 1059 
1150 1836 
1098 1499 
1935 49 
116 182 
253 881 
1048 1778 
297 387 
1819 1861 
1922 195 
1486 1957 
800 1904 
91 1325 
1631 31 
787 893 
939 1047 
1155 1774 
33 371 
1414 1498 
738 1570 
45 434 
669 958 
1520 1441 
1650 1416 
205 932 
1014 1359 
1461 1485 
1 404 
452 868 
1128 1980 
164 810 
1186 1414 
820 944 
1126 198 
290 414 
1557 1944 
208 300 
963 1136 
1198 133 
1235 1403 
1556 1913 
1886 445 
1686 156 
1179 1755 
16 53 
399 1231 
1850 1995 
943 969 
1103 1190 
1490 1604 
1013 1348 
166 394 
1024 1568 
286 369 
1337 1613 
69 899 
137 185 
1000 1656 
492 681 
877 1628 
1688 1755 
770 1651 
97 106 
1172 1294 
552 1110 
1501 1673 
68 83 
1406 120 
154 177 
1573 1798 
186 276 
314 511 
622 671 
788 824 
997 1239 
1883 565 
796 1348 
1936 307 
723 910 
1016 1282 
1795 796 
893 1498 
1748 73 
1257 1422 
143 669 
684 3 
636 1202 
600 1072 
1165 1388 
1418 11 
407 434 
1734 524 
915 1213 
1399 1974 
1988 397 
1012 1242 
1910 524 
1035 1210 
1002 1394 
723 887 
1116 1340 
264 281 
973 446 
1096 1009 
1509 1998 
1499 151 
377 393 
629 560 
573 1568 
232 907 
1344 41 
231 802 
106 1153 
13 96 
1100 1811 
751 1410 
1866 1965 
986 1123 
1708 1949 
161 884 
924 1588 
1757 1982 
1990 567 
1647 981 
1452 120 
1464 1630 
1841 538 
691 1023 
1112 1835 
381 782 
1028 1168 
380 384 
701 754 
1086 1509 
135 153 
123 1532 
1382 764 
1176 1942 
752 812 
897 1601 
164 537 
1172 1190 
1019 1685 
645 1108 
693 748 
755 484 
1107 1497 
1838 432 
1661 1795 
683 699 
1390 1460 
1556 584 
1744 1657 
6 709 
1456 1813 
224 404 
669 1663 
1887 869 
1391 789 
970 1302 
418 721 
832 1476 
20 372 
382 1457 
1540 1609 
967 469 
1174 733 
859 1439 
1821 474 
1328 1432 
1693 1794 
1963 5 
1036 1638 
1813 1202 
1309 1704 
419 520 
1113 1375 
1507 1659 
208 843 
1503 585 
761 1649 
1757 787 
950 911 
1149 1938 
1979 830 
1786 224 
332 353 
670 1001 
1794 1300 
1628 1972 
125 1415 
90 472 
61 196 
400 1290 
579 1091 
1134 1279 
696 1208 
1325 1342 
185 728 
660 1189 
146 774 
795 506 
930 1141 
1288 150 
712 1020 
165 1104 
1188 1216 
1458 1519 
1529 1772 
546 1062 
805 1727 
186 372 
396 444 
494 73 
865 896 
1180 1442 
1782 667 
1212 1705 
1734 644 
491 820 
831 1321 
1908 1952 
1971 467 
652 1359 
1567 1683 
6 859 
1721 1997 
157 210 
1063 1501 
1841 519 
1705 1727 
1718 1331 
1163 1321 
1517 1594 
689 1168 
1467 118 
208 421 
146 1106 
1821 1553 
389 577 
826 1284 
495 1024 
666 1808 
98 1160 
1587 747 
1710 1316 
530 1079 
1345 1376 
338 927 
1167 1725 
1988 67 
361 650 
1959 766 
864 1260 
1387 1540 
1387 1650 
99 993 
1453 1799 
281 1115 
1602 934 
1977 1814 
1955 852 
967 1124 
1492 1798 
1810 840 
1159 1264 
1527 1813 
1097 326 
645 1380 
1747 1764 
1795 1466 
663 702 
945 1874 
1454 1909 
461 1030 
1818 598 
1255 1977 
416 661 
1774 434 
943 1184 
144 840 
884 924 
942 683 
825 810 
1401 1985 
281 611 
630 820 
979 1500 
1441 718 
407 466 
1029 1345 
1887 1911 
32 714 
961 1632 
681 702 
1050 1201 
1306 1912 
1926 558 
1874 431 
676 328 
1317 1371 
1388 580 
1194 715 
904 1207 
1458 450 
906 1133 
1146 1616 
1061 1092 
126 409 
1340 75 
1065 1649 
836 196 
583 1434 
1579 1663 
1957 580 
588 1012 
170 456 
599 1616 
114 151 
268 300 
411 1182 
1773 594 
1166 1561 
1737 101 
1211 1453 
607 1039 
1086 1225 
1911 228 
611 1051 
677 1211 
1244 247 
598 945 
1226 1382 
1889 246 
848 268 
790 528 
567 1355 
1636 1758 
1992 247 
705 791 
1913 56 
165 400 
1965 144 
317 914 
1289 1530 
118 707 
1287 899 
228 195 
519 695 
921 1001 
747 813 
300 470 
909 1566 
92 220 
629 1243 
1519 9 
191 598 
928 1209 
287 388 
955 1367 
1372 1048 
1228 1858 
135 1602 
1175 179 
264 1168 
1819 622 
571 698 
754 1662 
218 356 
1198 7 
622 1007 
366 1214 
372 462 
908 1273 
1303 1311 
1966 575 
1503 975 
70 185 
1155 1278 
1410 1445 
604 1686 
162 346 
1909 592 
691 7 
267 477 
1278 1597 
1644 275 
800 1643 
490 1827 
314 678 
1315 1411 
1142 1509 
1243 1986 
699 787 
23 605 
1312 1536 
674 1850 
360 1139 
259 573 
781 1784 
59 489 
589 877 
1006 1589 
172 218 
348 1694 
962 1340 
1993 61 
834 1028 
1186 1870 
1272 1455 
1238 614 
1579 1743 
1809 1976 
75 531 
1098 1426 
1936 782 
1043 73 
448 598 
1262 65 
300 1292 
129 132 
189 697 
1254 1371 
1399 1485 
15 225 
593 1688 
1299 142 
442 60 
613 1489 
1823 364 
560 675 
1114 1358 
1492 530 
954 179 
1123 517 
544 1789 
1824 1929 
1028 1111 
1268 1939 
1407 371 
629 1076 
1081 1212 
1467 1214 
1469 1785 
1914 712 
959 1572 
471 1023 
1097 1821 
1222 37 
343 473 
584 1210 
1420 411 
1003 1657 
1698 1892 
1991 1071 
1478 1206 
1302 896 
356 5 
305 712 
834 870 
1021 1537 
1605 45 
270 488 
977 396 
944 1167 
76 459 
998 59 
160 284 
565 1350 
112 461 
1563 1750 
272 539 
627 654 
661 885 
941 973 
1799 789 
962 418 
105 1533 
764 1556 
1762 493 
1300 1647 
79 595 
749 1416 
1676 99 
620 1928 
258 591 
812 1323 
1379 583 
653 99 
546 1517 
469 631 
1213 1492 
75 433 
1713 1981 
149 420 
782 1264 
1857 14 
304 879 
1025 1909 
199 665 
784 993 
480 1858 
300 502 
318 1306 
739 64 
133 508 
1109 1585 
1937 1999 
534 631 
1760 1872 
1952 494 
1705 1905 
1981 117 
746 813 
1200 1617 
1638 1127 
1629 1752 
294 509 
991 1074 
1282 554 
1831 499 
930 1544 
1833 506 
568 642 
208 568 
133 849 
929 1806 
1073 1443 
934 1225 
1079 1391 
1887 453 
1086 1650 
954 308 
394 1245 
7 275 
1142 1395 
815 1479 
1541 1571 
82 102 
1961 805 
930 1445 
219 221 
585 1535 
1614 1723 
1944 12 
569 723 
920 827 
1037 383 
668 820 
1599 1781 
1926 1955 
324 451 
575 637 
995 1344 
440 801 
796 1022 
1772 866 
500 554 
1144 1873 
1987 153 
1120 81 
253 801 
1088 1471 
1617 1925 
158 245 
758 1158 
475 794 
1886 866 
1346 1542 
925 1878 
132 568 
887 453 
1510 1651 
1776 29 
298 486 
1057 1951 
1755 1777 
1910 1305 
1360 1368 
1373 1740 
1 1063 
1818 14 
203 1026 
1459 949 
1188 1626 
507 535 
1499 1527 
1386 1445 
1582 1615 
668 1035 
1163 1542 
1742 1000 
1479 359 
658 748 
992 1241 
1264 1519 
1796 1918 
586 939 
988 1126 
1966 229 
450 1089 
1102 1110 
1923 1026 
1490 19 
1276 1457 
109 689 
899 1748 
1825 1846 
209 472 
1158 1205 
1263 1296 
1439 1979 
25 1378 
1617 1659 
240 383 
1191 1297 
1659 509 
511 543 
877 1025 
525 1248 
1490 1551 
68 20 
406 994 
1380 1513 
782 1639 
229 432 
1206 1426 
1457 412 
530 1224 
1609 1814 
317 1033 
1040 752 
1371 1819 
288 906 
362 370 
1207 658 
1264 1474 
1041 1284 
1574 1575 
1879 98 
369 485 
1223 1363 
1721 57 
261 461 
684 859 
277 524 
724 918 
1017 1529 
68 559 
940 1165 
1231 1653 
370 883 
433 783 
1143 1230 
1324 1406 
1533 1595 
1888 652 
484 1451 
1639 1811 
1965 417 
719 1211 
1886 446 
991 373 
1283 1810 
1905 1938 
129 481 
615 1212 
1902 674 
841 1935 
345 380 
399 443 
731 1313 
1382 1458 
371 217 
674 1275 
1460 1553 
125 415 
1611 1885 
428 1455 
1765 1786 
1810 621 
1388 376 
713 1192 
1883 875 
1428 1323 
1225 1591 
1863 1990 
353 377 
800 1099 
1303 1880 
1916 1618 
21 161 
449 141 
439 736 
753 792 
1034 1623 
595 661 
909 1013 
1225 1377 
1636 1098 
823 1003 
1437 1743 
917 1232 
922 931 
942 159 
482 1705 
45 606 
833 1757 
1942 68 
208 405 
408 1252 
1356 1682 
1990 662 
1536 679 
849 978 
56 125 
641 708 
821 1372 
1695 103 
475 919 
1566 643 
228 397 
456 640 
1059 1890 
353 1390 
1523 1958 
32 99 
488 500 
1095 708 
1878 117 
1391 1395 
695 808 
971 1467 
1890 216 
1779 530 
1726 1528 
1546 1770 
94 629 
1474 1796 
1803 626 
702 1564 
509 1399 
628 1115 
1979 303 
821 1494 
1805 255 
338 1482 
669 1106 
1693 1872 
740 1429 
713 889 
1530 1691 
328 852 
942 1123 
1135 813 
1234 1361 
1782 305 
590 60 
75 485 
43 475 
62 701 
1150 1396 
1801 558 
581 1074 
1363 107 
683 833 
967 1469 
1890 291 
1130 346 
475 615 
910 1396 
624 1099 
1669 341 
1447 131 
1939 492 
1474 1863 
1899 38 
319 1461 
1887 52 
302 1921 
529 556 
884 173 
215 264 
647 1083 
1336 1804 
1977 136 
281 693 
948 1119 
1327 208 
1073 1539 
1851 993 
776 916 
430 597 
600 1513 
1596 1813 
450 1215 
360 835 
1048 379 
887 421 
1311 1851 
625 1809 
1285 199 
358 769 
857 863 
917 957 
1710 1096 
1377 1849 
94 260 
351 659 
1491 94 
215 584 
1012 1622 
1331 1964 
1138 1803 
134 139 
1148 1373 
1675 1807 
1324 1593 
1877 313 
564 1110 
1580 1856 
245 417 
1229 1615 
257 670 
976 91 
886 1183 
1763 1923 
1987 394 
635 1113 
1194 1316 
1928 289 
1978 103 
445 784 
1073 1620 
406 782 
1160 260 
426 738 
738 1752 
1827 12 
247 656 
896 1652 
133 341 
358 641 
761 1658 
965 1740 
1878 5 
18 1008 
1748 1929 
384 1010 
1493 1678 
996 1415 
1452 391 
965 626 
633 263 
1980 40 
1532 1921 
1987 295 
458 467 
1426 607 
649 717 
819 834 
902 3 
357 946 
1600 1602 
1797 363 
1004 1061 
1351 713 
355 1677 
1830 1973 
592 1522 
1035 267 
991 1154 
210 223 
526 1439 
585 870 
1124 1232 
1504 119 
836 1446 
1502 1526 
1682 1708 
1568 1353 
290 1274 
1356 1643 
1350 990 
1482 598 
1341 13 
1236 1773 
271 1474 
101 1368 
1829 614 
1212 1595 
171 699 
700 496 
879 1842 
648 1183 
5 1347 
1488 1133 
1263 1317 
1572 779 
971 1098 
1180 1195 
1698 1802 
146 104 
1103 504 
971 1716 
322 395 
1949 257 
558 1432 
1946 481 
1097 1450 
2000 235 
1693 1763 
252 578 
1660 90 
614 1205 
1398 247 
406 951 
1220 257 
1738 1995 
10 1099 
1136 1505 
162 876 
961 1390 
1628 1786 
538 774 
966 1042 
1057 1369 
1261 122 
1109 1516 
277 702 
849 1141 
1003 1800 
970 1222 
1245 251 
479 1700 
329 40 
1006 1453 
681 1627 
201 1114 
1304 1417 
879 1307 
292 758 
1020 1317 
673 1115 
1411 1544 
1091 1345 
743 1320 
1505 73 
1421 1864 
432 246 
441 490 
572 698 
1575 589 
863 999 
1314 492 
697 866 
1013 1852 
169 278 
426 1570 
1605 208 
1435 266 
476 1869 
382 1348 
385 1522 
1774 43 
144 614 
872 1935 
1311 1797 
540 293 
1021 209 
211 532 
1844 1213 
1520 1 
1368 1565 
1985 101 
167 419 
611 1318 
531 537 
1767 1818 
232 1789 
81 58 
1334 299 
523 1025 
1628 1898 
1229 1858 
1876 859 
1522 635 
1002 1019 
1747 182 
352 99 
1589 252 
484 1117 
1367 1635 
395 504 
651 907 
981 1539 
521 1349 
1645 1843 
1957 953 
1637 17 
147 713 
934 1835 
184 304 
353 529 
957 1296 
626 644 
899 1663 
617 1129 
208 1724 
351 966 
1290 1772 
5 317 
970 1428 
1530 1783 
527 1698 
1790 22 
280 1841 
304 1859 
14 267 
1886 621 
659 1014 
436 468 
713 931 
1152 1916 
676 941 
1242 1254 
1450 368 
725 1090 
1317 1933 
59 1525 
1528 336 
349 1209 
53 597 
1275 1181 
276 1658 
131 1061 
1869 1325 
1362 1874 
1885 381 
1143 1790 
512 625 
761 1396 
86 140 
83 335 
650 1600 
1994 73 
1610 1931 
1436 1525 
859 71 
997 1114 
1148 1807 
681 1132 
1232 1827 
271 306 
584 807 
855 1049 
1448 1500 
1247 1777 
922 1139 
1550 1249 
681 783 
1568 329 
941 959 
301 1407 
1517 1949 
533 541 
784 21 
1303 180 
1065 1242 
265 890 
979 1676 
468 724 
947 1142 
1850 792 
923 944 
1159 1527 
1620 1669 
1985 1428 
608 1051 
1445 757 
1473 1502 
1530 1976 
199 433 
568 1392 
1700 491 
739 773 
958 1193 
1348 1290 
164 1270 
1603 1832 
588 1123 
237 349 
668 475 
1256 136 
694 1628 
223 543 
677 1106 
1426 1521 
1757 1855 
1940 1958 
40 1108 
649 1187 
869 1995 
1143 1924 
107 169 
211 1215 
1030 1446 
1733 1922 
1975 301 
465 701 
252 939 
31 1424 
1572 1871 
197 392 
564 821 
1149 1489 
1490 1575 
713 1335 
1156 1448 
1652 1884 
363 1007 
1369 1829 
1394 1409 
1466 364 
579 1734 
231 813 
411 1438 
1583 396 
615 1085 
1621 1769 
210 661 
1176 1702 
279 1704 
1792 389 
219 1422 
673 1125 
1534 618 
681 1872 
585 627 
1261 1456 
1721 1869 
526 1425 
1483 394 
1416 619 
861 1231 
1442 1698 
872 1856 
237 350 
1155 1910 
30 542 
1421 1709 
1791 326 
399 1615 
1693 12 
512 294 
508 523 
619 834 
1288 1304 
177 26 
72 1345 
1835 333 
515 819 
1591 1347 
1448 1120 
1106 1537 
1570 1628 
169 559 
897 1934 
586 1555 
475 835 
864 986 
1591 1771 
350 619 
650 1227 
1715 193 
348 1115 
1331 1494 
184 470 
872 1459 
1461 1764 
341 380 
714 1717 
1972 870 
1834 670 
553 1103 
1742 59 
278 754 
1190 1205 
1747 1547 
1975 817 
1868 451 
518 1152 
1415 400 
1526 1384 
681 820 
1015 1027 
1042 32 
174 879 
1706 1962 
458 864 
1112 1250 
1276 1388 
80 357 
757 16 
435 476 
1429 1919 
186 1190 
1056 703 
707 998 
1052 1688 
758 825 
269 335 
659 1009 
1673 193 
983 1171 
1508 1569 
266 763 
826 1221 
1664 1979 
635 743 
746 1117 
1144 1356 
1941 224 
475 1112 
1565 413 
1069 1175 
693 1126 
1861 1985 
469 987 
1306 1352 
625 353 
869 1253 
1344 1482 
242 813 
1638 1929 
1058 969 
1004 1630 
1906 1450 
1550 236 
941 1173 
1919 977 
1270 1488 
13 559 
1144 1376 
1731 1790 
730 1501 
506 593 
722 1143 
1445 558 
1650 331 
492 672 
1611 1766 
134 571 
1299 1850 
530 1024 
706 1864 
208 856 
1062 471 
965 1105 
783 5 
198 557 
1579 1628 
281 394 
1064 1828 
222 809 
462 617 
762 715 
984 1474 
1531 1280 
102 123 
433 768 
1038 1237 
1963 408 
904 1952 
704 1090 
1294 1933 
226 968 
1173 1860 
705 1026 
1354 1565 
1989 88 
108 1418 
220 370 
684 1577 
194 615 
784 177 
833 1511 
1701 957 
1084 210 
1194 1626 
1770 585 
41 130 
98 254 
809 37 
89 145 
296 774 
468 795 
1208 532 
1104 245 
459 1359 
195 318 
995 1819 
1949 491 
568 805 
1456 552 
561 1010 
957 246 
436 454 
78 356 
1193 1208 
1323 24 
343 894 
1295 1376 
1851 577 
1683 614 
221 556 
720 1376 
273 1968 
527 1707 
81 1006 
1599 376 
577 582 
1095 1263 
1296 758 
957 1635 
51 441 
1659 1209 
1361 1971 
1147 1059 
1441 1644 
1872 12 
62 126 
169 164 
401 676 
1926 859 
358 1399 
87 377 
875 1299 
154 965 
1323 1381 
1213 1349 
1677 1148 
46 964 
1105 48 
546 758 
1215 982 
1737 162 
629 1046 
1737 365 
715 846 
298 997 
119 307 
550 1238 
1778 1001 
1169 1463 
1983 367 
868 1171 
1316 1440 
1632 1978 
1106 1179 
1345 1385 
1428 1480 
1523 1738 
23 145 
975 1559 
1712 1918 
1904 463 
91 217 
75 514 
671 697 
1536 506 
658 1102 
1515 1418 
1475 1615 
456 1738 
1110 1281 
324 516 
1121 1281 
1906 456 
1320 1326 
1394 1733 
1622 669 
1153 1015 
1171 1340 
64 909 
1592 247 
376 517 
1925 52 
537 1524 
26 560 
1694 836 
1008 1587 
1714 118 
288 777 
1130 1200 
1679 365 
110 1903 
1955 1205 
1908 631 
1041 1164 
1186 1298 
1704 225 
682 1357 
337 459 
749 1147 
1398 1510 
163 440 
616 743 
1212 1958 
611 662 
756 1273 
86 234 
1122 1335 
159 560 
1074 1815 
1870 17 
124 193 
745 949 
297 1022 
1107 998 
1056 1546 
315 647 
887 937 
1067 1446 
1877 258 
1104 1184 
50 256 
888 1860 
499 760 
1144 1471 
203 560 
689 1077 
1645 1739 
454 1317 
1984 245 
959 973 
275 695 
1333 450 
772 856 
1279 332 
643 776 
943 1423 
1668 1763 
1938 223 
1974 1996 
812 971 
1463 1876 
1591 1748 
670 536 
936 1079 
1193 1527 
1703 1100 
1944 96 
153 236 
452 650 
883 1124 
1384 1415 
335 724 
1123 105 
916 1951 
184 559 
976 1129 
505 181 
1929 17 
32 823 
1126 1511 
1551 660 
1091 1252 
1422 857 
1240 1624 
364 742 
1386 288 
1511 650 
186 756 
1192 160 
1419 1786 
1817 686 
1353 431 
861 1445 
1219 1729 
1738 294 
761 1571 
1981 422 
520 871 
1609 1680 
1863 48 
88 589 
848 891 
991 1919 
89 535 
971 988 
1109 364 
1155 1045 
1097 1352 
38 687 
856 1055 
146 279 
900 162 
656 1236 
1718 1947 
1219 834 
954 1381 
1599 1858 
233 1083 
106 722 
1233 1570 
140 169 
414 924 
1146 903 
1607 1755 
52 538 
565 1255 
336 872 
1965 6 
10 320 
698 1748 
1978 1320 
1579 1761 
1767 1826 
311 556 
1095 1236 
1538 1869 
71 217 
586 1839 
373 326 
470 1469 
1599 1767 
246 313 
404 1064 
1418 1819 
1922 1392 
969 1065 
1084 1333 
1683 202 
253 1304 
1932 986 
1009 1989 
270 1714 
403 975 
1405 1432 
11 72 
89 251 
910 133 
1587 1643 
1860 119 
1246 1376 
190 1067 
1806 301 
743 1797 
842 372 
694 740 
1827 348 
1107 27 
73 183 
436 1095 
61 889 
297 553 
1456 1757 
291 1331 
1854 193 
253 951 
963 1214 
567 1421 
1802 1898 
607 1136 
1682 1885 
161 879 
1029 1121 
362 695 
1016 743 
1315 1699 
1655 56 
1422 1626 
186 407 
1389 1435 
1515 1543 
504 1091 
1642 1664 
358 1963 
216 274 
1861 1224 
1434 1554 
86 565 
753 951 
1094 1334 
1886 113 
464 573 
1890 363 
580 1235 
1361 1432 
289 1021 
1029 1520 
1648 1685 
1867 137 
399 840 
1044 1226 
1380 221 
461 375 
379 592 
302 456 
595 736 
1098 1952 
101 219 
488 797 
1053 409 
457 1190 
675 893 
1057 297 
1786 1551 
120 1140 
1151 1470 
1495 83 
754 970 
1458 1786 
460 763 
1345 4 
583 1371 
1848 576 
1203 376 
515 610 
615 380 
1209 1812 
942 1334 
1654 1837 
401 1359 
1407 1902 
130 691 
806 589 
1554 124 
192 586 
922 1286 
1391 618 
724 857 
1154 1304 
1741 86 
651 1366 
1482 1866 
187 1207 
1644 732 
1150 1164 
1584 8 
1006 1283 
438 1063 
1514 1642 
1840 208 
1132 1325 
1845 558 
1976 72 
220 835 
868 1379 
1474 397 
424 379 
1436 1876 
519 763 
1758 1830 
1178 1276 
1940 860 
569 1264 
862 1836 
960 1455 
1889 1912 
40 622 
1131 1572 
1704 980 
1525 1568 
1688 1985 
445 835 
1416 345 
1158 1300 
1391 885 
1317 213 
1293 1447 
1893 114 
1847 17 
329 1304 
1604 759 
919 1485 
25 443 
1434 1572 
1798 76 
565 742 
1041 336 
490 558 
581 1248 
1276 1419 
1730 1753 
98 1448 
454 1302 
881 987 
1275 1541 
1800 437 
1470 1644 
1970 411 
1099 728 
1335 601 
841 1270 
1379 1489 
1841 563 
960 1246 
1264 96 
1521 414 
418 288 
1114 1463 
1005 1493 
1503 1544 
1077 1080 
1327 1488 
210 506 
594 1237 
1833 317 
582 1578 
680 1231 
1487 391 
294 931 
1972 389 
43 287 
825 880 
1341 1348 
1542 1578 
1690 1846 
444 1425 
1485 82 
1257 1620 
202 1008 
1662 1921 
1030 1749 
565 820 
1041 1345 
59 567 
1303 1095 
1306 447 
994 1051 
1396 1496 
1585 1753 
282 480 
1255 1384 
1746 1910 
266 464 
1268 1502 
1834 411 
611 867 
1297 772 
931 1172 
1233 1260 
549 1927 
97 358 
495 977 
1298 773 
66 274 
1320 1639 
411 678 
793 428 
44 598 
1369 1668 
783 1365 
1592 421 
1195 1459 
1536 1693 
323 695 
1065 361 
742 775 
837 1111 
1256 1758 
800 1960 
36 1876 
779 1081 
1161 1310 
1603 304 
312 1358 
1717 1994 
484 609 
1029 1052 
49 589 
688 1497 
1646 1655 
1864 168 
289 847 
1240 1594 
1926 1081 
670 1281 
73 272 
1587 1624 
1676 310 
685 943 
1189 1717 
1824 1986 
1113 1171 
40 804 
1205 1227 
902 1100 
1274 1731 
1987 669 
1872 196 
1448 1677 
152 1448 
1741 223 
366 435 
1084 1860 
731 1290 
1684 289 
83 1378 
231 530 
980 325 
356 777 
933 1067 
1222 1296 
1803 541 
1434 741 
935 1515 
194 209 
790 879 
1290 1352 
815 1053 
1357 78 
472 729 
1629 1652 
715 977 
1147 1348 
1480 1633 
727 1138 
1993 1010 
1635 1742 
383 1421 
623 728 
971 1096 
1349 450 
1321 98 
177 305 
1023 1228 
1663 549 
1607 651 
1044 1207 
1406 1417 
1977 847 
1520 1921 
1960 583 
658 1680 
1314 1618 
1792 1234 
1492 400 
812 1880 
549 735 
798 1972 
758 904 
1313 1430 
1408 361 
445 578 
1223 1660 
1904 400 
626 1436 
1550 116 
549 687 
94 275 
325 988 
1031 1035 
1178 1898 
615 682 
1751 566 
1343 484 
1242 1275 
1434 1638 
338 571 
1209 1949 
1978 1052 
1152 1476 
1724 1909 
250 380 
598 1983 
24 956 
1123 1301 
1686 1740 
1820 1067 
1671 555 
1133 329 
330 1798 
217 361 
606 960 
1478 1903 
1945 1198 
1514 260 
630 757 
1416 265 
516 634 
1231 1255 
130 878 
1170 1601 
222 905 
1081 520 
634 1635 
54 656 
661 850 
1299 753 
1097 1786 
1898 219 
445 642 
1050 1635 
7 55 
1767 62 
352 6 
26 1899 
187 1935 
1965 1797 
34 1175 
1898 25 
204 589 
1361 1929 
455 865 
1228 1619 
1714 125 
1370 1521 
905 1886 
75 235 
414 58 
421 776 
1908 122 
1646 1719 
170 183 
283 706 
954 1123 
176 481 
921 1254 
1390 772 
1361 1509 
1572 1909 
44 217 
1011 1075 
1169 1978 
1137 1264 
461 1938 
18 75 
780 925 
1191 1355 
1506 1572 
214 915 
1131 1197 
1115 1547 
898 1557 
1849 1 
66 920 
1292 1525 
1718 33 
440 574 
712 887 
1509 39 
608 826 
874 1067 
648 962 
1439 1369 
1493 1552 
1777 3 
1750 272 
748 1175 
1207 1697 
1665 1741 
369 1204 
1262 1346 
1379 1675 
788 1199 
1987 143 
854 1244 
1372 1888 
46 617 
1710 908 
1479 271 
565 723 
1429 1066 
175 354 
1046 1467 
1822 301 
922 514 
414 523 
555 875 
991 1139 
725 894 
1106 1825 
1922 663 
1257 859 
903 935 
1267 1338 
1339 108 
1944 1954 
750 835 
985 591 
1624 242 
706 1923 
74 331 
375 768 
1473 1910 
342 1931 
437 605 
1251 1807 
263 919 
1025 1188 
268 563 
574 1744 
297 363 
598 1221 
1782 1789 
155 552 
944 1315 
69 260 
601 1971 
178 666 
944 1654 
1739 68 
1064 1117 
1279 1731 
244 1508 
1866 20 
29 340 
905 1804 
313 456 
635 1441 
1625 1922 
457 659 
1167 1796 
1219 1272 
537 1109 
1580 1749 
876 1453 
30 581 
640 665 
733 1004 
1242 1075 
1786 267 
1381 1479 
1590 1494 
70 463 
1388 521 
557 1438 
1476 1067 
1352 1969 
646 730 
980 1234 
920 1572 
1855 178 
445 1261 
1292 1521 
1802 166 
1286 1818 
741 987 
1281 1955 
449 900 
1275 1902 
193 561 
569 900 
1628 683 
1825 335 
450 488 
1366 140 
158 705 
1280 1430 
1535 3 
644 943 
1477 1219 
1545 1889 
1299 1531 
1638 258 
1324 170 
212 163 
227 554 
1693 1762 
1803 353 
859 203 
307 990 
65 725 
876 1302 
276 412 
1280 724 
1562 1688 
52 756 
779 68 
1421 275 
1763 969 
1464 226 
247 423 
1417 1426 
1702 1756 
545 1097 
120 1014 
1129 1134 
1604 129 
1556 26 
571 674 
1238 1389 
1956 1074 
1199 1347 
1612 38 
760 1836 
312 487 
865 1712 
1872 32 
1893 297 
397 558 
1862 174 
797 1208 
1362 1551 
1675 1970 
887 1277 
1408 1485 
1591 61 
719 791 
807 630 
1067 1817 
1088 1939 
838 854 
1253 1425 
1798 725 
955 43 
50 336 
554 873 
1121 1568 
1970 638 
839 39 
297 585 
1826 389 
649 826 
876 1848 
1004 1496 
1598 249 
710 478 
589 1809 
1818 1888 
1964 916 
1939 524 
1493 24 
428 624 
1073 1315 
156 468 
937 1572 
86 1164 
1704 671 
813 1833 
268 329 
1734 521 
1270 1938 
541 556 
1290 14 
146 1199 
1763 1903 
508 776 
1280 1762 
21 50 
1495 1649 
638 1105 
1707 952 
1423 1798 
1925 1676 
1740 7 
861 985 
1372 1639 
1869 1939 
569 1129 
1217 1520 
1430 1702 
74 97 
316 601 
1872 1922 
84 1204 
1230 940 
187 260 
479 1512 
1847 185 
1424 1612 
1672 1758 
1803 1069 
1916 38 
1838 374 
10 29 
107 1504 
100 473 
641 82 
798 973 
1010 1817 
48 396 
627 305 
195 229 
726 863 
1253 1527 
969 1784 
171 787 
938 1154 
521 1141 
458 742 
898 1252 
1262 1417 
1421 1483 
1537 1713 
1858 34 
54 207 
1930 117 
582 582 
782 900 
1656 1872 
1650 1012 
1284 1291 
369 439 
1000 1162 
689 1471 
1679 555 
1762 114 
908 1236 
1761 43 
70 91 
499 1299 
320 1090 
1177 1328 
1750 1854 
238 433 
811 1476 
1874 610 
934 941 
1118 1521 
1664 1771 
1879 33 
1085 1314 
1684 1938 
688 312 
1325 589 
737 1969 
674 1760 
418 1964 
70 1531 
529 1038 
1152 1167 
1782 714 
852 74 
252 1393 
332 402 
714 881 
1320 193 
1260 1511 
1618 44 
468 787 
1946 1999 
129 1156 
1360 136 
268 576 
1142 10 
853 27 
604 993 
1626 1515 
1558 1827 
196 524 
1893 10 
555 691 
928 1075 
364 371 
2 504 
537 566 
1725 612 
1365 1604 
1407 697 
873 1293 
909 684 
1082 1857 
614 55 
88 1132 
1329 1451 
1468 119 
553 1016 
1197 1611 
769 32 
200 282 
757 805 
886 938 
1000 1490 
1824 505 
1350 244 
984 1931 
168 357 
1066 1352 
1659 812 
1042 1354 
1395 1399 
383 615 
10 818 
273 504 
981 1379 
1496 572 
591 1310 
1550 1839 
1200 1238 
419 728 
1177 1645 
418 1046 
1235 1272 
815 1110 
1643 1324 
1412 1842 
1936 241 
480 1208 
277 367 
1545 175 
330 517 
992 1576 
201 545 
36 701 
903 1350 
587 1227 
1461 1710 
1894 1196 
1324 198 
1575 1834 
1983 101 
262 462 
1881 702 
844 275 
566 567 
1043 1634 
752 1371 
259 134 
406 1294 
20 264 
369 822 
1359 143 
970 1200 
1591 1681 
1433 1962 
1115 1313 
1739 103 
662 873 
1937 1954 
1751 138 
1385 1949 
1957 1558 
203 968 
687 1434 
1520 1946 
99 481 
869 1330 
1548 90 
718 1053 
1338 46 
125 705 
1916 92 
1091 1581 
1743 1914 
1142 1364 
20 1664 
1968 623 
725 1192 
1976 305 
1033 1171 
1688 1341 
1592 254 
1208 1725 
189 415 
1384 1930 
1990 200 
446 965 
1253 1504 
1683 157 
1291 649 
149 1705 
272 647 
751 928 
1315 1499 
6 434 
1089 1944 
626 1432 
462 743 
827 922 
1195 1831 
1838 765 
878 1710 
1808 1849 
1946 1014 
910 1509 
1552 1121 
274 913 
1095 1252 
1538 302 
308 502 
620 1692 
1853 139 
958 1734 
1037 1546 
140 236 
725 925 
322 681 
1437 1654 
1700 1069 
1517 489 
1572 1740 
1829 2 
1090 1174 
1407 1796 
942 1799 
121 746 
946 1322 
1331 309 
1150 1425 
1933 1412 
136 306 
583 919 
113 524 
824 1381 
326 1617 
1685 637 
1795 299 
308 1140 
1265 988 
1335 1463 
1909 894 
1081 218 
302 906 
1540 1706 
1780 159 
374 1058 
1059 146 
755 1067 
1076 1140 
1833 1846 
1110 1461 
1668 82 
111 549 
703 1384 
1548 1713 
1233 1339 
1433 556 
949 1354 
1810 439 
617 1679 
1969 261 
1457 1996 
22 1301 
339 809 
951 212 
564 704 
1118 1160 
1295 1471 
1829 473 
1431 1587 
1377 1670 
1854 505 
700 47 
1266 1299 
1950 190 
200 547 
1156 1509 
238 277 
621 887 
1188 78 
108 383 
1245 1317 
1558 1935 
501 1596 
1827 1162 
1584 479 
1499 1544 
1582 694 
751 1115 
1507 1543 
339 944 
92 605 
36 993 
801 1162 
1167 1400 
1898 50 
909 1941 
639 1016 
1882 1969 
941 1591 
297 532 
825 1946 
372 732 
102 169 
347 791 
116 145 
545 547 
860 1430 
1962 39 
164 1063 
636 1735 
1802 135 
529 50 
301 651 
1458 1599 
826 432 
1569 1938 
457 1792 
280 605 
757 1137 
1216 1221 
1398 1475 
453 802 
1458 827 
848 989 
925 94 
913 1365 
1785 272 
281 140 
210 259 
339 1726 
1907 558 
640 1469 
1714 714 
793 1180 
1404 1917 
1924 207 
335 1262 
1387 1525 
1547 331 
475 1715 
1810 1931 
52 762 
1271 1940 
145 657 
100 743 
1191 1485 
1780 640 
686 1345 
1499 1558 
1990 669 
1466 644 
30 512 
1179 1866 
20 687 
856 1455 
319 1700 
439 679 
1533 335 
594 605 
1742 1799 
234 591 
1226 1931 
263 273 
336 674 
1911 334 
576 1922 
1102 1137 
1523 1565 
344 550 
801 1487 
1533 165 
404 578 
1024 1169 
60 1384 
1965 90 
271 315 
459 1441 
1916 80 
449 453 
1331 1628 
1922 564 
1446 1491 
1914 151 
1162 1529 
420 700 
858 1183 
1612 1760 
1001 735 
904 1713 
1749 1943 
718 1245 
507 1699 
1882 881 
508 1283 
1539 1738 
1982 947 
1302 1656 
61 245 
819 933 
162 1249 
1516 1227 
258 1560 
1699 1165 
1639 1238 
244 307 
830 1275 
739 1646 
1968 816 
796 1240 
105 145 
564 1291 
1738 1259 
1556 11 
1223 1530 
1909 682 
1424 1700 
1993 192 
430 871 
994 144 
671 678 
1032 785 
60 1705 
1965 1189 
1587 1751 
887 1484 
145 690 
923 490 
1622 401 
493 806 
1152 1572 
831 1009 
1108 1177 
1340 1979 
165 976 
1202 1519 
610 665 
1142 780 
996 1324 
235 1234 
1465 1806 
1993 1208 
126 953 
789 846 
919 1164 
1550 2 
139 436 
1102 898 
501 647 
917 1046 
1336 1517 
1553 1575 
535 341 
359 847 
1590 38 
806 1117 
1244 1319 
145 688 
1106 542 
633 703 
582 1591 
611 1367 
1657 1770 
1831 208 
607 1888 
903 1929 
604 847 
1192 188 
540 592 
832 1205 
1409 29 
264 356 
516 666 
11 589 
1436 1533 
1883 380 
1251 1495 
629 635 
659 1206 
159 462 
1258 1518 
1614 1654 
124 805 
1191 1376 
1398 1405 
1767 665 
1402 596 
1228 1489 
1093 1388 
1543 167 
1070 1371 
503 594 
142 984 
1080 1966 
1795 15 
125 304 
1094 1411 
342 416 
491 1381 
1417 1732 
1848 89 
220 547 
924 1301 
1453 356 
376 1813 
358 1251 
1965 20 
187 386 
457 1679 
1825 23 
611 834 
1559 1678 
1822 1797 
124 558 
1069 962 
986 1143 
667 711 
1294 1362 
1957 1961 
165 894 
1169 1446 
1468 1553 
1814 1824 
560 694 
1452 130 
891 1797 
537 1086 
1547 358 
529 1048 
1325 1305 
35 107 
114 483 
695 54 
453 704 
981 1128 
1406 1884 
1573 1687 
80 148 
853 1454 
1630 1799 
1812 1172 
108 837 
1008 1718 
939 163 
597 792 
1403 1759 
209 440 
1646 499 
1669 279 
594 1115 
1420 1541 
1592 1784 
454 664 
1524 1534 
1550 887 
1246 1800 
971 1769 
251 621 
1829 71 
185 524 
1122 1449 
1694 1388 
1971 748 
1605 1675 
1700 1772 
1991 1150 
139 236 
747 865 
1024 1380 
1671 1754 
141 546 
1125 304 
501 1007 
1212 156 
1449 1669 
334 529 
1093 1488 
1514 166 
369 816 
1671 1921 
630 887 
1098 328 
160 1318 
1362 522 
1921 958 
1666 1777 
272 1006 
1201 685 
1533 1597 
235 388 
591 1159 
1403 1820 
1853 1912 
6 411 
559 1906 
13 1036 
1681 1842 
1480 1595 
1743 1770 
1272 1520 
1527 304 
1044 1460 
1945 282 
946 1288 
1368 142 
718 113 
219 1116 
894 952 
439 876 
1241 1682 
333 345 
669 1361 
696 1066 
1160 1380 
1418 279 
565 643 
970 1860 
181 709 
489 503 
1141 239 
1833 95 
1064 1382 
1656 1111 
352 799 
873 976 
1253 424 
1332 535 
694 711 
1335 1435 
219 326 
1010 1173 
239 610 
623 1687 
1803 462 
1946 383 
435 1353 
1849 1866 
852 1322 
88 192 
755 890 
1116 1745 
49 52 
306 71 
226 499 
1606 750 
