1 1 
2 2 
2 2 
3 3 
3 3 
4 4 
4 4 
5 5 
6 6 
6 7 
7 7 
7 8 
8 8 
8 8 
9 9 
9 9 
9 11 
12 13 
13 13 
14 15 
15 16 
16 17 
17 17 
17 17 
18 19 
19 20 
20 20 
20 21 
21 21 
21 22 
22 22 
22 23 
23 23 
23 24 
25 25 
25 25 
26 26 
27 27 
28 28 
28 28 
28 28 
29 29 
29 30 
30 30 
31 31 
32 32 
32 32 
33 33 
33 33 
34 35 
35 35 
35 36 
36 37 
38 39 
39 39 
40 40 
40 41 
41 41 
41 42 
42 42 
43 43 
43 45 
45 46 
46 47 
47 47 
49 49 
50 50 
51 52 
52 52 
52 53 
53 55 
55 55 
56 56 
56 56 
56 57 
57 57 
57 58 
58 58 
58 58 
59 59 
59 60 
60 60 
61 61 
61 61 
61 62 
62 62 
62 63 
63 63 
64 64 
65 65 
65 65 
66 67 
68 68 
69 70 
70 71 
71 71 
72 72 
73 73 
73 74 
74 74 
75 75 
75 76 
76 76 
76 77 
77 78 
79 80 
80 81 
82 82 
82 82 
82 83 
83 83 
83 84 
84 84 
84 85 
86 86 
86 86 
86 86 
86 87 
87 88 
88 88 
89 90 
90 91 
91 91 
92 92 
92 93 
93 93 
93 93 
93 93 
94 94 
94 95 
96 96 
96 97 
97 97 
97 97 
97 97 
97 97 
98 98 
98 99 
99 99 
99 99 
99 99 
100 101 
101 102 
102 102 
103 103 
103 103 
104 104 
104 105 
105 106 
106 107 
107 107 
107 107 
108 108 
108 108 
108 108 
109 110 
110 110 
110 110 
112 112 
113 113 
113 114 
114 114 
114 114 
116 116 
116 117 
117 117 
118 119 
119 119 
119 120 
120 120 
120 121 
121 121 
121 121 
122 122 
122 122 
123 123 
125 125 
125 125 
126 126 
126 127 
128 128 
128 128 
129 129 
129 129 
129 129 
130 130 
130 130 
130 131 
131 131 
132 132 
133 133 
133 133 
133 133 
133 134 
134 134 
135 135 
135 135 
135 135 
135 136 
136 137 
137 138 
138 138 
138 139 
140 141 
141 142 
142 142 
142 144 
144 144 
145 145 
146 146 
146 147 
147 149 
149 149 
149 149 
149 149 
150 150 
151 151 
152 153 
153 153 
154 154 
154 154 
154 154 
154 155 
155 156 
156 156 
156 156 
156 156 
156 156 
157 157 
157 158 
158 158 
158 159 
159 159 
159 159 
160 160 
160 160 
161 161 
162 162 
162 162 
164 164 
164 164 
164 165 
166 167 
167 167 
167 168 
168 168 
169 169 
169 169 
169 169 
169 169 
170 170 
172 172 
173 173 
173 173 
174 174 
175 175 
175 176 
176 177 
177 177 
178 178 
179 179 
179 179 
179 180 
180 181 
181 181 
181 182 
182 183 
183 183 
183 184 
184 184 
184 185 
186 186 
187 187 
187 187 
187 188 
188 188 
189 190 
190 190 
190 191 
191 191 
191 191 
191 192 
192 192 
193 193 
193 194 
194 194 
195 195 
196 196 
196 197 
197 197 
197 198 
198 199 
199 199 
199 200 
200 200 
200 201 
203 203 
203 203 
205 205 
206 206 
206 207 
207 207 
207 208 
208 209 
209 209 
210 210 
211 211 
212 212 
212 212 
213 213 
213 215 
215 215 
215 215 
216 216 
217 217 
217 218 
218 219 
219 220 
220 220 
220 220 
220 220 
221 221 
221 222 
223 223 
223 223 
223 223 
223 224 
224 224 
224 225 
226 226 
226 227 
227 228 
228 228 
229 229 
230 230 
230 230 
230 230 
231 232 
232 233 
233 234 
234 234 
234 235 
235 235 
236 236 
236 236 
236 237 
237 237 
237 238 
238 239 
239 239 
239 239 
240 241 
241 241 
242 242 
242 242 
243 243 
243 243 
243 244 
244 245 
245 245 
245 245 
245 246 
246 247 
248 248 
248 249 
250 250 
251 251 
251 252 
253 254 
255 255 
255 255 
255 257 
257 257 
257 257 
257 258 
258 258 
259 260 
260 260 
260 260 
260 262 
262 262 
263 263 
264 264 
264 264 
265 265 
265 265 
265 266 
266 266 
266 267 
267 267 
267 267 
268 269 
269 270 
271 271 
271 271 
272 272 
272 272 
273 274 
274 275 
275 276 
276 276 
277 279 
279 279 
280 280 
281 281 
281 281 
282 282 
283 283 
283 284 
284 285 
285 285 
285 285 
286 286 
287 287 
287 287 
288 288 
288 289 
289 289 
290 290 
291 291 
292 292 
292 292 
292 293 
293 293 
294 294 
295 296 
296 296 
296 296 
296 296 
297 297 
297 298 
298 298 
298 299 
299 299 
299 299 
299 299 
300 300 
301 301 
301 301 
302 302 
302 302 
302 302 
303 303 
303 303 
304 304 
304 306 
306 306 
306 306 
306 307 
307 308 
308 309 
309 309 
309 309 
309 309 
310 310 
310 310 
310 310 
310 310 
311 311 
311 311 
312 312 
312 312 
313 313 
313 313 
314 314 
314 314 
315 315 
315 316 
316 317 
317 317 
318 318 
318 318 
319 319 
320 320 
321 322 
322 323 
323 323 
324 324 
324 324 
324 324 
325 325 
325 325 
326 326 
326 326 
326 327 
327 327 
327 328 
328 328 
329 329 
329 329 
329 329 
330 330 
330 330 
330 330 
331 331 
331 332 
332 333 
333 333 
333 334 
334 335 
336 336 
336 336 
337 337 
339 339 
339 340 
340 340 
341 341 
341 341 
342 342 
342 342 
343 343 
343 343 
344 344 
344 345 
345 345 
345 345 
346 346 
347 347 
347 348 
348 348 
349 349 
349 349 
350 351 
351 351 
351 351 
352 352 
353 353 
353 354 
355 355 
356 356 
356 356 
357 357 
357 358 
358 358 
359 359 
359 359 
360 360 
360 360 
360 360 
361 361 
362 362 
362 362 
363 363 
363 364 
365 365 
365 366 
366 366 
366 367 
367 367 
368 368 
368 369 
369 369 
370 370 
370 371 
371 371 
371 371 
372 372 
372 372 
373 373 
373 374 
374 374 
375 375 
376 377 
377 377 
377 378 
378 379 
379 379 
380 380 
380 380 
381 381 
381 382 
382 382 
382 382 
383 384 
385 387 
387 388 
389 389 
390 391 
391 391 
392 392 
393 393 
393 394 
395 395 
395 395 
395 395 
395 395 
395 396 
396 397 
397 398 
398 399 
399 399 
399 399 
400 400 
400 401 
401 401 
402 402 
402 402 
403 403 
404 404 
404 404 
404 404 
405 405 
405 405 
405 406 
406 406 
406 406 
407 407 
407 408 
408 408 
408 408 
408 409 
409 410 
410 410 
410 411 
411 411 
412 412 
412 413 
413 414 
416 416 
416 417 
417 417 
417 418 
418 418 
419 419 
419 419 
420 420 
420 421 
421 421 
422 422 
422 422 
423 423 
424 424 
424 424 
425 425 
425 425 
425 425 
425 426 
426 426 
426 427 
427 427 
427 427 
427 428 
428 428 
428 428 
429 429 
429 431 
431 431 
431 431 
432 432 
432 432 
432 432 
432 433 
433 433 
433 433 
433 434 
434 436 
436 436 
437 437 
437 437 
438 439 
439 439 
440 440 
440 440 
441 441 
441 441 
441 441 
441 442 
442 442 
442 443 
443 443 
444 445 
445 445 
445 445 
445 446 
446 446 
446 447 
447 447 
447 447 
448 448 
449 449 
449 449 
449 449 
451 451 
452 452 
452 452 
452 453 
453 453 
453 453 
453 453 
454 454 
454 455 
455 456 
456 456 
456 456 
457 458 
458 458 
458 458 
458 459 
459 460 
460 460 
462 462 
462 463 
463 463 
463 463 
463 463 
463 464 
465 465 
465 466 
466 466 
467 467 
467 467 
468 468 
469 469 
469 469 
469 470 
470 470 
471 471 
472 472 
472 473 
474 474 
475 475 
475 475 
477 477 
478 478 
478 478 
479 480 
480 481 
482 482 
482 482 
482 483 
483 483 
483 484 
484 485 
485 485 
486 486 
486 488 
488 488 
488 488 
489 489 
490 490 
491 491 
491 491 
491 491 
491 491 
492 492 
492 493 
494 494 
494 494 
494 494 
495 495 
496 496 
496 496 
496 497 
497 497 
498 498 
498 498 
499 499 
499 499 
499 500 
501 501 
501 501 
502 502 
503 503 
503 503 
504 504 
504 504 
505 505 
505 506 
506 506 
506 507 
507 507 
508 508 
508 508 
510 510 
510 511 
511 511 
512 512 
512 512 
512 513 
513 513 
513 513 
514 514 
514 514 
515 515 
515 515 
516 516 
517 517 
517 518 
518 518 
518 518 
519 519 
519 519 
520 520 
520 521 
521 521 
522 522 
522 522 
522 522 
523 524 
525 525 
525 526 
526 526 
526 526 
526 527 
527 528 
528 528 
528 529 
529 529 
530 530 
531 531 
531 531 
531 532 
532 532 
533 533 
533 533 
534 534 
534 535 
535 535 
535 535 
535 535 
536 536 
536 536 
537 537 
538 538 
539 539 
539 540 
540 540 
541 541 
542 542 
542 542 
543 543 
544 544 
544 544 
544 545 
545 546 
546 546 
547 547 
547 548 
548 548 
548 548 
549 549 
550 550 
550 550 
551 552 
552 553 
553 554 
554 554 
554 554 
554 555 
555 555 
555 555 
556 556 
556 557 
558 558 
559 559 
559 559 
559 559 
560 560 
561 561 
561 561 
561 561 
562 562 
562 562 
563 563 
563 564 
564 564 
564 565 
565 565 
566 566 
566 566 
566 567 
567 567 
569 569 
570 570 
571 571 
571 572 
572 572 
572 572 
572 573 
573 573 
573 574 
574 575 
575 576 
576 576 
576 578 
579 579 
579 579 
579 580 
580 581 
582 582 
582 583 
583 583 
584 584 
584 584 
584 584 
585 585 
587 587 
587 587 
587 588 
588 588 
589 589 
589 589 
589 590 
591 591 
592 592 
592 593 
593 594 
594 594 
595 595 
595 596 
596 597 
597 598 
598 598 
599 600 
601 601 
601 601 
602 602 
603 604 
605 605 
605 605 
606 606 
606 607 
607 607 
608 609 
610 610 
610 610 
611 611 
611 612 
612 612 
613 613 
613 613 
613 614 
614 614 
615 615 
615 615 
615 615 
616 616 
616 617 
618 618 
619 619 
619 620 
620 620 
621 622 
622 622 
622 623 
623 624 
624 624 
624 624 
624 625 
625 625 
626 626 
626 627 
627 628 
628 628 
628 628 
629 629 
629 629 
629 630 
631 632 
632 632 
633 633 
634 634 
634 635 
635 635 
636 636 
636 636 
636 636 
637 637 
638 638 
639 639 
639 640 
640 640 
641 641 
641 643 
643 643 
643 643 
644 644 
645 645 
645 645 
646 647 
647 647 
648 648 
648 648 
648 649 
649 649 
649 650 
650 651 
651 652 
652 652 
653 653 
653 653 
653 654 
654 654 
654 655 
655 656 
656 656 
656 656 
656 657 
657 658 
658 658 
658 659 
659 659 
660 660 
660 660 
660 661 
661 662 
662 663 
664 664 
664 664 
664 664 
665 665 
665 665 
666 666 
667 667 
667 667 
667 667 
667 668 
668 668 
669 669 
670 670 
672 672 
672 672 
673 673 
674 675 
675 676 
676 676 
677 677 
678 678 
679 679 
679 679 
679 679 
680 680 
680 680 
680 681 
681 681 
681 681 
681 682 
682 683 
683 683 
684 685 
685 686 
687 688 
688 689 
689 690 
690 690 
692 692 
692 692 
693 693 
693 693 
694 695 
695 695 
696 696 
696 696 
696 697 
698 699 
699 699 
699 699 
700 700 
701 701 
701 701 
702 704 
704 704 
704 705 
706 706 
706 706 
706 707 
707 709 
709 709 
709 710 
710 711 
711 711 
711 712 
713 713 
714 714 
714 715 
715 716 
716 717 
717 717 
717 717 
717 718 
718 719 
719 719 
719 720 
721 721 
721 721 
722 722 
722 722 
723 723 
723 724 
724 724 
724 724 
725 725 
725 725 
726 727 
727 727 
727 727 
728 728 
728 728 
728 728 
729 729 
729 730 
730 730 
731 731 
731 732 
732 732 
732 732 
733 733 
733 733 
734 734 
734 734 
735 735 
735 735 
735 736 
736 736 
736 736 
736 736 
736 736 
737 737 
737 737 
737 738 
738 738 
739 739 
739 739 
739 740 
741 741 
742 742 
742 742 
742 742 
742 743 
743 743 
743 744 
745 745 
745 745 
746 746 
746 747 
747 747 
747 747 
749 749 
750 751 
751 751 
751 751 
751 752 
752 752 
752 752 
753 753 
753 753 
753 753 
754 754 
754 754 
754 756 
756 757 
757 757 
758 758 
758 758 
759 759 
759 760 
760 761 
761 761 
762 762 
762 763 
763 763 
763 763 
764 764 
764 764 
766 766 
766 767 
768 768 
769 769 
771 771 
771 771 
771 771 
772 772 
772 773 
774 774 
775 776 
776 776 
776 777 
777 777 
778 778 
778 779 
779 780 
780 780 
780 781 
781 781 
781 781 
782 782 
782 782 
782 782 
783 783 
783 784 
785 785 
785 785 
786 787 
787 787 
787 788 
789 789 
789 789 
790 791 
791 791 
791 791 
793 793 
793 793 
794 794 
795 795 
795 796 
796 796 
797 797 
798 798 
799 799 
800 800 
800 800 
801 802 
802 802 
802 803 
804 804 
805 806 
807 807 
808 808 
808 809 
809 809 
809 811 
811 811 
811 811 
811 812 
812 812 
812 813 
813 814 
814 815 
816 816 
817 817 
817 817 
818 818 
818 818 
818 818 
818 819 
819 819 
819 819 
820 820 
820 820 
821 821 
821 821 
822 822 
822 822 
822 823 
823 823 
824 824 
824 824 
824 825 
825 826 
826 826 
827 828 
828 828 
828 828 
829 829 
830 830 
830 830 
832 832 
832 833 
833 833 
833 833 
833 834 
834 834 
834 836 
836 836 
836 837 
838 838 
838 838 
838 838 
839 839 
839 839 
839 840 
840 841 
841 841 
841 841 
842 842 
842 842 
843 844 
844 844 
844 844 
845 845 
845 846 
846 847 
847 847 
848 849 
849 849 
849 850 
850 851 
851 852 
852 853 
854 855 
856 857 
857 857 
857 857 
858 858 
858 859 
859 860 
860 861 
861 861 
861 861 
862 862 
862 863 
863 864 
865 865 
865 865 
866 866 
867 867 
867 868 
868 868 
869 869 
869 869 
873 873 
873 873 
873 873 
874 874 
874 874 
875 875 
875 875 
875 876 
876 876 
877 877 
877 877 
877 877 
877 878 
878 878 
878 879 
879 879 
880 880 
880 880 
880 880 
880 881 
882 882 
882 883 
883 883 
883 884 
884 884 
886 886 
886 886 
887 887 
888 888 
889 890 
890 890 
890 891 
891 892 
893 893 
893 894 
894 894 
895 895 
895 895 
895 896 
897 897 
898 898 
898 898 
898 899 
899 899 
900 900 
900 900 
900 901 
901 902 
902 902 
902 902 
903 903 
903 904 
904 905 
905 906 
906 906 
907 907 
907 907 
908 908 
908 909 
909 909 
909 910 
910 910 
910 911 
912 912 
912 912 
912 912 
913 913 
913 913 
913 913 
913 914 
914 915 
915 915 
916 917 
917 917 
918 919 
919 919 
919 919 
919 919 
920 920 
920 921 
921 921 
922 922 
922 923 
924 924 
925 925 
925 926 
926 926 
926 927 
927 928 
928 928 
929 930 
930 930 
930 930 
930 931 
931 931 
931 932 
932 932 
932 934 
934 934 
934 934 
934 934 
935 935 
936 936 
936 936 
936 937 
937 938 
938 938 
939 939 
939 939 
939 940 
940 941 
941 941 
941 942 
942 942 
943 943 
943 944 
944 945 
945 945 
945 945 
946 946 
946 946 
946 946 
947 948 
948 948 
948 948 
949 949 
949 949 
949 950 
950 951 
952 952 
952 953 
953 953 
954 954 
955 956 
956 957 
957 957 
958 958 
960 961 
961 962 
962 962 
962 962 
962 962 
962 963 
963 963 
964 964 
964 964 
965 965 
966 966 
966 967 
968 968 
968 968 
968 968 
969 970 
970 970 
971 971 
971 972 
972 973 
973 973 
973 974 
974 974 
974 976 
976 977 
977 977 
978 978 
978 979 
979 980 
980 980 
980 982 
982 983 
983 984 
984 984 
984 985 
985 985 
985 985 
986 986 
986 986 
987 988 
988 989 
989 990 
990 991 
991 991 
992 992 
993 993 
993 993 
993 994 
994 994 
994 994 
994 995 
996 996 
997 997 
997 997 
997 998 
998 998 
998 998 
998 999 
1000 1000 
1000 1001 
1001 1001 
1001 1002 
1002 1003 
1003 1004 
1004 1004 
1005 1005 
1005 1005 
1006 1006 
1006 1006 
1006 1007 
1007 1007 
1008 1008 
1008 1008 
1009 1009 
1009 1009 
1010 1010 
1010 1010 
1011 1011 
1011 1011 
1012 1012 
1014 1014 
1015 1015 
1015 1015 
1016 1016 
1017 1018 
1018 1018 
1019 1019 
1019 1019 
1019 1020 
1020 1020 
1021 1021 
1021 1022 
1023 1023 
1023 1024 
1024 1024 
1025 1025 
1025 1026 
1026 1027 
1027 1027 
1027 1027 
1027 1027 
1028 1028 
1029 1029 
1029 1029 
1030 1030 
1030 1031 
1031 1031 
1031 1032 
1032 1032 
1033 1033 
1034 1034 
1035 1035 
1035 1035 
1035 1035 
1035 1035 
1036 1037 
1037 1037 
1038 1038 
1038 1038 
1039 1039 
1039 1039 
1039 1040 
1040 1040 
1040 1040 
1040 1041 
1042 1043 
1043 1043 
1043 1043 
1044 1045 
1045 1046 
1046 1047 
1047 1047 
1047 1047 
1047 1047 
1047 1048 
1049 1049 
1049 1050 
1051 1051 
1051 1051 
1052 1053 
1053 1053 
1053 1053 
1054 1054 
1054 1054 
1054 1055 
1055 1055 
1055 1055 
1056 1057 
1057 1057 
1057 1057 
1058 1058 
1058 1059 
1059 1059 
1060 1060 
1061 1061 
1061 1061 
1062 1062 
1062 1062 
1062 1063 
1063 1064 
1064 1064 
1065 1065 
1065 1065 
1066 1066 
1066 1066 
1066 1066 
1067 1067 
1067 1068 
1068 1068 
1069 1070 
1070 1070 
1071 1071 
1071 1072 
1072 1073 
1073 1073 
1074 1075 
1075 1075 
1075 1076 
1076 1076 
1076 1076 
1077 1077 
1077 1078 
1079 1079 
1079 1080 
1080 1080 
1080 1080 
1080 1080 
1081 1081 
1081 1081 
1082 1082 
1083 1084 
1084 1084 
1085 1086 
1086 1087 
1087 1087 
1088 1088 
1088 1088 
1088 1088 
1089 1089 
1090 1090 
1090 1091 
1092 1092 
1092 1093 
1093 1093 
1093 1093 
1094 1094 
1094 1095 
1095 1096 
1096 1096 
1096 1096 
1097 1098 
1098 1098 
1098 1098 
1101 1101 
1101 1102 
1102 1102 
1102 1103 
1103 1103 
1104 1104 
1104 1105 
1105 1105 
1105 1105 
1105 1106 
1106 1106 
1106 1107 
1107 1107 
1107 1109 
1109 1109 
1109 1110 
1110 1111 
1111 1111 
1111 1112 
1112 1112 
1113 1113 
1113 1113 
1113 1114 
1114 1114 
1115 1116 
1117 1117 
1117 1117 
1117 1117 
1117 1117 
1118 1118 
1118 1118 
1119 1119 
1120 1120 
1120 1121 
1122 1122 
1122 1122 
1123 1123 
1124 1126 
1128 1128 
1128 1128 
1128 1128 
1129 1129 
1129 1129 
1129 1129 
1129 1130 
1130 1131 
1131 1131 
1131 1132 
1132 1133 
1133 1133 
1133 1134 
1134 1135 
1135 1135 
1135 1135 
1136 1136 
1136 1137 
1137 1137 
1138 1138 
1138 1138 
1138 1139 
1139 1139 
1139 1140 
1140 1140 
1140 1140 
1140 1140 
1140 1141 
1142 1142 
1142 1143 
1143 1143 
1143 1144 
1144 1144 
1144 1145 
1145 1146 
1146 1146 
1146 1147 
1147 1148 
1148 1148 
1149 1149 
1149 1150 
1151 1151 
1151 1151 
1152 1152 
1155 1155 
1155 1155 
1156 1156 
1157 1157 
1158 1159 
1159 1159 
1160 1160 
1160 1161 
1161 1161 
1162 1162 
1162 1162 
1162 1162 
1162 1163 
1163 1163 
1164 1164 
1164 1164 
1164 1165 
1165 1166 
1167 1167 
1167 1168 
1169 1169 
1170 1171 
1171 1172 
1172 1172 
1172 1173 
1173 1173 
1174 1175 
1175 1175 
1175 1176 
1176 1177 
1177 1178 
1178 1179 
1179 1179 
1179 1179 
1179 1180 
1180 1180 
1181 1182 
1182 1182 
1182 1182 
1183 1183 
1184 1184 
1185 1185 
1185 1185 
1186 1186 
1186 1186 
1187 1188 
1188 1188 
1188 1188 
1188 1188 
1189 1189 
1189 1190 
1190 1190 
1191 1191 
1192 1192 
1192 1193 
1193 1193 
1193 1193 
1193 1193 
1194 1195 
1195 1195 
1195 1195 
1196 1196 
1196 1197 
1197 1197 
1198 1198 
1199 1199 
1199 1200 
1200 1200 
1200 1201 
1201 1201 
1201 1201 
1202 1202 
1202 1203 
1203 1203 
1203 1203 
1203 1204 
1204 1204 
1204 1204 
1205 1205 
1205 1206 
1206 1206 
1206 1207 
1208 1208 
1210 1210 
1210 1210 
1210 1210 
1211 1212 
1212 1212 
1212 1212 
1213 1213 
1213 1213 
1213 1213 
1213 1214 
1215 1215 
1215 1215 
1216 1216 
1216 1217 
1217 1217 
1218 1219 
1219 1219 
1219 1220 
1220 1220 
1220 1221 
1221 1221 
1221 1221 
1222 1222 
1222 1222 
1222 1222 
1223 1223 
1224 1224 
1224 1224 
1225 1225 
1225 1226 
1228 1228 
1228 1229 
1230 1230 
1231 1231 
1231 1232 
1232 1232 
1233 1234 
1234 1234 
1234 1235 
1235 1235 
1235 1236 
1237 1237 
1237 1237 
1237 1237 
1237 1238 
1238 1238 
1239 1239 
1240 1240 
1241 1241 
1241 1242 
1242 1243 
1244 1244 
1244 1245 
1245 1245 
1245 1245 
1245 1246 
1246 1247 
1247 1247 
1248 1248 
1248 1249 
1249 1249 
1249 1249 
1249 1250 
1250 1251 
1251 1251 
1251 1252 
1253 1253 
1253 1253 
1254 1254 
1254 1254 
1255 1255 
1256 1257 
1257 1257 
1257 1258 
1258 1258 
1258 1258 
1258 1259 
1259 1260 
1260 1260 
1260 1260 
1260 1260 
1261 1261 
1261 1261 
1262 1262 
1263 1263 
1263 1265 
1265 1265 
1265 1265 
1265 1266 
1266 1267 
1267 1268 
1269 1270 
1270 1270 
1271 1272 
1272 1272 
1272 1273 
1274 1274 
1274 1274 
1275 1275 
1276 1277 
1277 1277 
1278 1278 
1278 1278 
1279 1279 
1279 1279 
1279 1279 
1280 1280 
1280 1280 
1281 1281 
1281 1282 
1282 1282 
1282 1282 
1283 1283 
1283 1284 
1284 1284 
1284 1284 
1284 1284 
1284 1285 
1285 1285 
1286 1286 
1286 1286 
1286 1286 
1287 1287 
1287 1287 
1287 1288 
1289 1289 
1291 1291 
1291 1291 
1292 1293 
1293 1293 
1293 1293 
1293 1293 
1294 1294 
1295 1295 
1295 1295 
1296 1296 
1296 1297 
1297 1297 
1298 1298 
1298 1298 
1299 1299 
1299 1300 
1301 1302 
1302 1303 
1303 1304 
1304 1305 
1305 1305 
1306 1306 
1306 1306 
1306 1306 
1307 1307 
1307 1308 
1308 1308 
1309 1309 
1310 1310 
1311 1312 
1312 1312 
1314 1314 
1314 1315 
1315 1315 
1315 1315 
1315 1315 
1316 1316 
1316 1317 
1317 1318 
1318 1318 
1318 1318 
1318 1318 
1318 1319 
1319 1321 
1321 1321 
1321 1321 
1321 1321 
1322 1323 
1324 1324 
1324 1325 
1325 1325 
1325 1325 
1326 1326 
1326 1326 
1327 1327 
1328 1329 
1330 1331 
1331 1331 
1331 1331 
1331 1332 
1332 1332 
1333 1333 
1333 1333 
1333 1334 
1334 1335 
1336 1336 
1336 1337 
1337 1337 
1337 1337 
1338 1338 
1339 1339 
1339 1340 
1341 1341 
1341 1342 
1342 1342 
1342 1342 
1343 1343 
1343 1343 
1343 1343 
1344 1344 
1344 1344 
1344 1345 
1345 1345 
1347 1347 
1347 1347 
1347 1348 
1348 1348 
1349 1350 
1352 1352 
1352 1352 
1352 1352 
1352 1353 
1353 1354 
1354 1354 
1354 1355 
1355 1355 
1356 1356 
1356 1356 
1356 1357 
1357 1357 
1357 1357 
1357 1357 
1357 1358 
1358 1358 
1359 1359 
1359 1360 
1360 1360 
1360 1360 
1360 1361 
1361 1361 
1362 1362 
1362 1363 
1363 1363 
1364 1364 
1365 1365 
1365 1365 
1365 1365 
1366 1366 
1366 1366 
1367 1367 
1367 1367 
1367 1368 
1368 1369 
1369 1369 
1369 1370 
1370 1370 
1371 1371 
1371 1371 
1371 1372 
1372 1373 
1373 1373 
1373 1374 
1374 1374 
1375 1375 
1375 1376 
1376 1376 
1377 1377 
1377 1378 
1378 1379 
1379 1379 
1379 1379 
1379 1380 
1381 1381 
1381 1382 
1382 1382 
1383 1383 
1383 1383 
1384 1385 
1385 1385 
1386 1386 
1386 1386 
1387 1387 
1387 1387 
1387 1387 
1388 1388 
1388 1389 
1389 1389 
1389 1390 
1390 1391 
1391 1392 
1393 1393 
1393 1393 
1393 1393 
1394 1394 
1394 1394 
1394 1394 
1395 1395 
1396 1396 
1396 1396 
1396 1396 
1397 1397 
1397 1398 
1398 1398 
1398 1399 
1399 1399 
1399 1400 
1400 1401 
1402 1402 
1402 1402 
1402 1402 
1402 1403 
1404 1404 
1404 1404 
1405 1405 
1405 1405 
1405 1406 
1406 1406 
1406 1407 
1407 1408 
1410 1410 
1410 1410 
1410 1411 
1411 1411 
1411 1412 
1412 1413 
1414 1414 
1414 1414 
1415 1415 
1415 1416 
1416 1416 
1416 1416 
1416 1416 
1416 1417 
1419 1419 
1419 1420 
1420 1420 
1420 1420 
1421 1421 
1421 1421 
1421 1421 
1421 1421 
1422 1422 
1423 1423 
1423 1423 
1423 1424 
1425 1425 
1425 1426 
1426 1426 
1426 1426 
1426 1426 
1426 1427 
1428 1428 
1428 1428 
1429 1429 
1431 1431 
1431 1431 
1431 1432 
1432 1433 
1433 1433 
1433 1433 
1433 1434 
1434 1434 
1434 1434 
1435 1435 
1436 1437 
1437 1437 
1438 1439 
1439 1439 
1440 1440 
1440 1440 
1441 1441 
1441 1441 
1441 1442 
1442 1442 
1442 1442 
1442 1443 
1443 1443 
1443 1443 
1443 1443 
1443 1444 
1444 1444 
1444 1445 
1445 1445 
1445 1446 
1446 1447 
1447 1447 
1447 1448 
1448 1448 
1449 1449 
1449 1449 
1449 1449 
1449 1449 
1450 1450 
1450 1451 
1452 1452 
1452 1452 
1453 1453 
1453 1454 
1454 1455 
1455 1455 
1455 1455 
1455 1456 
1456 1456 
1456 1457 
1457 1458 
1458 1458 
1458 1458 
1459 1459 
1459 1459 
1459 1459 
1460 1461 
1461 1462 
1462 1462 
1462 1463 
1463 1463 
1464 1464 
1464 1465 
1465 1466 
1467 1467 
1467 1467 
1468 1468 
1468 1469 
1469 1469 
1470 1470 
1470 1471 
1472 1472 
1472 1473 
1473 1473 
1473 1473 
1474 1474 
1475 1475 
1475 1476 
1476 1477 
1477 1477 
1478 1478 
1479 1479 
1479 1480 
1480 1480 
1481 1481 
1481 1481 
1481 1481 
1482 1482 
1483 1483 
1483 1483 
1484 1485 
1485 1485 
1485 1486 
1486 1486 
1487 1487 
1488 1488 
1488 1488 
1488 1489 
1489 1489 
1489 1489 
1490 1490 
1491 1492 
1492 1492 
1492 1493 
1493 1493 
1494 1494 
1494 1494 
1494 1494 
1494 1494 
1495 1495 
1496 1496 
1496 1496 
1496 1497 
1497 1498 
1499 1499 
1499 1499 
1500 1500 
1500 1500 
1501 1501 
1501 1502 
1503 1504 
1504 1504 
1504 1504 
1504 1504 
1505 1505 
1505 1505 
1506 1506 
1506 1506 
1506 1506 
1507 1508 
1509 1509 
1509 1510 
1510 1510 
1511 1511 
1512 1512 
1512 1512 
1512 1512 
1513 1514 
1514 1514 
1514 1514 
1516 1516 
1516 1516 
1516 1517 
1517 1517 
1518 1518 
1519 1520 
1520 1520 
1520 1520 
1522 1522 
1522 1522 
1522 1522 
1522 1522 
1523 1523 
1523 1523 
1523 1523 
1524 1524 
1525 1526 
1527 1528 
1528 1528 
1528 1528 
1529 1529 
1529 1530 
1530 1530 
1532 1532 
1533 1533 
1533 1533 
1534 1534 
1534 1535 
1535 1536 
1537 1537 
1537 1537 
1537 1537 
1537 1539 
1539 1539 
1539 1540 
1540 1541 
1543 1543 
1543 1544 
1544 1544 
1545 1545 
1546 1546 
1546 1546 
1546 1547 
1547 1547 
1547 1548 
1549 1550 
1550 1551 
1551 1551 
1552 1552 
1552 1553 
1553 1553 
1553 1553 
1554 1554 
1554 1555 
1555 1555 
1556 1557 
1557 1557 
1558 1558 
1558 1559 
1559 1559 
1560 1560 
1560 1561 
1561 1561 
1561 1562 
1562 1562 
1563 1563 
1563 1563 
1565 1565 
1565 1565 
1565 1565 
1566 1566 
1566 1566 
1566 1567 
1567 1568 
1568 1568 
1568 1568 
1570 1570 
1570 1570 
1571 1572 
1572 1572 
1573 1573 
1573 1573 
1574 1574 
1574 1574 
1574 1575 
1575 1575 
1575 1576 
1576 1577 
1577 1578 
1578 1578 
1578 1579 
1579 1579 
1579 1580 
1580 1580 
1580 1580 
1580 1581 
1581 1581 
1582 1582 
1582 1582 
1582 1583 
1583 1583 
1584 1584 
1585 1586 
1586 1586 
1587 1587 
1587 1587 
1587 1587 
1587 1587 
1587 1587 
1588 1588 
1588 1589 
1589 1590 
1590 1591 
1592 1592 
1593 1593 
1593 1593 
1594 1594 
1594 1594 
1596 1596 
1596 1596 
1597 1597 
1598 1598 
1598 1599 
1599 1600 
1600 1600 
1600 1600 
1600 1600 
1600 1600 
1600 1601 
1601 1601 
1601 1602 
1602 1602 
1602 1603 
1603 1603 
1603 1603 
1604 1604 
1605 1605 
1605 1605 
1605 1605 
1606 1606 
1607 1607 
1608 1608 
1608 1609 
1609 1609 
1609 1609 
1609 1610 
1610 1611 
1611 1611 
1611 1612 
1612 1612 
1613 1613 
1613 1613 
1614 1616 
1616 1616 
1617 1618 
1618 1618 
1618 1619 
1619 1620 
1621 1621 
1622 1622 
1623 1623 
1623 1624 
1624 1624 
1624 1625 
1625 1625 
1626 1626 
1626 1626 
1627 1628 
1628 1629 
1629 1629 
1629 1629 
1629 1629 
1630 1631 
1631 1631 
1631 1631 
1632 1632 
1632 1633 
1634 1634 
1634 1634 
1635 1635 
1635 1635 
1635 1635 
1636 1636 
1637 1637 
1637 1638 
1638 1638 
1638 1639 
1639 1639 
1639 1639 
1639 1640 
1640 1641 
1641 1641 
1642 1642 
1643 1643 
1643 1643 
1643 1643 
1644 1644 
1644 1644 
1645 1645 
1645 1645 
1646 1646 
1646 1647 
1647 1647 
1647 1648 
1648 1649 
1649 1649 
1649 1649 
1649 1649 
1650 1650 
1651 1651 
1651 1652 
1652 1652 
1652 1652 
1652 1653 
1653 1653 
1654 1654 
1654 1654 
1655 1655 
1655 1656 
1656 1656 
1656 1657 
1657 1657 
1657 1657 
1658 1658 
1659 1660 
1660 1660 
1661 1661 
1661 1661 
1662 1662 
1662 1662 
1662 1662 
1662 1662 
1663 1663 
1664 1665 
1665 1665 
1665 1665 
1666 1666 
1666 1666 
1666 1666 
1667 1667 
1668 1668 
1669 1669 
1669 1669 
1669 1670 
1670 1670 
1671 1671 
1671 1672 
1672 1672 
1672 1673 
1673 1674 
1675 1676 
1676 1677 
1677 1677 
1677 1678 
1678 1679 
1679 1679 
1680 1681 
1682 1683 
1684 1685 
1685 1685 
1685 1686 
1686 1686 
1687 1687 
1687 1687 
1687 1688 
1688 1689 
1689 1689 
1689 1689 
1689 1689 
1690 1690 
1690 1691 
1691 1692 
1693 1693 
1694 1694 
1694 1694 
1694 1695 
1695 1695 
1695 1696 
1696 1696 
1697 1697 
1697 1697 
1698 1698 
1698 1698 
1698 1699 
1699 1699 
1699 1700 
1700 1700 
1700 1701 
1701 1701 
1702 1702 
1703 1703 
1703 1703 
1703 1704 
1704 1704 
1704 1704 
1705 1705 
1705 1705 
1705 1706 
1707 1708 
1708 1708 
1708 1708 
1709 1709 
1709 1709 
1710 1711 
1711 1712 
1712 1712 
1713 1713 
1713 1713 
1713 1714 
1714 1714 
1714 1714 
1715 1715 
1715 1716 
1716 1716 
1716 1716 
1717 1717 
1717 1718 
1718 1718 
1718 1718 
1718 1718 
1719 1719 
1720 1720 
1721 1721 
1721 1721 
1721 1722 
1722 1722 
1723 1724 
1724 1724 
1724 1724 
1724 1725 
1725 1725 
1725 1725 
1725 1727 
1727 1727 
1728 1728 
1728 1728 
1728 1729 
1729 1729 
1729 1729 
1730 1730 
1730 1730 
1730 1730 
1731 1731 
1731 1731 
1731 1731 
1732 1732 
1732 1733 
1733 1734 
1734 1734 
1734 1735 
1735 1735 
1736 1737 
1737 1737 
1738 1738 
1738 1738 
1739 1740 
1740 1740 
1741 1741 
1741 1742 
1742 1742 
1743 1743 
1743 1743 
1744 1745 
1745 1746 
1746 1746 
1746 1746 
1747 1747 
1747 1747 
1747 1748 
1748 1748 
1748 1748 
1748 1748 
1749 1749 
1749 1750 
1750 1750 
1751 1751 
1751 1751 
1751 1751 
1752 1752 
1752 1752 
1752 1753 
1753 1753 
1754 1754 
1755 1755 
1756 1756 
1757 1758 
1758 1759 
1759 1759 
1760 1760 
1760 1760 
1761 1761 
1761 1761 
1761 1762 
1762 1763 
1763 1763 
1763 1764 
1764 1764 
1764 1764 
1765 1765 
1767 1767 
1768 1768 
1768 1768 
1768 1769 
1769 1769 
1769 1771 
1771 1771 
1771 1771 
1772 1773 
1773 1773 
1774 1774 
1774 1775 
1775 1775 
1775 1775 
1775 1775 
1777 1777 
1777 1778 
1778 1778 
1778 1778 
1778 1779 
1779 1779 
1779 1779 
1780 1780 
1780 1781 
1782 1782 
1782 1782 
1783 1783 
1783 1783 
1784 1784 
1784 1785 
1785 1785 
1785 1787 
1787 1787 
1787 1788 
1789 1789 
1790 1790 
1791 1791 
1791 1791 
1792 1792 
1793 1793 
1793 1794 
1794 1794 
1794 1794 
1795 1795 
1795 1795 
1796 1797 
1798 1799 
1799 1799 
1800 1800 
1800 1800 
1801 1801 
1802 1802 
1802 1803 
1803 1803 
1804 1804 
1804 1805 
1805 1805 
1806 1807 
1807 1807 
1807 1807 
1808 1809 
1810 1810 
1810 1810 
1810 1811 
1812 1812 
1812 1813 
1813 1814 
1814 1815 
1815 1815 
1816 1817 
1817 1818 
1818 1819 
1819 1819 
1819 1820 
1820 1820 
1820 1820 
1822 1822 
1822 1822 
1823 1823 
1823 1823 
1823 1823 
1823 1824 
1824 1825 
1825 1825 
1825 1825 
1826 1826 
1826 1826 
1827 1827 
1827 1828 
1828 1829 
1830 1830 
1831 1831 
1831 1831 
1832 1832 
1832 1832 
1832 1833 
1833 1834 
1834 1834 
1834 1834 
1834 1835 
1835 1835 
1835 1835 
1835 1836 
1836 1836 
1836 1837 
1837 1838 
1838 1838 
1839 1839 
1839 1839 
1839 1840 
1840 1840 
1840 1840 
1842 1843 
1844 1844 
1844 1844 
1846 1846 
1846 1846 
1846 1846 
1846 1847 
1847 1847 
1847 1848 
1848 1848 
1848 1849 
1849 1849 
1849 1850 
1851 1852 
1852 1852 
1852 1852 
1852 1852 
1852 1853 
1853 1853 
1854 1854 
1854 1855 
1855 1855 
1855 1855 
1855 1856 
1856 1856 
1856 1856 
1856 1856 
1856 1856 
1856 1857 
1857 1857 
1858 1858 
1858 1859 
1859 1859 
1860 1860 
1860 1860 
1860 1860 
1861 1861 
1861 1862 
1862 1862 
1862 1863 
1863 1863 
1863 1864 
1864 1864 
1865 1865 
1865 1866 
1866 1866 
1866 1867 
1867 1868 
1868 1868 
1869 1869 
1869 1869 
1869 1870 
1870 1871 
1871 1871 
1871 1872 
1872 1872 
1872 1872 
1872 1872 
1873 1873 
1874 1874 
1875 1875 
1876 1876 
1877 1877 
1877 1878 
1878 1879 
1879 1880 
1880 1880 
1880 1881 
1881 1881 
1882 1882 
1882 1882 
1883 1883 
1883 1883 
1883 1883 
1883 1883 
1884 1884 
1884 1884 
1884 1885 
1885 1886 
1887 1887 
1887 1888 
1888 1888 
1889 1889 
1889 1889 
1889 1889 
1890 1890 
1890 1891 
1891 1891 
1891 1891 
1891 1892 
1892 1892 
1892 1893 
1893 1893 
1893 1893 
1894 1894 
1894 1894 
1895 1895 
1896 1896 
1896 1896 
1897 1897 
1898 1898 
1899 1899 
1900 1900 
1900 1901 
1901 1902 
1902 1903 
1903 1903 
1904 1904 
1904 1904 
1905 1905 
1905 1905 
1906 1906 
1906 1906 
1906 1907 
1907 1908 
1908 1909 
1909 1909 
1910 1910 
1911 1911 
1911 1912 
1913 1913 
1913 1913 
1913 1914 
1914 1914 
1914 1914 
1915 1915 
1916 1916 
1916 1917 
1917 1917 
1918 1918 
1919 1919 
1919 1920 
1920 1920 
1920 1921 
1921 1921 
1921 1921 
1921 1922 
1922 1922 
1922 1923 
1923 1924 
1925 1925 
1925 1926 
1927 1927 
1928 1928 
1928 1929 
1930 1930 
1930 1931 
1931 1931 
1932 1932 
1933 1933 
1933 1934 
1934 1935 
1936 1936 
1936 1936 
1936 1937 
1937 1938 
1938 1938 
1938 1939 
1939 1939 
1939 1939 
1940 1940 
1940 1941 
1942 1942 
1942 1942 
1943 1943 
1943 1943 
1943 1944 
1944 1944 
1945 1946 
1946 1946 
1947 1947 
1947 1947 
1948 1948 
1949 1949 
1949 1949 
1949 1949 
1950 1951 
1952 1953 
1953 1953 
1953 1953 
1953 1953 
1954 1954 
1954 1954 
1954 1954 
1954 1954 
1955 1955 
1955 1956 
1956 1957 
1957 1957 
1957 1958 
1958 1958 
1958 1959 
1959 1959 
1959 1962 
1962 1962 
1962 1962 
1962 1963 
1963 1963 
1963 1963 
1964 1964 
1965 1966 
1966 1966 
1966 1966 
1966 1967 
1967 1967 
1967 1968 
1968 1969 
1969 1969 
1969 1969 
1969 1969 
1970 1971 
1971 1971 
1971 1971 
1972 1972 
1972 1973 
1973 1973 
1973 1974 
1974 1974 
1974 1975 
1975 1975 
1975 1975 
1975 1975 
1975 1976 
1976 1976 
1976 1978 
1978 1978 
1979 1979 
1979 1979 
1979 1979 
1980 1980 
1981 1981 
1983 1983 
1983 1984 
1984 1984 
1984 1984 
1984 1985 
1985 1985 
1986 1986 
1987 1987 
1987 1987 
1988 1988 
1988 1989 
1989 1990 
1990 1991 
1991 1991 
1992 1992 
1993 1993 
1993 1993 
1993 1993 
1993 1994 
1994 1994 
1995 1996 
1996 1997 
1997 1997 
1997 1998 
1998 1998 
1998 2000 
2000 2000 
1324 1388 
365 791 
1332 1442 
282 389 
1394 1892 
592 926 
1138 1225 
1431 1686 
87 704 
1421 322 
664 952 
1083 57 
903 1725 
1738 1751 
1035 1433 
1565 1586 
1761 373 
1460 500 
561 1198 
714 206 
453 1040 
1980 28 
597 1235 
1318 1887 
1936 117 
1396 1085 
1357 1504 
1833 605 
913 1392 
1509 177 
1163 1226 
1608 412 
484 952 
1139 491 
208 1188 
1393 1812 
1455 1472 
145 252 
17 432 
915 1166 
1922 1936 
802 1576 
1698 1259 
1473 1956 
215 821 
572 579 
1237 1625 
611 694 
1287 1820 
223 798 
799 912 
1225 154 
620 1909 
667 751 
821 1109 
159 1009 
1708 601 
1306 1485 
1654 974 
1102 1916 
440 634 
706 154 
1718 393 
469 795 
1637 2000 
168 463 
422 1280 
1975 1356 
1624 1643 
1649 522 
1639 234 
1049 1111 
398 888 
939 1049 
1092 8 
1043 1572 
1835 331 
727 893 
1333 1506 
548 1298 
1449 262 
498 1987 
324 349 
587 875 
1315 130 
1428 1506 
1652 759 
1958 2000 
665 801 
1021 1084 
1669 1904 
1164 189 
370 966 
763 1321 
1677 758 
1416 1477 
1139 1382 
221 344 
1440 154 
547 884 
181 257 
1670 243 
986 1088 
1505 1043 
1603 1486 
236 341 
1494 597 
107 594 
1104 1604 
1902 191 
301 1065 
1536 829 
1489 1568 
1962 1547 
131 364 
589 625 
895 1533 
1877 6 
1449 746 
1312 1514 
1443 1627 
1642 968 
1278 1425 
151 175 
679 212 
399 573 
838 932 
1423 1605 
243 397 
1366 413 
534 1339 
1479 152 
198 271 
318 786 
1293 1511 
1587 1852 
719 833 
1492 820 
1155 1481 
1543 1764 
1856 1953 
1374 356 
1953 638 
1164 1571 
260 1019 
1133 1880 
283 893 
1501 907 
1658 213 
908 82 
1325 1390 
1702 1930 
169 838 
1131 1389 
1606 1945 
1442 134 
191 382 
737 1653 
406 1592 
265 1635 
1824 209 
220 736 
1302 1432 
1421 1728 
1847 19 
1405 1968 
1537 614 
617 1175 
1804 128 
331 574 
1729 317 
374 1028 
1069 1139 
224 225 
603 1600 
680 1580 
243 1098 
1613 1651 
168 572 
1623 646 
120 576 
613 1006 
518 1017 
1155 1233 
1291 1861 
62 504 
573 818 
1703 86 
456 812 
745 1694 
260 283 
504 793 
1452 1795 
1872 110 
1221 1666 
138 336 
983 1438 
1612 1825 
1846 900 
1410 992 
1721 135 
167 912 
941 1464 
353 598 
1943 660 
1294 1297 
1666 266 
610 728 
27 1904 
1434 1441 
1746 534 
1461 441 
602 915 
1553 1583 
1598 1626 
515 862 
92 1323 
97 311 
312 780 
36 45 
74 510 
666 1559 
1663 1213 
1665 504 
632 912 
1315 1329 
1508 1514 
1731 1807 
839 1598 
1823 281 
313 405 
1834 40 
683 811 
1354 1927 
456 662 
874 1768 
1145 1360 
890 1432 
1679 1803 
414 699 
897 1480 
1631 594 
963 138 
1130 1410 
1856 49 
126 1318 
108 529 
602 782 
913 1278 
1534 1904 
1080 1921 
1887 1933 
267 707 
1090 1176 
1749 1856 
92 1494 
1703 679 
997 22 
449 640 
447 1141 
491 1128 
1299 1539 
1546 421 
1940 75 
315 589 
1347 1600 
1747 1240 
1360 1605 
1863 391 
427 1656 
1752 387 
1071 1496 
494 945 
1488 1648 
1760 347 
733 1192 
67 310 
449 576 
989 83 
110 679 
865 1214 
1431 580 
674 940 
460 796 
1878 346 
1343 1865 
867 1337 
1257 1535 
1671 535 
1021 1138 
1871 97 
407 342 
434 968 
1609 679 
1286 1752 
1891 463 
696 1299 
1704 1984 
826 1245 
15 934 
1140 309 
359 1496 
1836 25 
540 114 
656 1681 
522 1410 
728 962 
93 564 
1341 1927 
106 339 
1416 31 
473 480 
1217 1907 
1306 1520 
1274 1429 
1954 1162 
1889 771 
1004 114 
571 819 
1284 1347 
1761 1823 
73 1287 
1953 1686 
34 653 
1132 1382 
1422 1600 
1983 122 
443 980 
1164 122 
342 1537 
1631 420 
1844 654 
1039 1986 
819 907 
345 400 
956 1039 
1449 1488 
1234 357 
1008 1135 
1694 55 
306 591 
717 1114 
1215 1347 
79 238 
552 1537 
1561 300 
934 1622 
1830 236 
310 806 
1073 1294 
1504 1638 
1365 546 
606 1889 
943 1101 
1420 1421 
76 94 
125 650 
1866 932 
1728 297 
419 850 
1026 1396 
1470 676 
1553 1585 
345 483 
1248 590 
777 883 
407 456 
1869 27 
1588 845 
425 683 
1067 1360 
1844 75 
467 873 
958 1200 
1607 426 
553 1665 
1167 103 
133 645 
1399 1443 
1840 60 
964 1852 
739 1512 
781 1094 
1129 1213 
113 587 
1175 1558 
1771 144 
432 1277 
1513 173 
380 530 
778 1729 
913 1481 
1600 793 
97 739 
822 1705 
1001 1117 
1769 1793 
1178 325 
686 1058 
1201 474 
1015 1385 
1815 1042 
1868 1872 
525 1653 
158 469 
737 1058 
3 1988 
104 133 
1308 880 
1162 710 
878 1259 
1563 1775 
406 1722 
946 1666 
1697 1729 
1592 1624 
1777 362 
1441 1524 
1831 1859 
1647 1852 
751 1379 
1479 1598 
1673 388 
1698 1760 
1404 1936 
743 425 
622 896 
982 1631 
1732 1751 
245 1396 
1823 299 
446 1721 
1896 298 
368 513 
747 874 
1374 1501 
237 919 
83 736 
754 1523 
360 449 
452 1202 
1379 1805 
330 645 
1525 1939 
538 1040 
1704 234 
985 997 
1529 1590 
1974 398 
1343 618 
1049 207 
453 458 
1522 1579 
1669 1708 
190 238 
710 735 
1193 1609 
1771 1988 
153 971 
1066 1801 
153 559 
1161 1709 
158 1495 
1630 1930 
1019 1098 
1295 1893 
181 749 
1687 455 
982 121 
620 1463 
97 681 
824 1987 
551 1975 
492 1129 
1652 7 
1909 1151 
1462 1918 
61 336 
768 817 
851 1831 
274 412 
573 648 
838 849 
1103 1314 
1616 615 
717 1286 
1491 1920 
1947 1955 
573 1060 
1189 1414 
1439 1782 
303 680 
1119 1527 
1711 1860 
58 120 
1140 499 
736 628 
811 1047 
1763 1286 
1869 1426 
135 324 
751 1748 
1175 1520 
213 861 
1279 515 
970 1312 
80 721 
1649 1705 
199 226 
563 1118 
1431 1694 
1794 1993 
73 677 
1258 230 
248 728 
817 1080 
194 992 
188 1293 
1978 395 
1266 1596 
61 813 
1713 1986 
1463 781 
857 1422 
1725 1987 
1160 1356 
140 442 
821 1019 
1426 1589 
101 887 
1097 1682 
232 1383 
1643 541 
994 1599 
207 482 
1038 1400 
302 1180 
1440 1657 
1660 1779 
660 1212 
289 519 
800 1344 
898 983 
1117 86 
2 1189 
1456 805 
841 1919 
1937 404 
869 1081 
299 668 
1048 757 
1541 1768 
68 392 
405 585 
1393 1421 
1587 1914 
488 659 
1001 1717 
11 930 
1217 121 
1425 1522 
978 1496 
1779 545 
689 861 
1562 395 
1778 668 
1080 1623 
267 785 
1113 1823 
891 1546 
1956 110 
591 624 
866 1361 
672 1051 
1740 185 
1654 293 
3 893 
1843 184 
1075 1449 
370 1618 
46 653 
1398 1733 
348 378 
531 564 
776 781 
1269 1570 
1829 1712 
1810 94 
1473 56 
307 93 
742 1011 
1249 1921 
230 1885 
1974 636 
1479 1882 
695 1081 
1162 1459 
839 1998 
367 432 
1461 1803 
1911 1957 
158 370 
548 1156 
1334 112 
286 735 
838 1399 
198 251 
1262 421 
611 679 
1421 1486 
1706 875 
1051 736 
752 779 
1505 520 
1441 1862 
23 325 
1249 95 
441 164 
1147 1649 
1996 554 
1018 1046 
1193 477 
512 729 
245 572 
1979 1993 
227 440 
1748 180 
408 1773 
50 965 
1492 1559 
711 971 
787 800 
1453 1866 
255 296 
719 1467 
1731 1800 
1922 258 
912 1275 
1943 184 
579 1215 
1406 1551 
1962 874 
985 1276 
1494 1906 
1305 1407 
1812 737 
741 868 
1437 1752 
28 266 
404 447 
1014 1279 
1342 541 
561 696 
1440 1714 
1972 199 
463 441 
922 1875 
717 1376 
1721 1922 
1822 758 
1688 1948 
43 420 
1606 1622 
149 413 
436 878 
926 1354 
1958 353 
1646 1668 
1792 224 
1716 1967 
1180 508 
820 994 
1184 1350 
1572 298 
1444 1646 
1737 178 
432 728 
1573 1796 
1020 1672 
177 190 
302 902 
919 1395 
1096 1696 
302 1000 
1213 1376 
1543 15 
309 1043 
1456 1624 
1839 1969 
1284 1328 
1429 316 
1837 131 
160 251 
1147 1365 
1751 309 
648 796 
1212 1402 
1781 847 
1231 193 
736 1587 
1295 1305 
1891 49 
201 434 
950 1062 
1210 1266 
1768 600 
1072 1337 
1881 669 
1522 1890 
257 997 
1342 1421 
965 1975 
46 281 
572 1439 
1624 1112 
1557 1583 
1021 1277 
920 1128 
1444 215 
276 1405 
873 993 
1286 1975 
418 1457 
1111 1182 
1252 1333 
1054 215 
1775 1025 
359 782 
1096 1628 
1756 248 
518 1772 
1994 23 
1298 836 
1138 1985 
813 1177 
1222 372 
1140 1222 
1655 1891 
844 1903 
1557 1746 
24 179 
772 884 
1105 1128 
1640 1705 
320 946 
1172 1210 
187 1180 
1361 1557 
1746 1856 
1098 1665 
583 619 
1075 1671 
1984 932 
1805 1928 
60 1055 
1387 1950 
332 787 
1043 1221 
1658 13 
1096 1179 
1494 1512 
550 1000 
1423 1517 
1608 1710 
130 133 
156 1645 
925 1750 
1952 760 
1071 1129 
1142 704 
974 1367 
445 930 
1797 1916 
154 861 
1565 1551 
1901 1949 
418 539 
1413 1514 
1685 299 
554 629 
932 1724 
847 1220 
1840 1959 
150 340 
1724 1855 
791 833 
1109 1130 
1473 129 
483 962 
1337 1725 
362 1337 
1743 1944 
411 880 
1713 1359 
1814 1870 
53 210 
544 1037 
1554 1800 
639 599 
280 1256 
1713 629 
726 824 
838 1050 
1885 1148 
1455 658 
698 1424 
1506 169 
1689 1861 
267 1714 
395 977 
1175 1216 
1285 589 
626 695 
636 1111 
1272 1879 
96 147 
1258 197 
713 1114 
1186 1325 
1638 1765 
1174 1352 
1381 1634 
1015 1078 
304 1930 
512 1137 
1910 208 
802 1489 
358 433 
653 719 
1012 1203 
890 1939 
522 1079 
1105 1307 
1852 377 
985 241 
658 1787 
74 1224 
1802 59 
405 856 
962 1344 
994 1895 
502 1324 
1401 1704 
319 236 
841 258 
654 417 
513 722 
911 1529 
1969 938 
1253 1670 
1880 1988 
1144 1839 
1962 1389 
948 1629 
312 628 
794 955 
1426 1653 
729 1131 
13 433 
867 953 
1011 1117 
736 881 
1136 1448 
342 775 
1339 212 
395 886 
1713 1113 
1142 1161 
732 1306 
1416 1596 
1782 935 
1838 1981 
1002 1551 
613 1260 
220 949 
1333 32 
126 419 
469 1856 
1969 93 
130 325 
329 120 
877 1488 
1964 128 
190 752 
772 1679 
32 427 
934 1445 
1875 192 
1497 1678 
843 1644 
1765 496 
1452 1586 
675 766 
1369 1452 
1666 1868 
371 1394 
61 265 
605 634 
1549 902 
1611 1981 
86 181 
532 673 
1516 249 
234 382 
4 742 
1860 1377 
1617 82 
165 1504 
687 734 
1873 781 
1698 17 
81 141 
1539 1599 
524 464 
41 869 
1263 1896 
149 169 
122 832 
21 587 
647 754 
241 718 
1314 826 
860 1633 
1871 1689 
144 1221 
1342 1959 
33 408 
1722 1321 
1443 1920 
128 570 
667 1441 
1662 119 
837 1274 
327 721 
842 920 
921 1061 
818 1405 
1546 119 
308 1600 
496 1015 
1775 36 
317 1672 
1924 296 
747 1519 
1984 1446 
1969 382 
725 811 
929 1140 
1735 86 
840 1826 
532 727 
1552 944 
1284 333 
559 1344 
1780 1795 
513 526 
973 977 
1306 1240 
1162 156 
862 1029 
1343 1467 
43 587 
695 717 
906 1883 
401 533 
680 798 
847 1415 
1236 1398 
102 1855 
523 756 
1647 177 
1547 1574 
1244 1402 
1611 1280 
1289 1415 
1763 1832 
1815 1893 
260 303 
994 1159 
127 605 
945 990 
325 458 
1435 1744 
1898 1201 
1282 1654 
1919 243 
1764 1414 
1496 1030 
1469 1854 
223 393 
542 700 
1342 228 
553 1080 
1666 939 
1709 209 
910 1027 
1707 1819 
1973 1247 
1537 528 
546 1065 
1629 372 
1629 1783 
142 361 
1261 1632 
1908 1388 
1863 160 
707 1352 
7 809 
1416 1619 
1639 1847 
64 732 
1234 1832 
154 876 
38 613 
681 876 
1533 1867 
1974 368 
379 1305 
466 1933 
821 1406 
383 993 
1453 1695 
589 1584 
192 584 
1827 246 
931 1365 
344 1037 
1000 1312 
92 176 
191 200 
408 988 
123 330 
636 1135 
1672 318 
667 1063 
1178 1657 
1827 1727 
1782 159 
255 1897 
1107 894 
1949 274 
595 948 
1366 377 
1919 1398 
1593 1913 
985 1447 
1506 1600 
1237 1465 
1481 1844 
33 402 
532 634 
203 433 
818 1435 
1660 1639 
528 164 
830 1117 
1602 1874 
653 1024 
1198 1582 
1618 1994 
1200 6 
507 874 
1509 842 
43 1388 
1428 1654 
1773 173 
662 718 
1070 1225 
1442 285 
310 423 
922 952 
1852 1411 
535 1287 
14 811 
1384 913 
1281 1442 
1558 234 
327 437 
635 834 
1402 606 
709 98 
425 542 
1969 1587 
341 615 
776 950 
554 1039 
1373 1712 
1016 1118 
1510 1006 
1237 1411 
1625 1799 
624 873 
1053 1319 
526 58 
626 937 
1066 1951 
144 211 
345 447 
817 834 
418 560 
1140 844 
1239 1747 
977 1369 
1632 566 
665 1190 
1741 1939 
188 1177 
1185 1944 
595 1474 
1831 1888 
310 406 
900 1577 
1958 114 
301 332 
410 460 
562 1128 
1431 1932 
110 281 
431 1911 
1970 1195 
1326 1566 
263 271 
1300 1499 
1939 1492 
431 1954 
399 592 
886 974 
1057 1700 
1907 295 
997 1179 
1673 849 
132 1408 
1523 1649 
88 827 
1436 299 
622 1210 
1554 1657 
315 1010 
877 39 
292 336 
995 1270 
1518 410 
576 1035 
1193 1921 
836 1244 
1267 1293 
1742 1966 
301 605 
788 855 
1367 639 
1504 369 
1357 1450 
71 439 
1295 1637 
63 1672 
1937 506 
962 1164 
1213 1890 
854 1250 
1382 69 
931 1261 
1450 1524 
919 1539 
1884 1949 
584 1404 
1410 1978 
324 1318 
1499 1678 
219 782 
1487 1597 
1715 1815 
491 576 
1783 1785 
1009 1089 
563 395 
721 815 
1906 250 
1577 1620 
267 1820 
1825 410 
1399 153 
1254 1724 
1729 264 
351 395 
596 941 
169 482 
771 974 
1404 1530 
1582 1594 
1807 1840 
380 919 
1187 1552 
97 424 
499 1694 
1864 754 
1135 1138 
1157 1639 
1723 2 
516 1035 
1732 1931 
133 270 
1343 1457 
559 1494 
47 1272 
1414 193 
458 1258 
1035 1455 
35 636 
35 930 
362 424 
887 1742 
64 29 
540 1055 
1086 1699 
1027 1600 
366 239 
1336 1371 
926 1580 
1992 664 
979 1662 
1767 159 
333 624 
714 937 
1533 131 
1331 1458 
1488 349 
486 1367 
1378 776 
1203 1985 
324 345 
728 1870 
130 616 
696 1385 
1389 1734 
1979 220 
229 899 
1044 1190 
99 445 
1345 1591 
31 39 
353 670 
271 948 
1004 1445 
1584 853 
1383 1386 
318 526 
1045 1210 
1687 852 
1883 205 
607 1852 
746 1106 
1434 1650 
1738 1975 
84 1914 
699 878 
1704 1976 
604 1728 
1785 98 
516 877 
1008 1219 
1222 717 
728 946 
1795 485 
753 1315 
1693 614 
93 108 
326 406 
526 1619 
157 403 
1327 1729 
1962 625 
1343 366 
552 1220 
1454 1643 
615 705 
948 1186 
582 489 
730 895 
1423 1576 
254 1030 
1143 1443 
1921 459 
514 636 
1745 326 
744 1357 
1523 245 
1635 324 
1204 825 
1040 823 
762 754 
548 351 
1345 1547 
1724 1761 
1027 1371 
1818 954 
1794 607 
989 339 
377 510 
1195 1574 
150 632 
1053 1753 
1818 1117 
191 1411 
1533 1572 
382 1238 
195 561 
996 431 
1684 1936 
367 601 
1352 1862 
257 475 
725 1450 
1826 1846 
160 299 
428 704 
61 409 
1246 1402 
1600 666 
667 1464 
574 750 
833 980 
1255 1414 
1578 285 
441 830 
1191 1378 
1386 1575 
284 520 
1023 1102 
1192 1449 
1868 562 
1204 1657 
1810 250 
1218 1655 
1993 74 
491 1481 
564 742 
1117 1605 
356 800 
56 1575 
1685 162 
543 1402 
1688 381 
1136 1326 
58 104 
389 685 
931 1443 
86 844 
1215 1405 
1662 296 
164 1022 
363 1433 
1464 1683 
1793 819 
1061 1397 
136 735 
921 1377 
1612 990 
1544 449 
588 1467 
1563 1896 
8 1444 
1482 1602 
1920 1019 
1499 635 
1570 1730 
105 229 
1137 1289 
106 1094 
1758 1092 
1151 1733 
1820 656 
1056 1354 
1989 554 
35 138 
156 426 
1051 1556 
21 169 
268 715 
1601 1708 
1889 1105 
1719 28 
149 1126 
1979 1321 
1344 1453 
1039 300 
449 764 
785 1172 
1239 1379 
472 615 
1234 615 
900 1257 
436 711 
1528 1575 
1368 1510 
505 1040 
1088 4 
441 808 
1447 1188 
1483 1449 
1522 1826 
624 373 
508 799 
1282 1333 
1625 676 
763 894 
1953 93 
244 497 
513 206 
237 579 
1176 1420 
1495 1940 
567 1365 
1034 1196 
1248 1847 
1893 727 
811 555 
1282 1697 
56 655 
971 1298 
1330 192 
1253 138 
781 1822 
1836 973 
1249 1573 
242 1555 
1716 627 
1507 187 
647 1133 
1169 1891 
287 492 
834 1179 
1223 1245 
1756 558 
688 822 
842 1417 
571 966 
1221 1677 
1863 463 
721 1293 
7 23 
711 561 
1092 1639 
859 1834 
559 230 
1730 1066 
1303 1558 
257 1587 
1088 1186 
1213 211 
518 548 
760 1054 
1144 1355 
1889 166 
968 1146 
262 1260 
1693 1737 
422 468 
68 949 
1714 998 
91 199 
963 1047 
1437 1581 
1969 340 
1216 1478 
311 423 
939 1503 
1967 629 
942 1059 
1144 42 
507 742 
782 1129 
1206 531 
629 731 
375 1426 
1629 809 
1680 224 
877 998 
1232 296 
316 135 
363 1018 
1356 1759 
1884 306 
428 545 
692 1322 
76 1030 
1613 1869 
1990 679 
1929 190 
860 647 
901 1096 
1487 1587 
137 346 
475 672 
1426 1493 
1975 358 
445 549 
645 1018 
1676 751 
867 1827 
176 306 
467 743 
1579 967 
980 1375 
1402 1697 
1828 1696 
452 502 
678 272 
372 1357 
1863 569 
1923 1010 
1568 219 
822 1195 
1134 1331 
1578 1795 
128 724 
1012 1188 
1660 1339 
1395 1748 
232 833 
1459 1920 
40 774 
1296 1387 
749 1003 
1241 1859 
399 561 
1286 1613 
542 1006 
432 1027 
276 537 
619 1220 
723 1943 
129 417 
984 994 
103 314 
354 905 
1893 448 
1516 1910 
65 197 
471 897 
880 1196 
1444 700 
1308 1741 
481 1914 
2000 245 
1718 656 
804 858 
1014 1093 
1364 1381 
121 1689 
632 1222 
1456 1807 
652 845 
986 1046 
1222 1862 
1903 1442 
1769 1946 
1738 1909 
936 1136 
9 752 
791 797 
1307 1331 
1906 1980 
1172 522 
677 1363 
359 1087 
1416 1743 
228 230 
722 918 
1618 16 
304 852 
925 1167 
1634 1662 
279 57 
77 453 
499 1149 
819 824 
1190 417 
1031 333 
968 1292 
1445 1716 
1785 1893 
1928 368 
55 56 
308 526 
384 409 
912 1823 
1914 725 
862 1082 
1356 1489 
479 962 
1120 1318 
1590 498 
802 1274 
1602 1715 
910 742 
1113 1205 
1699 1852 
275 281 
1959 973 
1357 1864 
329 1065 
615 899 
1062 1210 
463 1061 
1512 1913 
1996 681 
1611 1753 
1888 1991 
83 658 
1060 1472 
311 727 
957 1263 
1505 1966 
255 1072 
1935 1303 
1333 1931 
121 709 
1113 1208 
186 506 
1379 465 
1067 239 
1789 1998 
1425 391 
496 1102 
1437 1206 
1407 1462 
1810 1971 
1480 1597 
1689 537 
544 1528 
1607 170 
345 379 
654 1265 
1809 1883 
367 402 
1404 1566 
1053 1122 
7 65 
1669 1819 
20 802 
1393 1038 
1352 1838 
76 925 
960 1342 
1608 1973 
774 1182 
173 1469 
1882 1731 
56 909 
953 1027 
1140 1260 
1494 1880 
264 908 
1224 1675 
1677 451 
482 501 
991 1581 
356 125 
314 495 
1748 1790 
242 1369 
1455 42 
880 1075 
1749 326 
1366 1504 
82 1348 
1993 491 
544 914 
1224 1856 
1876 828 
1241 1291 
1938 684 
1509 1835 
1894 39 
517 1315 
1532 1155 
1965 55 
478 533 
1817 470 
1718 1997 
380 565 
1057 1070 
1762 235 
535 1858 
1846 1966 
272 363 
561 699 
864 886 
1634 1872 
342 723 
1778 1889 
330 1719 
1054 1567 
1966 1449 
1082 1133 
1426 1794 
1353 1938 
1957 915 
179 472 
491 736 
1219 1802 
264 320 
506 976 
1173 1454 
1506 167 
517 108 
560 1560 
1566 223 
1987 103 
945 1122 
1580 1005 
1213 233 
680 789 
1193 1739 
562 891 
1034 539 
907 1600 
4 197 
485 789 
1578 23 
72 121 
1594 206 
331 488 
624 729 
1093 1238 
1789 178 
506 565 
1792 845 
1387 1926 
1954 556 
962 973 
1836 161 
1760 963 
1462 1674 
1703 416 
456 527 
1169 1362 
1043 1482 
1718 1265 
323 909 
1377 1768 
1284 1849 
99 129 
1110 1852 
405 1338 
789 1780 
1601 645 
1587 1778 
352 1737 
1784 312 
565 1260 
218 284 
402 631 
1242 1643 
1867 22 
1332 1993 
66 102 
224 761 
1828 1505 
1645 28 
259 1040 
1892 1311 
945 1148 
1855 1662 
1835 492 
919 1036 
1293 1129 
1309 1883 
536 119 
265 337 
531 173 
934 486 
733 273 
681 501 
743 946 
1203 1629 
1832 360 
444 494 
1858 478 
1089 1208 
1265 1860 
1718 1993 
445 1931 
733 1656 
1825 1883 
535 842 
961 1787 
785 25 
927 1006 
1197 1483 
1568 1725 
329 365 
1260 732 
819 1045 
878 1695 
188 880 
1740 310 
417 752 
1135 1372 
1439 1713 
1575 738 
861 1004 
1362 1784 
936 1023 
1498 1188 
1493 1831 
13 701 
1279 1336 
1717 257 
702 1860 
1971 275 
649 1420 
1826 1962 
302 1205 
1272 542 
816 1179 
1219 1887 
1938 851 
882 1244 
1589 1849 
1057 1202 
1750 976 
1076 1661 
1913 1331 
1070 1182 
463 493 
747 824 
1061 1284 
1731 361 
458 1580 
1587 1631 
155 264 
452 761 
961 1134 
1835 191 
235 427 
895 1942 
531 970 
1459 215 
373 1966 
883 833 
1128 1203 
1381 514 
841 1015 
1813 134 
499 610 
949 1862 
486 488 
833 1029 
1031 1253 
946 1280 
547 1094 
1105 1905 
4 35 
709 22 
1834 1917 
1955 1925 
1560 1755 
459 1548 
1742 980 
1386 1389 
129 231 
665 920 
1493 17 
1270 1555 
1968 637 
32 693 
724 1511 
1553 1819 
1953 866 
1140 1727 
730 919 
183 630 
1010 1106 
1730 1162 
1807 1760 
641 753 
1204 205 
946 1480 
1504 1637 
1703 875 
1605 657 
1520 1838 
248 936 
1731 399 
412 942 
1458 1699 
1880 762 
1771 1609 
1787 1872 
1900 478 
555 940 
1222 1991 
780 1567 
1642 1998 
877 1853 
525 196 
921 1856 
1942 344 
534 796 
1623 1775 
1974 30 
285 570 
964 1093 
1161 1189 
1473 1560 
660 763 
1352 1746 
407 1918 
601 1066 
1714 1080 
1150 1182 
1462 1574 
1955 348 
463 753 
1394 1775 
395 751 
1235 1676 
1386 533 
795 1202 
1635 1716 
217 614 
1055 1656 
426 1848 
428 266 
471 1906 
91 169 
1406 1433 
339 432 
1199 1458 
1490 1972 
50 643 
1223 1661 
715 1467 
1834 649 
930 938 
1492 1817 
1396 1813 
1832 220 
454 627 
1152 1210 
1496 1649 
1667 531 
1341 1949 
200 327 
334 475 
1011 1605 
33 221 
713 1447 
1468 1700 
643 907 
129 1106 
1610 1899 
1047 97 
347 753 
951 1172 
1763 1991 
142 239 
314 462 
758 1871 
1009 1626 
1646 142 
1478 1894 
59 484 
939 1794 
179 203 
1645 739 
1396 114 
1947 957 
1068 1714 
1932 429 
462 668 
41 216 
566 629 
1652 1888 
544 1035 
1603 283 
1024 1419 
1173 1957 
1331 1523 
1168 88 
340 678 
326 606 
1399 61 
156 836 
1109 1522 
1565 1839 
1332 1356 
1877 1415 
1832 17 
168 768 
1054 1319 
1745 1811 
1894 725 
1318 70 
612 917 
1370 1702 
1718 1979 
985 151 
1 550 
1787 107 
535 1644 
1854 1856 
738 892 
1912 1962 
839 1423 
454 156 
939 812 
1005 1035 
1207 1310 
1873 2 
1163 1316 
58 478 
571 930 
1068 405 
1854 1833 
807 1199 
1866 195 
465 518 
519 1416 
1156 1416 
96 563 
1007 1651 
212 1285 
1398 432 
467 610 
653 1088 
194 307 
633 793 
840 1883 
362 548 
628 917 
1903 820 
857 1882 
181 220 
235 1380 
1565 1104 
1365 1743 
1442 445 
536 663 
869 1087 
1261 1689 
1735 1123 
1860 159 
441 910 
1477 962 
1501 1997 
52 352 
984 1053 
1316 20 
757 849 
1001 1059 
1400 1484 
1638 1440 
1700 1800 
521 1687 
1972 161 
183 255 
1370 1552 
1687 382 
494 1689 
1148 1195 
1516 1037 
1379 1984 
1027 1579 
240 456 
676 935 
1348 1913 
94 688 
1103 1520 
507 754 
814 1449 
1764 924 
1953 584 
731 1101 
1997 1321 
1360 1459 
807 858 
1636 1834 
1884 1193 
1834 722 
1403 1530 
1655 100 
299 1881 
998 1544 
1975 437 
452 1917 
593 900 
1151 814 
879 292 
302 919 
1071 1363 
1566 1347 
536 1027 
1219 72 
223 762 
357 823 
1512 1905 
714 276 
818 1751 
823 879 
1232 1271 
498 1009 
1143 1494 
1731 1830 
1 661 
706 108 
557 818 
1232 107 
1734 1774 
1779 21 
25 371 
1086 1434 
1562 1636 
3 585 
1267 1611 
1835 1884 
449 1007 
19 245 
297 1283 
1301 1517 
899 1610 
1801 393 
637 690 
1341 260 
406 779 
1314 359 
1357 550 
458 641 
717 875 
890 998 
1433 1373 
294 766 
782 1081 
117 474 
616 895 
1816 427 
670 1278 
1573 429 
1076 745 
136 167 
210 766 
1512 712 
724 865 
1470 1814 
1904 512 
329 651 
795 877 
636 643 
1317 71 
213 566 
664 1038 
1337 1338 
1853 948 
1308 1923 
1971 242 
934 1201 
1751 1806 
6 116 
242 371 
408 467 
1799 1896 
223 351 
93 503 
844 1327 
1668 528 
91 374 
1074 335 
355 559 
978 993 
1122 1839 
1936 1510 
62 706 
1476 1603 
217 454 
5 191 
343 736 
1964 114 
162 9 
898 1278 
1402 1465 
1720 146 
828 1393 
1740 1928 
648 696 
746 431 
968 1075 
135 329 
469 1193 
73 360 
433 1358 
146 289 
411 613 
1686 2 
109 709 
716 1032 
1349 89 
260 612 
846 894 
1523 1640 
1752 446 
472 903 
1023 579 
822 1047 
1639 623 
1708 692 
926 1287 
1544 562 
1466 1840 
59 87 
230 391 
880 928 
1121 1367 
757 763 
873 1516 
133 583 
584 1662 
424 672 
917 841 
1129 26 
527 797 
1101 1528 
1998 365 
453 1029 
1471 477 
793 812 
1249 1279 
1500 1580 
402 1008 
1216 1370 
1752 1901 
12 147 
404 323 
1076 1146 
1265 317 
350 1820 
139 876 
898 693 
1433 1448 
425 633 
902 1281 
1287 1644 
1850 652 
1090 1778 
245 1411 
1648 1456 
26 1065 
1790 30 
397 517 
1260 1701 
734 1724 
1641 1764 
1979 1428 
1621 71 
1354 1500 
970 1297 
96 292 
401 164 
1077 1245 
99 269 
693 884 
1749 1783 
903 1149 
927 1188 
1651 1825 
1357 41 
1848 1983 
1993 78 
408 1855 
771 991 
187 230 
575 812 
1958 84 
540 1053 
1574 1761 
1279 1946 
327 98 
422 740 
1282 993 
1197 1234 
80 175 
428 501 
794 1093 
1387 1779 
313 934 
186 207 
375 651 
1284 580 
1881 1196 
739 769 
905 1889 
1458 1477 
1855 1944 
104 299 
1355 1570 
972 20 
239 594 
756 1103 
1245 1995 
76 410 
1066 1165 
58 62 
528 692 
1129 1691 
944 156 
21 704 
1107 723 
924 1427 
97 1237 
263 501 
1062 1383 
1410 1898 
266 88 
156 512 
1925 1934 
589 1020 
1362 1451 
1545 503 
1396 1728 
751 1563 
622 216 
337 1247 
1366 1677 
309 374 
466 928 
1315 1652 
1835 1994 
301 745 
849 1310 
1443 1698 
289 763 
303 1800 
330 922 
1079 1455 
1565 1798 
306 554 
1774 782 
1373 1550 
1109 1938 
86 667 
811 865 
169 1734 
1810 196 
1537 83 
118 226 
236 657 
1535 1718 
1942 179 
598 764 
1689 1785 
1840 369 
99 452 
1561 901 
1375 1447 
1516 1917 
179 381 
616 1649 
1663 85 
640 857 
1593 1231 
587 1530 
1709 427 
511 569 
626 785 
1360 149 
246 1237 
1568 1989 
522 747 
1942 943 
1235 1857 
912 470 
490 494 
265 716 
957 154 
422 1969 
1131 1230 
1260 236 
1543 1701 
1940 377 
1393 1788 
285 902 
1518 1878 
9 510 
1315 1347 
1528 1721 
738 1081 
1131 1379 
1618 1120 
1254 84 
1003 1188 
1553 1953 
395 906 
1502 1997 
102 57 
445 865 
447 942 
1406 1892 
640 861 
1265 1489 
1973 879 
888 923 
1194 29 
844 735 
777 877 
1005 1138 
1842 309 
997 1364 
1899 123 
808 1133 
1212 1458 
1609 968 
1096 1711 
701 783 
1635 1735 
1921 149 
470 1848 
673 822 
247 9 
583 1780 
97 371 
460 720 
958 991 
1159 1212 
1603 1757 
253 1604 
1701 355 
1204 306 
1054 820 
112 288 
690 1547 
1948 1949 
783 1139 
1665 1934 
348 566 
1669 1804 
771 1077 
149 157 
292 358 
598 122 
182 223 
269 618 
692 804 
875 1137 
1712 913 
1158 1778 
1836 699 
904 1055 
1659 77 
1307 1428 
1587 1966 
82 1588 
93 183 
886 1246 
1286 1669 
108 440 
257 1079 
22 503 
1088 199 
310 1251 
1580 1665 
1954 1291 
1397 588 
641 1063 
1394 135 
900 1825 
125 986 
1011 1768 
1855 326 
1643 1865 
593 392 
701 1039 
1566 664 
838 777 
1476 1963 
237 440 
126 379 
1258 52 
288 453 
469 32 
724 930 
149 1296 
1628 1662 
90 482 
1626 558 
658 659 
978 1179 
1716 1747 
313 164 
226 296 
1212 1954 
660 731 
1730 607 
536 1040 
1117 1763 
113 850 
1272 1582 
1877 1954 
1371 1393 
47 758 
1245 239 
535 1357 
1652 53 
664 697 
789 953 
1445 491 
1443 1475 
1894 1946 
90 1254 
52 357 
841 1162 
1616 1876 
582 1325 
1468 1892 
504 1165 
1299 1748 
442 446 
1296 291 
639 1728 
1767 187 
1470 52 
341 416 
745 1284 
1546 1954 
828 1759 
125 1340 
1483 62 
321 1306 
1522 1638 
1671 110 
280 559 
41 387 
649 706 
488 883 
1373 184 
1185 1274 
1703 360 
681 747 
882 1775 
105 499 
1602 360 
696 1006 
1206 1280 
1709 1915 
613 809 
895 1041 
1171 1452 
1626 1849 
154 1546 
1774 155 
258 495 
1594 1609 
134 142 
287 584 
654 1983 
1284 1941 
442 1423 
65 309 
1084 1596 
1605 75 
555 1721 
196 496 
1652 448 
620 680 
759 292 
743 1146 
1095 994 
1270 70 
949 1095 
1520 581 
769 162 
578 1858 
979 209 
356 898 
868 512 
889 1882 
1916 5 
222 1441 
315 824 
1359 1360 
1741 439 
890 529 
609 1028 
1077 1352 
1361 1539 
1699 1872 
1963 1506 
1791 1869 
836 964 
132 233 
343 787 
1872 672 
1191 1857 
1984 451 
999 1748 
287 938 
998 1949 
29 293 
596 1523 
1720 803 
1057 1249 
1690 742 
1288 1358 
1959 1473 
1561 1588 
107 1321 
130 175 
1146 1245 
1656 203 
304 550 
830 1864 
271 341 
491 1807 
1978 408 
656 40 
309 913 
1446 1819 
312 655 
1550 1661 
503 330 
1581 396 
722 1600 
349 520 
525 564 
1193 433 
530 966 
1263 1304 
771 1055 
1866 443 
943 1047 
1273 1629 
372 1199 
1751 45 
1026 1112 
1149 1183 
1321 1537 
914 1119 
1433 1698 
137 298 
437 1565 
1670 286 
611 1913 
790 513 
515 780 
857 1474 
1872 8 
351 518 
1188 1734 
1971 682 
1238 1925 
116 244 
832 1517 
1647 120 
267 287 
780 839 
906 956 
1241 1632 
1784 1859 
156 425 
1091 1211 
1248 1387 
296 791 
1984 394 
909 818 
1390 1534 
1725 624 
1352 1582 
1822 446 
964 1160 
8 828 
1033 1891 
1135 385 
1192 1434 
732 1024 
1687 753 
800 1231 
519 1038 
1348 1762 
648 848 
1318 146 
490 494 
1261 1802 
182 730 
1629 1754 
1947 336 
420 1007 
1098 1645 
1696 1812 
174 1102 
1481 505 
1205 1761 
8 296 
457 1385 
1420 1717 
184 200 
431 1443 
1459 863 
1064 1908 
1747 1847 
1230 1759 
482 947 
1587 908 
1890 984 
1650 1755 
187 293 
1145 1243 
9 220 
857 1489 
1750 1113 
1743 333 
643 1293 
1634 99 
650 1367 
1475 1856 
535 582 
809 1647 
160 369 
463 1151 
1613 272 
1032 1846 
1886 265 
310 1250 
1860 1897 
483 421 
706 1895 
1391 1529 
1664 285 
480 619 
1258 1268 
1657 1804 
288 1791 
1799 378 
1118 1159 
1469 1601 
1820 360 
376 1391 
1494 1900 
628 1157 
1586 458 
329 566 
682 1857 
659 772 
1481 1911 
1160 1195 
1730 773 
832 1047 
1540 546 
1186 1251 
1324 1562 
1073 1140 
1098 1472 
1691 1777 
1943 1954 
442 1142 
272 898 
1849 343 
859 1122 
1298 1992 
133 628 
834 1005 
447 508 
1528 724 
1421 1777 
425 522 
1358 1526 
311 1397 
547 1128 
1746 162 
404 1973 
119 1596 
1775 302 
497 1976 
1420 156 
783 1029 
1242 1705 
1846 1080 
396 882 
1076 1534 
1823 1318 
25 429 
1748 1220 
1283 521 
1412 277 
644 771 
1405 1111 
1282 858 
863 656 
1084 1237 
1708 33 
778 909 
1463 1778 
438 941 
1736 1947 
157 220 
297 380 
1051 1810 
1905 113 
1990 135 
778 1185 
1483 1612 
625 873 
928 1201 
675 681 
996 998 
1164 395 
237 1387 
290 324 
734 1197 
643 665 
1179 1283 
1317 20 
1335 158 
954 1228 
1281 1371 
1372 57 
1107 1171 
1213 1394 
1522 207 
941 1144 
1601 455 
1914 567 
1087 1247 
453 556 
1315 1426 
1967 260 
514 784 
1448 1540 
1578 390 
227 255 
693 1967 
135 873 
1115 1769 
1808 1848 
1971 116 
664 936 
1754 1275 
1485 1583 
1846 1152 
1204 1662 
1793 1468 
1921 97 
262 291 
544 711 
826 1057 
1155 1255 
1416 1976 
652 1325 
1334 515 
638 1170 
1486 1500 
1614 99 
167 174 
494 572 
1105 1257 
1325 1764 
1933 1555 
1695 1782 
1114 1181 
1679 290 
1010 1730 
330 592 
1182 1200 
1353 1771 
129 529 
1869 411 
869 1031 
1221 183 
661 949 
1001 787 
1059 1704 
194 1616 
1883 243 
424 1336 
1715 667 
1162 279 
584 880 
251 334 
986 1692 
1861 521 
817 197 
608 1295 
1874 133 
279 1117 
1251 1690 
1694 1724 
595 1331 
699 1871 
436 579 
1105 1643 
86 1316 
1635 193 
1563 533 
1957 103 
555 1093 
1249 465 
1374 1497 
401 1090 
1345 1685 
635 825 
1080 1173 
1185 1343 
1865 1939 
764 984 
1371 1394 
1975 400 
526 1769 
17 172 
1203 734 
1064 1306 
218 241 
913 962 
1118 1499 
466 761 
1758 200 
462 488 
945 1738 
1900 3 
1167 1573 
1644 314 
644 936 
1019 1047 
1107 1297 
1318 1641 
549 1773 
298 601 
902 1421 
683 1771 
648 1512 
1291 1579 
1251 1779 
1891 511 
1459 82 
1963 489 
1031 1344 
65 145 
169 1412 
1224 1383 
1823 1915 
428 776 
1035 1277 
1985 215 
742 660 
1753 37 
322 1033 
539 1020 
404 737 
1783 1326 
690 1062 
1206 1365 
1722 371 
829 1025 
1052 1837 
1661 1905 
42 508 
1685 1228 
1376 1545 
323 1262 
366 649 
689 328 
612 904 
1008 170 
399 752 
846 1582 
1851 28 
425 437 
1976 1002 
1419 621 
1229 1514 
1727 1143 
159 212 
497 1047 
1434 988 
107 313 
538 791 
1068 1184 
736 1304 
172 669 
1856 1514 
1594 1067 
18 28 
294 868 
1426 366 
759 1106 
1123 1203 
1532 303 
543 732 
739 1883 
180 934 
1561 1667 
1215 1257 
1537 1554 
141 426 
1016 1791 
1963 519 
733 1500 
108 1032 
1490 1641 
328 1302 
1747 1822 
439 1593 
511 685 
764 1285 
1593 1697 
498 727 
505 99 
101 221 
931 1237 
1368 1568 
217 741 
1143 1609 
1631 1635 
1649 1791 
328 1228 
1265 30 
381 404 
1124 1309 
1879 63 
441 735 
1488 514 
610 1058 
1700 84 
427 556 
839 1201 
1326 1621 
1690 1902 
1943 1979 
575 1431 
1110 753 
1066 1116 
1120 1217 
1603 443 
972 1839 
1844 117 
1235 453 
554 572 
623 719 
969 1559 
737 1076 
1200 1419 
1725 1846 
433 1279 
1359 656 
1088 1574 
1803 306 
400 667 
1258 51 
319 468 
475 828 
993 1375 
1884 830 
1805 1853 
1922 347 
767 1705 
419 818 
916 1321 
1475 1963 
16 1035 
567 588 
223 1485 
1666 203 
496 622 
1363 1695 
1732 485 
816 1906 
228 349 
60 318 
351 1132 
282 310 
555 910 
1553 987 
1824 1064 
1253 1293 
808 1794 
343 419 
883 1104 
1163 1183 
1485 483 
701 1522 
1504 416 
1062 1112 
1355 1369 
1570 403 
1073 1254 
1455 47 
63 1025 
