1 2 
3 3 
4 5 
5 5 
6 6 
6 7 
7 8 
8 8 
9 9 
9 9 
10 10 
10 11 
11 11 
11 11 
11 12 
12 13 
13 13 
13 13 
14 15 
15 15 
15 16 
16 17 
17 19 
19 19 
19 19 
20 20 
21 21 
22 23 
23 23 
24 26 
26 26 
26 26 
27 27 
27 28 
28 28 
28 29 
29 29 
30 30 
31 31 
31 31 
32 32 
32 34 
34 34 
34 34 
35 35 
36 36 
37 38 
38 38 
39 40 
40 40 
41 41 
41 42 
43 43 
43 44 
44 44 
44 44 
45 46 
46 46 
46 47 
47 48 
48 49 
49 50 
50 51 
51 51 
52 52 
52 52 
52 53 
53 53 
54 54 
54 55 
55 55 
55 56 
56 56 
57 58 
58 58 
58 59 
59 59 
59 59 
60 60 
61 61 
61 61 
61 62 
63 64 
65 65 
66 66 
66 66 
66 67 
67 67 
67 68 
68 69 
69 69 
69 69 
70 70 
71 72 
72 72 
73 73 
74 74 
75 75 
75 76 
76 77 
77 77 
77 78 
78 78 
78 79 
79 80 
80 80 
80 80 
81 82 
83 84 
84 84 
84 84 
84 84 
85 86 
86 86 
87 87 
87 88 
88 88 
89 90 
90 92 
92 92 
93 93 
94 94 
94 95 
95 95 
95 95 
96 96 
97 97 
97 97 
98 98 
99 99 
99 100 
100 100 
101 101 
101 101 
101 101 
102 102 
102 102 
103 103 
103 103 
103 103 
103 104 
104 105 
106 107 
107 108 
108 108 
108 110 
110 110 
110 111 
111 111 
112 113 
113 113 
113 113 
113 115 
115 115 
116 117 
117 117 
117 117 
117 117 
118 118 
118 119 
119 119 
119 119 
119 119 
120 120 
120 120 
120 120 
120 120 
120 121 
121 121 
122 122 
122 122 
123 123 
124 124 
124 124 
124 125 
125 126 
126 126 
126 127 
127 127 
127 127 
128 130 
130 130 
131 131 
131 131 
131 131 
132 132 
133 134 
134 134 
134 135 
135 135 
135 136 
136 137 
137 138 
139 139 
139 139 
139 139 
139 139 
140 141 
141 141 
141 141 
141 141 
142 142 
142 143 
143 143 
143 143 
144 144 
145 145 
145 146 
146 146 
147 147 
147 148 
149 149 
150 150 
150 150 
150 151 
152 152 
153 153 
154 154 
154 154 
154 155 
155 156 
156 156 
156 156 
156 157 
157 157 
157 158 
158 158 
158 159 
159 159 
159 159 
160 160 
160 160 
160 160 
161 161 
161 161 
161 161 
162 163 
164 164 
164 164 
166 167 
167 167 
167 167 
167 168 
169 169 
169 169 
170 170 
171 171 
172 172 
172 173 
174 174 
175 175 
175 175 
175 175 
177 177 
177 177 
179 179 
180 180 
180 180 
180 180 
180 181 
182 182 
182 183 
184 184 
184 184 
185 185 
186 186 
186 186 
187 188 
188 189 
189 190 
190 191 
191 192 
192 192 
192 192 
193 193 
193 193 
193 194 
194 195 
195 195 
197 197 
197 197 
198 198 
198 199 
199 200 
200 200 
200 201 
201 201 
201 202 
202 202 
203 204 
205 205 
206 206 
208 208 
208 209 
209 209 
209 210 
210 210 
210 211 
211 211 
211 212 
212 212 
213 213 
214 214 
214 214 
215 215 
216 216 
217 217 
217 217 
217 217 
217 218 
218 219 
219 219 
220 220 
221 221 
221 223 
223 223 
224 224 
224 224 
225 225 
227 228 
228 228 
228 229 
229 229 
230 231 
231 232 
232 232 
232 232 
232 232 
232 233 
234 234 
234 234 
234 234 
235 235 
236 236 
236 236 
237 237 
238 239 
239 240 
240 241 
241 241 
241 241 
243 243 
244 244 
244 244 
244 245 
245 245 
245 245 
246 246 
247 247 
247 248 
248 249 
249 250 
250 250 
251 251 
251 251 
252 252 
252 252 
252 252 
252 252 
252 253 
253 253 
254 254 
254 254 
254 255 
256 256 
256 257 
257 257 
258 259 
259 259 
259 259 
259 261 
261 261 
262 262 
262 262 
262 262 
262 262 
263 263 
263 263 
263 264 
264 264 
264 265 
265 265 
265 266 
266 266 
266 267 
267 268 
268 269 
269 269 
270 271 
271 271 
271 272 
272 272 
272 272 
273 273 
273 273 
274 274 
274 274 
275 275 
275 275 
275 276 
277 277 
278 278 
279 279 
279 280 
280 280 
281 282 
282 282 
282 283 
283 283 
284 284 
284 284 
284 284 
284 284 
285 285 
285 285 
286 286 
286 286 
288 289 
289 289 
289 290 
290 290 
291 291 
291 291 
292 292 
292 292 
292 292 
292 293 
294 294 
294 294 
294 294 
295 296 
296 296 
297 298 
299 299 
299 300 
301 301 
302 302 
302 302 
303 303 
303 303 
303 303 
303 304 
304 305 
305 305 
306 306 
306 306 
307 308 
308 309 
309 309 
309 309 
310 310 
310 310 
310 310 
310 310 
311 311 
311 311 
312 313 
313 313 
313 314 
314 314 
315 315 
316 317 
317 317 
318 318 
318 319 
319 319 
319 319 
320 320 
321 321 
321 321 
322 322 
323 323 
323 324 
325 326 
326 327 
327 327 
327 327 
327 327 
327 328 
328 328 
329 329 
329 329 
330 330 
330 331 
331 331 
331 331 
331 332 
332 333 
333 334 
335 335 
335 336 
336 336 
336 336 
337 338 
338 338 
339 339 
339 339 
339 340 
340 341 
341 342 
342 343 
343 344 
344 344 
345 345 
345 345 
345 345 
345 346 
346 346 
346 347 
347 347 
347 347 
347 347 
347 348 
349 350 
350 351 
351 351 
352 352 
352 352 
352 353 
353 353 
353 353 
354 354 
354 355 
355 355 
355 356 
356 356 
357 357 
357 357 
357 358 
358 359 
359 360 
360 360 
361 361 
362 362 
362 362 
362 362 
362 362 
363 363 
363 363 
364 364 
364 364 
364 365 
365 365 
365 365 
366 366 
366 366 
367 368 
369 369 
369 369 
370 370 
370 370 
370 371 
371 371 
371 371 
371 371 
372 372 
372 372 
372 372 
373 373 
374 374 
374 374 
374 375 
375 375 
375 375 
377 378 
378 378 
378 378 
379 380 
380 380 
381 382 
382 383 
383 383 
383 383 
384 384 
384 384 
384 385 
385 385 
386 386 
387 387 
387 389 
389 389 
390 390 
390 390 
390 390 
391 391 
392 392 
392 392 
393 393 
393 393 
393 394 
394 395 
395 395 
395 396 
396 396 
396 396 
397 397 
397 397 
397 398 
398 398 
398 399 
399 399 
400 400 
400 400 
401 401 
401 402 
402 402 
404 404 
404 404 
404 405 
405 406 
407 408 
408 409 
409 410 
410 410 
411 413 
413 413 
413 414 
414 415 
416 417 
417 417 
417 418 
419 419 
419 419 
419 420 
420 420 
421 421 
421 421 
422 422 
423 423 
424 424 
424 424 
425 425 
425 425 
425 425 
426 426 
427 427 
428 428 
429 429 
430 430 
430 431 
432 432 
432 433 
433 433 
433 433 
434 434 
434 435 
435 435 
436 436 
436 436 
436 436 
436 437 
438 438 
438 439 
439 439 
440 441 
441 442 
442 442 
443 444 
444 444 
445 445 
446 446 
447 447 
447 448 
448 448 
449 449 
449 450 
450 450 
451 451 
451 452 
452 452 
452 452 
452 453 
453 453 
454 454 
455 455 
455 455 
456 456 
456 457 
457 458 
458 459 
459 459 
459 459 
459 460 
461 461 
461 461 
461 461 
462 462 
462 463 
463 463 
464 464 
465 465 
465 466 
466 466 
467 467 
467 467 
467 467 
468 468 
468 469 
469 469 
469 469 
469 469 
469 470 
470 470 
470 472 
472 472 
472 473 
473 473 
473 473 
473 473 
474 474 
475 475 
475 475 
476 476 
476 477 
477 478 
478 478 
478 479 
479 479 
479 480 
480 480 
481 482 
482 482 
483 483 
484 484 
485 485 
485 485 
486 487 
487 487 
487 488 
488 488 
488 488 
488 489 
489 489 
490 490 
490 490 
490 490 
490 493 
493 493 
493 493 
493 494 
494 494 
495 495 
495 496 
496 496 
496 497 
497 498 
498 499 
499 500 
500 500 
500 500 
500 501 
501 501 
501 502 
502 502 
503 504 
504 504 
504 504 
504 504 
506 506 
506 507 
507 508 
508 508 
508 509 
510 510 
511 512 
512 512 
513 513 
513 513 
513 515 
515 515 
516 516 
516 516 
516 516 
517 517 
517 517 
518 518 
518 518 
519 519 
520 520 
520 521 
521 522 
522 523 
523 523 
523 523 
523 524 
524 524 
525 525 
525 525 
525 526 
526 527 
527 527 
528 528 
529 529 
529 530 
530 531 
531 531 
531 531 
532 532 
532 532 
532 532 
533 533 
534 534 
534 534 
534 535 
535 535 
535 536 
536 536 
536 537 
537 537 
537 538 
538 538 
538 539 
539 539 
540 541 
541 541 
541 542 
542 542 
542 542 
542 542 
543 543 
544 544 
544 545 
545 545 
546 546 
547 547 
548 548 
548 548 
548 549 
549 549 
550 550 
550 550 
550 550 
550 550 
550 550 
550 551 
551 551 
552 552 
552 553 
553 553 
553 553 
554 554 
554 554 
554 554 
554 555 
555 555 
555 556 
556 557 
557 557 
557 557 
558 558 
558 558 
559 559 
559 560 
560 561 
561 562 
562 562 
562 563 
563 563 
563 563 
564 564 
564 565 
565 565 
566 566 
567 567 
567 567 
567 568 
568 568 
568 569 
569 569 
569 570 
570 570 
570 570 
570 571 
571 571 
572 573 
573 573 
574 575 
576 576 
576 577 
577 577 
577 578 
578 578 
578 578 
578 579 
579 580 
581 581 
581 581 
581 581 
582 582 
582 582 
583 583 
583 584 
584 584 
584 584 
585 585 
585 585 
585 586 
586 586 
586 586 
586 587 
588 588 
588 588 
589 589 
590 590 
590 590 
591 591 
591 592 
592 592 
592 592 
592 592 
593 593 
593 594 
594 594 
594 595 
595 595 
596 596 
596 596 
596 597 
597 597 
598 599 
599 599 
599 601 
601 601 
601 601 
601 601 
602 603 
603 603 
603 604 
604 604 
605 605 
606 606 
607 607 
607 608 
608 609 
609 609 
609 610 
610 610 
610 610 
611 611 
611 611 
611 612 
612 613 
614 614 
616 616 
616 616 
616 616 
616 616 
617 618 
618 618 
619 619 
620 621 
621 621 
621 621 
621 621 
623 623 
624 624 
624 624 
625 625 
625 626 
626 626 
626 626 
626 627 
627 627 
628 628 
628 629 
629 629 
629 630 
630 631 
631 631 
631 631 
632 632 
632 633 
633 633 
634 634 
634 634 
635 635 
635 635 
636 636 
636 636 
636 636 
637 637 
637 638 
638 638 
638 638 
638 639 
639 639 
639 640 
640 640 
640 642 
642 642 
642 642 
642 643 
643 644 
644 645 
645 645 
645 645 
646 646 
646 646 
647 647 
647 648 
648 648 
648 648 
648 649 
649 650 
650 650 
650 651 
653 653 
653 653 
654 654 
655 655 
655 655 
656 656 
657 657 
657 657 
657 657 
658 659 
659 659 
659 659 
659 659 
660 660 
660 661 
661 661 
662 662 
662 662 
662 662 
663 663 
664 664 
664 664 
664 665 
665 665 
666 666 
666 667 
668 668 
668 668 
668 668 
668 671 
671 671 
671 672 
672 673 
673 673 
673 675 
675 675 
675 676 
676 676 
676 676 
677 677 
678 679 
679 680 
680 680 
681 681 
681 682 
682 682 
682 683 
683 684 
684 684 
686 686 
686 687 
688 688 
688 688 
688 689 
689 689 
689 690 
690 690 
691 691 
691 691 
691 691 
691 691 
692 692 
693 693 
694 694 
694 694 
695 695 
695 695 
695 696 
696 696 
697 697 
697 697 
697 697 
697 697 
698 699 
699 699 
699 700 
701 701 
702 702 
702 703 
703 703 
703 703 
703 704 
704 705 
705 705 
706 706 
706 707 
707 707 
707 707 
707 707 
708 708 
708 708 
708 708 
708 709 
710 710 
710 710 
711 711 
711 711 
712 713 
713 713 
714 714 
714 714 
714 715 
715 715 
716 716 
716 716 
716 717 
718 718 
718 718 
719 719 
719 719 
719 720 
720 720 
720 722 
723 723 
723 724 
724 724 
724 725 
725 725 
725 725 
726 726 
727 727 
727 727 
727 728 
728 728 
729 730 
730 730 
730 730 
730 731 
732 732 
732 732 
733 733 
733 733 
734 734 
735 735 
735 735 
736 736 
737 737 
737 738 
738 738 
738 738 
738 739 
739 739 
740 740 
740 740 
740 740 
741 741 
741 742 
742 742 
743 743 
743 744 
744 744 
744 746 
747 747 
747 748 
748 748 
749 749 
749 749 
750 750 
750 751 
751 751 
751 752 
752 752 
753 754 
754 754 
754 755 
755 755 
755 756 
756 756 
756 756 
756 757 
757 757 
757 758 
759 759 
759 761 
761 761 
762 762 
762 764 
764 764 
764 765 
765 765 
765 765 
767 767 
768 768 
768 768 
768 769 
769 770 
770 770 
771 771 
771 771 
771 771 
771 772 
772 772 
773 773 
774 774 
774 775 
775 777 
777 778 
778 778 
778 778 
778 779 
779 779 
779 779 
780 780 
781 781 
781 781 
782 782 
783 783 
783 783 
783 783 
784 784 
784 784 
784 785 
785 785 
786 788 
788 788 
789 789 
789 789 
789 790 
790 790 
791 791 
792 792 
792 793 
793 793 
794 794 
795 795 
795 795 
795 795 
795 797 
797 797 
797 797 
798 799 
799 799 
799 800 
800 801 
801 801 
802 802 
802 802 
802 802 
803 803 
803 803 
803 803 
803 804 
804 804 
804 804 
805 805 
805 806 
806 806 
806 807 
807 807 
807 807 
807 808 
808 808 
810 810 
811 811 
812 812 
812 812 
812 813 
813 814 
814 814 
814 815 
815 815 
815 816 
816 816 
817 817 
817 818 
818 818 
819 819 
820 820 
820 820 
820 820 
820 821 
821 822 
822 822 
823 823 
823 824 
824 824 
824 824 
824 825 
826 826 
826 827 
827 827 
827 828 
828 829 
829 829 
829 830 
830 831 
831 831 
831 833 
833 833 
833 833 
834 834 
834 835 
835 836 
837 838 
838 838 
838 838 
839 839 
839 839 
840 841 
841 841 
841 841 
842 842 
842 843 
843 843 
843 843 
843 844 
844 845 
845 845 
845 845 
846 846 
848 848 
848 848 
848 849 
849 849 
849 850 
850 850 
850 851 
851 851 
851 852 
853 853 
853 854 
854 854 
854 856 
856 856 
857 857 
858 859 
859 859 
859 860 
860 861 
861 861 
861 862 
862 863 
863 863 
863 863 
864 864 
864 864 
864 865 
866 866 
866 866 
866 867 
867 867 
868 868 
869 870 
870 870 
870 871 
871 871 
872 872 
873 873 
874 874 
874 874 
875 875 
875 875 
875 875 
876 876 
876 876 
876 876 
876 877 
877 877 
877 877 
879 879 
880 880 
880 881 
881 881 
881 882 
883 883 
883 883 
884 884 
886 886 
886 887 
888 888 
888 889 
889 891 
891 891 
892 892 
892 893 
893 893 
893 894 
894 894 
895 895 
895 896 
896 896 
896 896 
897 897 
897 897 
898 898 
898 899 
899 899 
899 899 
900 900 
900 902 
902 902 
903 904 
905 906 
906 908 
908 908 
909 909 
909 910 
910 910 
910 910 
911 911 
912 912 
912 912 
912 913 
914 914 
915 915 
916 916 
916 917 
917 917 
918 918 
918 918 
918 919 
919 919 
921 921 
921 922 
922 922 
922 923 
923 924 
924 925 
926 926 
927 927 
927 928 
928 928 
929 929 
929 930 
930 930 
931 931 
931 931 
931 932 
932 932 
932 932 
932 933 
933 933 
933 934 
935 935 
936 936 
936 937 
937 938 
938 938 
939 939 
939 939 
939 940 
940 940 
941 941 
941 941 
941 942 
942 942 
942 942 
942 942 
943 943 
944 944 
944 944 
944 944 
944 944 
945 945 
945 946 
947 947 
947 947 
948 948 
948 948 
948 949 
949 950 
950 950 
950 951 
951 951 
952 952 
953 953 
953 953 
953 954 
954 954 
955 956 
956 956 
958 958 
959 959 
959 959 
960 960 
960 960 
960 961 
961 962 
962 962 
962 963 
963 964 
964 964 
964 964 
964 965 
965 966 
966 966 
967 967 
969 969 
969 969 
969 969 
970 970 
970 970 
971 971 
971 971 
972 975 
975 975 
976 976 
976 976 
976 976 
977 977 
978 978 
978 978 
979 979 
979 979 
980 981 
981 982 
982 982 
983 983 
984 984 
984 985 
985 985 
985 987 
987 987 
988 988 
988 989 
989 989 
989 990 
990 991 
991 992 
992 992 
993 993 
993 993 
993 994 
994 995 
995 995 
996 996 
996 996 
996 996 
996 996 
996 997 
997 997 
997 998 
998 998 
998 999 
999 999 
999 999 
999 999 
1000 1000 
1000 1000 
1000 1001 
1001 1001 
1001 1001 
1001 1001 
1002 1002 
1002 1002 
1005 1006 
1006 1006 
1007 1007 
1008 1008 
1008 1008 
1008 1008 
1010 1010 
1010 1010 
1011 1012 
1012 1012 
1012 1013 
1014 1014 
1014 1014 
1014 1015 
1015 1016 
1016 1017 
1017 1018 
1018 1018 
1019 1019 
1019 1019 
1019 1019 
1019 1020 
1021 1021 
1021 1021 
1021 1022 
1022 1022 
1022 1023 
1023 1023 
1024 1025 
1026 1026 
1027 1027 
1027 1027 
1027 1027 
1027 1028 
1028 1029 
1029 1029 
1029 1030 
1030 1030 
1030 1031 
1031 1032 
1032 1032 
1032 1032 
1033 1033 
1034 1034 
1034 1034 
1035 1035 
1036 1036 
1036 1036 
1037 1037 
1037 1038 
1038 1039 
1039 1039 
1039 1039 
1040 1040 
1040 1040 
1040 1041 
1041 1041 
1042 1042 
1042 1043 
1043 1043 
1043 1043 
1043 1044 
1045 1045 
1045 1045 
1046 1046 
1046 1046 
1047 1048 
1048 1048 
1048 1049 
1050 1050 
1050 1051 
1051 1051 
1051 1052 
1052 1052 
1052 1052 
1052 1052 
1053 1053 
1054 1055 
1055 1056 
1056 1056 
1056 1057 
1057 1057 
1058 1058 
1059 1059 
1059 1060 
1060 1061 
1062 1063 
1064 1064 
1064 1064 
1065 1065 
1065 1065 
1065 1066 
1067 1067 
1067 1068 
1068 1068 
1069 1069 
1070 1070 
1070 1070 
1070 1071 
1072 1072 
1072 1072 
1073 1074 
1074 1074 
1074 1074 
1076 1076 
1076 1076 
1076 1077 
1078 1078 
1078 1078 
1078 1079 
1079 1079 
1080 1080 
1081 1081 
1082 1082 
1082 1083 
1084 1084 
1084 1084 
1085 1085 
1086 1086 
1086 1087 
1087 1088 
1089 1089 
1089 1089 
1090 1091 
1091 1091 
1091 1092 
1092 1093 
1093 1094 
1094 1094 
1094 1095 
1095 1095 
1095 1095 
1095 1095 
1095 1097 
1097 1098 
1098 1098 
1098 1099 
1099 1099 
1099 1099 
1100 1101 
1101 1101 
1101 1102 
1102 1103 
1103 1103 
1103 1103 
1103 1104 
1104 1105 
1105 1105 
1106 1106 
1106 1106 
1106 1106 
1107 1107 
1107 1107 
1108 1108 
1109 1109 
1109 1110 
1111 1112 
1112 1112 
1112 1113 
1113 1113 
1113 1114 
1114 1114 
1115 1115 
1115 1117 
1117 1117 
1117 1117 
1118 1118 
1119 1119 
1119 1119 
1119 1120 
1120 1120 
1120 1120 
1120 1121 
1121 1122 
1122 1123 
1123 1123 
1123 1124 
1124 1126 
1126 1127 
1127 1127 
1128 1128 
1128 1128 
1128 1128 
1129 1129 
1129 1129 
1129 1129 
1130 1130 
1130 1130 
1130 1131 
1132 1133 
1133 1133 
1133 1133 
1133 1133 
1134 1134 
1135 1135 
1136 1136 
1136 1136 
1137 1137 
1138 1138 
1138 1139 
1139 1139 
1142 1142 
1143 1143 
1143 1143 
1143 1144 
1145 1145 
1145 1145 
1146 1146 
1146 1147 
1147 1147 
1147 1147 
1148 1148 
1149 1149 
1149 1150 
1150 1150 
1150 1151 
1151 1152 
1152 1152 
1152 1153 
1153 1153 
1154 1154 
1155 1155 
1155 1156 
1156 1156 
1156 1156 
1156 1157 
1157 1158 
1159 1159 
1160 1160 
1160 1160 
1160 1160 
1161 1161 
1162 1162 
1162 1163 
1163 1163 
1163 1164 
1164 1165 
1166 1166 
1166 1167 
1168 1168 
1169 1169 
1169 1170 
1170 1170 
1171 1171 
1171 1171 
1171 1173 
1173 1173 
1174 1174 
1174 1174 
1175 1175 
1176 1176 
1176 1177 
1177 1178 
1178 1178 
1178 1178 
1178 1179 
1179 1179 
1179 1180 
1180 1180 
1180 1180 
1180 1180 
1181 1181 
1181 1181 
1181 1182 
1182 1182 
1183 1183 
1183 1183 
1184 1185 
1185 1186 
1186 1186 
1186 1187 
1187 1188 
1188 1188 
1188 1189 
1189 1189 
1190 1190 
1190 1190 
1191 1191 
1191 1191 
1192 1192 
1192 1192 
1192 1192 
1194 1195 
1195 1196 
1197 1197 
1198 1198 
1198 1198 
1200 1200 
1201 1201 
1202 1202 
1204 1204 
1204 1204 
1205 1205 
1205 1206 
1206 1206 
1207 1207 
1207 1207 
1208 1209 
1209 1209 
1209 1210 
1210 1212 
1213 1214 
1214 1214 
1214 1215 
1215 1215 
1215 1215 
1216 1217 
1217 1218 
1218 1218 
1218 1219 
1219 1219 
1220 1220 
1220 1220 
1220 1220 
1220 1221 
1221 1221 
1222 1222 
1222 1223 
1223 1223 
1224 1225 
1225 1225 
1225 1225 
1225 1225 
1225 1226 
1226 1227 
1228 1228 
1229 1230 
1230 1230 
1230 1230 
1230 1230 
1230 1232 
1232 1232 
1232 1234 
1234 1234 
1234 1235 
1235 1235 
1236 1237 
1237 1237 
1237 1238 
1238 1239 
1240 1240 
1240 1240 
1240 1241 
1241 1241 
1242 1242 
1243 1243 
1243 1243 
1243 1243 
1245 1245 
1245 1246 
1246 1247 
1247 1247 
1248 1248 
1248 1249 
1249 1250 
1250 1250 
1250 1251 
1251 1251 
1251 1252 
1253 1253 
1253 1253 
1254 1254 
1254 1254 
1254 1255 
1255 1255 
1255 1255 
1256 1256 
1256 1256 
1257 1257 
1257 1257 
1257 1258 
1258 1259 
1260 1262 
1262 1262 
1262 1263 
1263 1263 
1263 1263 
1264 1264 
1264 1264 
1265 1265 
1265 1265 
1265 1265 
1265 1266 
1267 1267 
1267 1267 
1267 1267 
1267 1267 
1268 1268 
1268 1269 
1269 1269 
1269 1269 
1269 1270 
1270 1270 
1271 1273 
1273 1273 
1274 1276 
1276 1276 
1276 1277 
1277 1277 
1278 1278 
1278 1278 
1279 1279 
1279 1280 
1280 1280 
1281 1281 
1281 1282 
1282 1282 
1282 1283 
1283 1284 
1284 1284 
1285 1285 
1285 1285 
1285 1285 
1285 1286 
1286 1286 
1287 1287 
1287 1287 
1287 1288 
1288 1288 
1289 1289 
1289 1289 
1290 1290 
1290 1291 
1291 1292 
1292 1293 
1293 1293 
1293 1294 
1294 1294 
1294 1294 
1294 1295 
1295 1295 
1295 1296 
1296 1296 
1297 1297 
1297 1297 
1298 1298 
1298 1298 
1299 1299 
1300 1300 
1300 1301 
1301 1302 
1302 1303 
1303 1304 
1304 1305 
1305 1306 
1306 1306 
1306 1307 
1307 1307 
1307 1307 
1308 1308 
1309 1309 
1309 1309 
1310 1310 
1310 1310 
1311 1311 
1312 1312 
1312 1313 
1313 1314 
1315 1315 
1315 1315 
1315 1316 
1316 1316 
1316 1316 
1316 1316 
1317 1317 
1317 1317 
1318 1318 
1318 1318 
1319 1319 
1319 1319 
1321 1321 
1322 1322 
1322 1323 
1323 1324 
1324 1324 
1324 1325 
1325 1325 
1326 1326 
1326 1327 
1327 1327 
1328 1328 
1328 1329 
1329 1329 
1330 1330 
1330 1331 
1331 1331 
1332 1332 
1332 1333 
1333 1333 
1333 1333 
1333 1334 
1334 1334 
1334 1335 
1335 1335 
1336 1336 
1336 1336 
1337 1337 
1337 1337 
1337 1337 
1338 1338 
1338 1338 
1338 1338 
1339 1340 
1340 1340 
1342 1342 
1343 1343 
1343 1344 
1344 1345 
1345 1345 
1346 1347 
1348 1348 
1349 1349 
1350 1350 
1351 1351 
1352 1352 
1353 1353 
1353 1353 
1354 1354 
1355 1356 
1356 1356 
1356 1357 
1358 1358 
1359 1360 
1360 1360 
1360 1360 
1360 1360 
1361 1362 
1362 1362 
1362 1362 
1362 1363 
1364 1365 
1365 1365 
1365 1365 
1365 1366 
1366 1366 
1366 1367 
1368 1368 
1368 1368 
1369 1370 
1370 1370 
1370 1370 
1371 1371 
1371 1372 
1372 1372 
1372 1373 
1373 1373 
1374 1374 
1374 1374 
1375 1375 
1375 1376 
1376 1376 
1377 1377 
1377 1377 
1378 1378 
1378 1379 
1379 1379 
1379 1379 
1380 1380 
1380 1380 
1380 1381 
1381 1381 
1381 1382 
1382 1382 
1382 1382 
1382 1383 
1383 1383 
1383 1383 
1384 1384 
1384 1384 
1385 1385 
1385 1385 
1386 1386 
1387 1387 
1387 1387 
1388 1388 
1388 1389 
1389 1389 
1389 1389 
1389 1390 
1390 1390 
1391 1391 
1391 1392 
1392 1392 
1392 1392 
1392 1392 
1393 1393 
1393 1393 
1394 1394 
1395 1395 
1395 1395 
1395 1396 
1396 1396 
1397 1397 
1397 1397 
1398 1398 
1399 1400 
1400 1400 
1401 1401 
1401 1402 
1402 1403 
1403 1403 
1403 1403 
1404 1405 
1405 1405 
1406 1406 
1406 1407 
1407 1407 
1407 1408 
1408 1408 
1408 1408 
1409 1409 
1409 1410 
1411 1411 
1411 1411 
1411 1412 
1412 1413 
1413 1415 
1415 1415 
1415 1416 
1416 1417 
1417 1418 
1419 1420 
1421 1421 
1421 1421 
1422 1422 
1423 1424 
1424 1424 
1424 1424 
1425 1425 
1425 1425 
1426 1427 
1427 1427 
1428 1428 
1428 1429 
1430 1430 
1430 1430 
1431 1431 
1432 1432 
1433 1433 
1434 1434 
1434 1434 
1435 1435 
1435 1435 
1435 1436 
1436 1437 
1437 1437 
1438 1438 
1438 1438 
1439 1439 
1439 1439 
1440 1440 
1441 1441 
1441 1441 
1442 1442 
1442 1444 
1444 1444 
1444 1445 
1446 1447 
1447 1447 
1448 1449 
1449 1450 
1450 1450 
1451 1451 
1451 1451 
1452 1452 
1452 1453 
1454 1455 
1455 1455 
1456 1456 
1457 1457 
1457 1457 
1458 1458 
1459 1459 
1459 1460 
1460 1460 
1461 1461 
1461 1462 
1462 1462 
1462 1462 
1463 1463 
1463 1464 
1464 1465 
1466 1467 
1467 1467 
1467 1468 
1468 1468 
1468 1469 
1469 1470 
1470 1471 
1471 1471 
1472 1472 
1473 1473 
1473 1474 
1474 1474 
1474 1474 
1475 1475 
1475 1475 
1475 1475 
1476 1476 
1476 1478 
1478 1478 
1479 1479 
1479 1479 
1481 1481 
1482 1482 
1483 1483 
1483 1483 
1483 1484 
1484 1484 
1485 1486 
1486 1486 
1486 1487 
1488 1489 
1489 1489 
1491 1491 
1491 1491 
1491 1492 
1493 1493 
1493 1493 
1493 1493 
1493 1494 
1494 1494 
1494 1495 
1495 1495 
1495 1495 
1496 1496 
1497 1498 
1498 1498 
1498 1498 
1499 1499 
1500 1500 
1501 1501 
1501 1502 
1502 1503 
1503 1504 
1504 1504 
1504 1504 
1505 1505 
1505 1505 
1505 1505 
1507 1507 
1508 1508 
1508 1508 
1508 1509 
1509 1509 
1510 1511 
1511 1511 
1511 1511 
1512 1512 
1512 1512 
1513 1513 
1514 1514 
1514 1515 
1515 1515 
1515 1516 
1517 1517 
1517 1517 
1518 1518 
1519 1519 
1519 1520 
1520 1520 
1521 1521 
1521 1521 
1521 1522 
1522 1522 
1523 1523 
1524 1524 
1525 1526 
1526 1526 
1528 1529 
1529 1529 
1530 1530 
1531 1531 
1531 1531 
1531 1531 
1531 1532 
1532 1533 
1533 1533 
1534 1535 
1535 1535 
1535 1536 
1536 1536 
1538 1538 
1538 1539 
1540 1540 
1540 1541 
1541 1542 
1542 1542 
1542 1543 
1543 1544 
1544 1544 
1544 1545 
1545 1546 
1546 1546 
1547 1547 
1548 1548 
1548 1548 
1548 1548 
1548 1549 
1549 1550 
1550 1551 
1551 1551 
1551 1552 
1552 1552 
1552 1552 
1553 1553 
1553 1553 
1553 1554 
1554 1555 
1555 1555 
1555 1556 
1556 1556 
1556 1557 
1557 1558 
1558 1558 
1559 1559 
1559 1560 
1561 1562 
1563 1563 
1563 1563 
1563 1564 
1564 1564 
1564 1564 
1565 1565 
1565 1565 
1565 1566 
1566 1567 
1567 1567 
1568 1568 
1568 1568 
1569 1570 
1570 1570 
1570 1571 
1572 1572 
1572 1572 
1573 1574 
1574 1574 
1575 1575 
1575 1575 
1576 1576 
1576 1576 
1577 1577 
1578 1579 
1579 1579 
1580 1580 
1580 1580 
1580 1580 
1580 1581 
1581 1582 
1582 1583 
1584 1585 
1585 1585 
1585 1586 
1586 1586 
1586 1587 
1587 1587 
1588 1588 
1589 1589 
1589 1589 
1590 1590 
1590 1590 
1590 1590 
1590 1591 
1591 1592 
1592 1592 
1592 1593 
1593 1594 
1594 1596 
1596 1597 
1597 1597 
1598 1600 
1600 1600 
1601 1602 
1602 1603 
1603 1603 
1604 1604 
1604 1604 
1605 1605 
1606 1606 
1606 1607 
1607 1608 
1609 1609 
1609 1609 
1609 1610 
1610 1611 
1611 1612 
1612 1612 
1612 1612 
1613 1613 
1613 1613 
1613 1614 
1614 1615 
1615 1615 
1615 1615 
1615 1615 
1615 1615 
1616 1616 
1617 1618 
1618 1618 
1619 1619 
1619 1621 
1622 1622 
1623 1623 
1624 1624 
1624 1624 
1625 1625 
1625 1625 
1625 1626 
1626 1626 
1626 1627 
1627 1628 
1628 1629 
1629 1629 
1629 1629 
1630 1630 
1631 1631 
1632 1632 
1632 1632 
1632 1633 
1633 1633 
1633 1633 
1633 1634 
1635 1635 
1636 1636 
1637 1638 
1638 1639 
1639 1640 
1640 1640 
1640 1640 
1641 1641 
1642 1642 
1642 1642 
1643 1643 
1643 1645 
1645 1646 
1646 1647 
1647 1647 
1648 1648 
1648 1649 
1650 1650 
1651 1651 
1651 1652 
1652 1653 
1653 1654 
1655 1655 
1655 1656 
1656 1657 
1657 1657 
1657 1658 
1659 1660 
1660 1660 
1661 1662 
1662 1663 
1663 1663 
1664 1664 
1665 1666 
1666 1666 
1666 1667 
1668 1668 
1668 1668 
1669 1669 
1669 1669 
1669 1670 
1670 1671 
1671 1671 
1671 1672 
1672 1672 
1672 1673 
1673 1673 
1674 1674 
1675 1675 
1675 1675 
1675 1675 
1676 1676 
1676 1676 
1677 1677 
1677 1677 
1678 1678 
1678 1678 
1678 1679 
1679 1679 
1679 1680 
1680 1680 
1681 1681 
1681 1681 
1682 1682 
1683 1683 
1683 1683 
1684 1684 
1684 1684 
1684 1684 
1685 1685 
1685 1685 
1685 1686 
1686 1686 
1686 1687 
1688 1688 
1688 1688 
1688 1688 
1688 1689 
1689 1690 
1690 1690 
1691 1691 
1691 1691 
1692 1692 
1692 1692 
1692 1692 
1692 1693 
1693 1693 
1694 1694 
1694 1694 
1694 1694 
1695 1695 
1695 1696 
1696 1696 
1696 1697 
1698 1698 
1698 1698 
1698 1699 
1699 1699 
1700 1700 
1700 1700 
1700 1701 
1702 1702 
1702 1702 
1703 1704 
1704 1705 
1705 1705 
1705 1705 
1706 1706 
1706 1706 
1707 1708 
1708 1708 
1708 1709 
1709 1709 
1710 1710 
1711 1711 
1711 1712 
1712 1712 
1712 1713 
1713 1713 
1714 1714 
1714 1715 
1715 1715 
1715 1715 
1715 1716 
1716 1717 
1717 1718 
1718 1718 
1719 1721 
1721 1722 
1723 1723 
1724 1724 
1725 1726 
1726 1726 
1726 1726 
1726 1726 
1726 1727 
1727 1727 
1728 1729 
1730 1730 
1730 1731 
1732 1732 
1732 1733 
1733 1733 
1734 1734 
1735 1735 
1736 1737 
1738 1738 
1738 1738 
1739 1739 
1740 1740 
1740 1740 
1741 1741 
1741 1741 
1742 1742 
1742 1743 
1743 1743 
1743 1745 
1746 1746 
1746 1746 
1746 1746 
1747 1748 
1748 1748 
1749 1749 
1750 1751 
1752 1752 
1752 1752 
1752 1753 
1753 1753 
1754 1754 
1754 1754 
1754 1755 
1755 1756 
1756 1756 
1756 1756 
1757 1757 
1757 1758 
1758 1758 
1759 1759 
1759 1760 
1760 1760 
1760 1761 
1761 1761 
1762 1762 
1762 1762 
1763 1763 
1764 1764 
1765 1765 
1765 1765 
1766 1767 
1767 1767 
1768 1769 
1769 1769 
1770 1770 
1771 1771 
1771 1772 
1773 1773 
1774 1774 
1775 1775 
1775 1776 
1776 1776 
1776 1776 
1776 1777 
1777 1778 
1778 1778 
1778 1779 
1779 1779 
1780 1780 
1780 1780 
1780 1781 
1781 1781 
1782 1782 
1783 1783 
1783 1783 
1784 1784 
1784 1784 
1784 1784 
1785 1786 
1787 1787 
1787 1788 
1788 1788 
1789 1789 
1790 1790 
1790 1790 
1790 1791 
1791 1792 
1792 1793 
1793 1794 
1795 1795 
1795 1795 
1796 1796 
1796 1796 
1797 1797 
1798 1798 
1799 1800 
1800 1801 
1802 1802 
1802 1802 
1803 1803 
1804 1805 
1805 1807 
1808 1808 
1808 1808 
1809 1809 
1809 1810 
1811 1812 
1812 1813 
1813 1813 
1813 1814 
1814 1814 
1814 1814 
1814 1814 
1815 1815 
1816 1816 
1816 1818 
1818 1819 
1819 1819 
1819 1820 
1820 1820 
1820 1821 
1821 1821 
1821 1822 
1822 1822 
1822 1822 
1823 1823 
1823 1823 
1824 1824 
1824 1824 
1824 1824 
1825 1826 
1826 1826 
1826 1826 
1827 1827 
1827 1827 
1828 1828 
1828 1829 
1829 1829 
1829 1830 
1830 1831 
1831 1831 
1832 1832 
1832 1833 
1834 1834 
1834 1835 
1835 1835 
1835 1836 
1836 1836 
1836 1837 
1837 1837 
1837 1837 
1837 1838 
1838 1838 
1839 1839 
1839 1839 
1840 1840 
1840 1841 
1841 1841 
1841 1841 
1842 1842 
1842 1843 
1843 1843 
1843 1843 
1843 1843 
1844 1845 
1845 1846 
1846 1847 
1847 1847 
1848 1848 
1848 1848 
1849 1849 
1850 1850 
1850 1850 
1850 1851 
1851 1851 
1851 1852 
1852 1853 
1853 1853 
1853 1853 
1853 1854 
1855 1855 
1855 1855 
1855 1855 
1856 1857 
1858 1858 
1858 1858 
1859 1859 
1860 1861 
1861 1861 
1861 1861 
1861 1861 
1861 1861 
1861 1862 
1862 1863 
1864 1864 
1864 1864 
1865 1865 
1866 1866 
1866 1867 
1867 1868 
1868 1868 
1869 1869 
1869 1870 
1870 1870 
1870 1870 
1870 1870 
1870 1870 
1870 1871 
1871 1871 
1872 1872 
1872 1872 
1873 1873 
1874 1874 
1874 1874 
1874 1874 
1875 1875 
1875 1875 
1875 1876 
1876 1877 
1877 1878 
1878 1878 
1879 1880 
1880 1880 
1881 1881 
1881 1881 
1882 1882 
1882 1883 
1883 1883 
1883 1884 
1884 1884 
1884 1884 
1884 1884 
1885 1885 
1886 1886 
1887 1888 
1889 1890 
1891 1891 
1891 1891 
1891 1892 
1892 1892 
1893 1894 
1894 1894 
1895 1896 
1896 1896 
1897 1897 
1898 1898 
1898 1898 
1899 1900 
1900 1900 
1900 1901 
1901 1902 
1902 1902 
1903 1903 
1903 1903 
1904 1904 
1904 1905 
1905 1905 
1906 1906 
1906 1907 
1907 1907 
1908 1908 
1909 1910 
1910 1910 
1911 1911 
1911 1911 
1911 1911 
1912 1913 
1913 1914 
1914 1914 
1915 1915 
1915 1916 
1916 1916 
1917 1917 
1917 1917 
1917 1918 
1919 1919 
1920 1920 
1920 1920 
1921 1921 
1921 1922 
1922 1922 
1923 1923 
1923 1923 
1923 1924 
1925 1925 
1926 1926 
1926 1926 
1926 1927 
1928 1928 
1928 1928 
1928 1929 
1929 1929 
1930 1930 
1930 1930 
1931 1931 
1931 1931 
1932 1932 
1932 1932 
1933 1933 
1933 1934 
1934 1934 
1934 1934 
1935 1935 
1935 1936 
1936 1937 
1937 1938 
1938 1938 
1939 1939 
1939 1940 
1940 1940 
1940 1940 
1941 1942 
1942 1942 
1943 1943 
1943 1943 
1943 1943 
1944 1944 
1944 1944 
1944 1945 
1945 1946 
1946 1947 
1948 1948 
1948 1948 
1948 1949 
1949 1949 
1949 1951 
1951 1951 
1952 1952 
1953 1953 
1953 1953 
1954 1954 
1955 1956 
1956 1956 
1956 1956 
1957 1957 
1957 1958 
1958 1958 
1958 1958 
1958 1958 
1959 1959 
1959 1960 
1960 1960 
1961 1961 
1962 1963 
1964 1964 
1965 1965 
1965 1965 
1966 1966 
1967 1967 
1967 1967 
1967 1967 
1967 1967 
1969 1969 
1969 1969 
1969 1970 
1971 1971 
1971 1972 
1972 1973 
1973 1974 
1974 1974 
1974 1974 
1975 1975 
1976 1976 
1976 1976 
1977 1977 
1978 1978 
1978 1979 
1980 1980 
1980 1980 
1981 1983 
1983 1983 
1983 1983 
1984 1984 
1984 1984 
1984 1985 
1986 1986 
1987 1987 
1988 1988 
1988 1988 
1989 1989 
1989 1989 
1989 1989 
1990 1990 
1991 1991 
1992 1992 
1992 1993 
1993 1993 
1993 1994 
1994 1994 
1994 1995 
1995 1996 
1996 1996 
1997 1997 
1997 1998 
1999 1999 
1999 1999 
1999 1999 
2000 2000 
1437 380 
19 1074 
310 147 
838 1070 
500 1059 
1103 772 
1016 638 
1427 1908 
633 1029 
1088 1891 
649 1138 
1767 434 
570 609 
928 1322 
1483 127 
1219 496 
618 659 
956 1119 
1903 251 
537 1222 
1300 866 
979 958 
1421 3 
95 232 
1870 1943 
1314 1364 
481 1672 
410 172 
802 1192 
1113 59 
971 1330 
1554 1993 
548 1291 
1904 156 
1002 1119 
1974 568 
570 1372 
1843 1880 
437 493 
578 1129 
281 927 
1370 342 
604 1347 
1802 1853 
55 292 
864 1220 
1911 61 
469 1612 
1248 174 
642 1118 
1447 1654 
1845 1714 
336 1255 
1917 393 
610 965 
1324 1491 
862 719 
1324 1362 
1556 1050 
1390 1132 
1243 1593 
1845 413 
1025 100 
671 976 
248 716 
1039 1190 
1666 749 
1128 1674 
488 876 
1793 35 
200 1169 
1853 130 
374 1043 
1680 292 
365 385 
1852 26 
135 664 
1039 1774 
944 1588 
38 1043 
1389 1441 
1923 616 
323 209 
186 384 
451 469 
612 1403 
1896 1028 
1222 1568 
1784 673 
1198 336 
527 883 
1135 1329 
1354 1691 
697 706 
785 1957 
691 1560 
914 1640 
289 401 
1976 466 
1566 200 
653 1687 
1812 121 
727 1001 
1827 1535 
1756 100 
323 1798 
1839 1870 
1504 435 
810 313 
587 897 
964 1147 
1340 1525 
538 297 
551 1933 
520 693 
808 880 
1101 1984 
329 426 
1475 175 
500 1086 
1114 1155 
807 1014 
1965 19 
634 899 
1316 1861 
158 1580 
500 1273 
1447 1612 
1293 1645 
228 1044 
1544 51 
80 807 
374 761 
1032 1218 
1535 1949 
137 635 
918 1149 
311 354 
1171 1276 
1553 1618 
1821 583 
1195 1496 
1500 992 
1180 455 
705 1298 
1473 585 
764 789 
1690 180 
309 1756 
550 436 
489 1027 
1117 1257 
1368 956 
1316 1783 
1931 150 
223 345 
427 839 
1158 1329 
190 645 
1951 290 
646 701 
761 874 
1215 1958 
261 657 
1166 1311 
1323 1333 
1651 1652 
1743 78 
1413 1474 
347 371 
578 738 
564 895 
370 824 
838 1087 
1385 406 
1353 141 
319 1383 
1434 12 
321 765 
781 784 
275 56 
599 1918 
169 884 
1095 1470 
1546 1705 
135 1371 
1958 733 
1285 1482 
1859 59 
132 716 
1442 912 
1366 102 
1425 1133 
421 517 
843 1006 
1089 1156 
1417 1834 
970 126 
336 582 
740 1127 
1179 1944 
1250 1385 
1411 331 
723 948 
1265 1577 
610 1226 
160 319 
1130 328 
824 1954 
5 581 
1609 1513 
1391 1826 
117 568 
1358 1456 
1851 1270 
161 1653 
397 1830 
302 1474 
1491 1508 
1641 1285 
1331 28 
489 584 
1302 1640 
1926 407 
1181 1874 
1904 96 
473 759 
1380 547 
564 576 
732 1018 
145 424 
532 1121 
1283 1315 
152 305 
501 590 
892 1438 
475 1022 
230 526 
626 1001 
1586 252 
478 635 
646 748 
1107 1823 
131 317 
1289 1824 
310 858 
624 1680 
23 555 
1612 535 
40 1791 
92 877 
1155 1557 
1633 1958 
623 841 
1365 1754 
1186 1797 
111 188 
327 1037 
1154 1765 
1929 194 
372 645 
1378 339 
816 992 
1713 1943 
467 1113 
65 1390 
1813 1823 
1668 180 
951 1185 
1539 118 
584 506 
850 223 
504 1000 
1316 1479 
532 942 
944 1048 
1773 181 
1362 513 
1522 1981 
717 792 
896 1309 
714 964 
1944 203 
1779 55 
77 999 
1795 831 
966 1293 
1579 365 
1575 1829 
199 1156 
967 1033 
1171 1861 
292 1086 
1103 64 
246 552 
671 843 
998 1128 
1403 252 
1381 1408 
1961 223 
355 1389 
288 1957 
404 1374 
1670 1783 
1586 1852 
1284 1565 
263 321 
873 921 
1437 1668 
1841 1754 
1769 769 
1249 1474 
998 1401 
311 1166 
1748 117 
192 212 
859 988 
1603 1611 
289 856 
347 99 
399 942 
1440 628 
629 708 
164 375 
1411 19 
395 480 
679 1178 
1840 1904 
1923 319 
541 994 
1476 1552 
1715 1795 
456 1847 
453 597 
1495 1521 
788 915 
442 277 
964 280 
1976 535 
969 1415 
1874 1961 
480 1269 
603 1129 
1139 1641 
1719 861 
969 1734 
1740 1843 
209 742 
1286 1325 
1864 52 
793 542 
1567 252 
371 1732 
15 1237 
1421 1932 
167 211 
250 592 
626 655 
668 979 
1903 329 
1387 1781 
395 1084 
1456 1486 
1969 1021 
1093 1699 
1903 961 
1265 1555 
913 431 
477 519 
1048 1967 
1986 120 
605 1499 
340 396 
525 631 
1143 1544 
1625 1886 
217 693 
715 1572 
1824 310 
461 1149 
1531 919 
953 1746 
1865 1458 
1486 1698 
1779 279 
732 336 
1592 292 
639 774 
1370 563 
800 1108 
1430 350 
804 896 
954 1819 
518 840 
1575 1944 
1235 1319 
1715 1849 
128 526 
1175 1478 
1907 1874 
239 309 
1027 1207 
267 588 
811 240 
396 1576 
32 306 
637 1164 
1235 1365 
1568 1864 
632 662 
725 1215 
1484 1675 
1700 1829 
866 886 
1556 1861 
1411 1531 
1572 1780 
213 75 
225 383 
590 119 
322 1462 
449 499 
1418 1493 
35 58 
208 269 
650 850 
1741 1100 
391 456 
544 770 
833 1190 
1760 942 
1131 1300 
86 940 
318 1142 
1338 612 
613 1027 
154 1034 
1541 1774 
327 399 
807 1039 
1139 1194 
1792 1388 
1964 161 
487 1406 
282 447 
888 1395 
1383 442 
1966 111 
277 434 
1081 1917 
4 170 
264 820 
896 1382 
1624 1738 
103 221 
1767 1795 
777 84 
861 1420 
1638 590 
752 971 
1065 1922 
1267 169 
947 1569 
299 790 
839 126 
145 233 
854 1870 
734 785 
127 217 
823 1147 
290 1306 
63 80 
586 1867 
1220 842 
1613 180 
303 400 
1488 1507 
1555 1679 
1986 146 
1391 1564 
89 253 
495 1626 
644 697 
1441 143 
611 874 
947 1461 
1917 382 
653 708 
1619 466 
985 1559 
1788 43 
69 141 
268 838 
461 1080 
1377 1551 
183 378 
490 1511 
1742 262 
1505 550 
979 34 
1997 1675 
1828 1597 
1754 1809 
117 534 
792 945 
1360 1366 
1718 730 
738 1520 
1881 122 
227 1032 
1095 1505 
1564 1693 
1739 1230 
494 272 
648 1567 
1677 1827 
740 883 
1362 1615 
1838 1684 
1759 1779 
1796 1935 
103 873 
1671 212 
813 1178 
1246 751 
1541 1740 
1304 1523 
1724 1888 
1957 696 
1001 897 
1815 719 
819 1224 
582 1759 
363 550 
607 621 
739 772 
1618 1754 
362 1285 
1694 1752 
417 880 
962 1106 
1939 58 
202 554 
686 1995 
1330 1338 
1848 1992 
1495 704 
627 1463 
1818 1948 
124 996 
1220 1398 
1980 122 
250 664 
803 1110 
1395 1734 
182 756 
843 955 
1808 1988 
513 1558 
56 101 
425 727 
912 231 
1083 1368 
1636 1841 
945 339 
450 1290 
1353 1648 
420 2 
1546 1948 
1648 332 
542 289 
829 1247 
1545 1638 
65 425 
804 1430 
1994 58 
466 947 
1253 1931 
465 636 
720 402 
551 756 
805 912 
928 1052 
1128 1501 
294 507 
1098 1263 
1575 1944 
44 527 
892 999 
1382 536 
1615 232 
254 558 
1927 262 
280 1337 
1449 1508 
153 995 
1022 1040 
1273 588 
1685 1726 
1851 228 
303 1103 
327 853 
1255 1660 
75 1643 
1712 389 
509 702 
214 959 
1548 1880 
1970 807 
1956 125 
157 516 
1181 1666 
1708 22 
743 790 
1510 50 
1144 1168 
1678 1220 
1601 1536 
597 364 
523 849 
1985 1853 
630 1094 
1111 1461 
1919 379 
738 1186 
139 771 
1152 1728 
478 886 
557 1331 
160 1063 
1762 1851 
374 384 
672 891 
1287 1723 
90 853 
117 958 
1549 1576 
1082 1122 
1055 1374 
1837 259 
732 1123 
1277 586 
594 704 
1612 1733 
11 309 
1626 82 
1248 1859 
113 449 
715 799 
853 1146 
1400 31 
921 923 
1401 827 
960 1718 
1959 845 
1070 238 
308 1334 
1688 950 
991 1462 
1381 1688 
1021 1735 
306 621 
1947 558 
710 926 
291 436 
532 378 
1200 1681 
66 516 
1613 719 
1370 1433 
1552 1758 
1800 236 
577 1576 
524 1013 
108 1173 
1184 1439 
235 294 
1282 1120 
1127 1602 
1678 483 
581 697 
935 1625 
1931 1336 
264 337 
699 708 
904 1230 
528 1050 
1218 940 
1740 1856 
1453 1686 
387 1254 
1531 76 
334 385 
185 624 
664 684 
935 1809 
748 1010 
1726 38 
66 557 
939 1594 
1615 1847 
1878 916 
1242 1254 
1296 668 
1356 1405 
1524 158 
932 936 
1489 1558 
1801 1886 
1679 1944 
162 816 
1324 1493 
714 1178 
1893 259 
1117 167 
422 1008 
1757 794 
1288 1785 
1840 232 
243 726 
21 1190 
1505 1898 
459 755 
554 1425 
557 690 
754 1402 
1606 305 
675 820 
1507 54 
544 663 
1119 1204 
1676 113 
156 1435 
339 616 
835 1762 
1872 1980 
1999 31 
698 922 
1385 1451 
1521 349 
943 1250 
329 1570 
1956 13 
801 1338 
1484 833 
1236 1019 
1921 291 
1072 6 
92 97 
870 1060 
1524 161 
521 764 
1253 659 
1133 1475 
1661 192 
508 994 
1007 1409 
1586 1814 
191 1243 
1700 391 
1292 504 
851 975 
1508 402 
1343 1437 
618 1301 
1372 1526 
195 373 
1126 1841 
1864 824 
948 1924 
408 451 
595 854 
1319 1332 
139 711 
959 1019 
273 628 
1811 1956 
259 1220 
87 1264 
1761 501 
567 1452 
1828 417 
1251 1333 
1582 1619 
1910 454 
875 1237 
262 794 
1078 1360 
1559 164 
275 69 
393 1029 
462 1633 
1504 1551 
1881 741 
1629 666 
827 1485 
1592 1794 
160 193 
449 1393 
1604 1884 
1209 1230 
345 657 
932 1434 
1993 173 
241 1434 
1476 394 
573 1479 
1835 15 
788 1486 
1948 85 
1145 1589 
1989 834 
915 1668 
1254 234 
899 1297 
1923 249 
382 1047 
1225 1264 
1822 1824 
703 1117 
294 488 
1907 569 
1312 1892 
1424 1461 
159 1188 
27 942 
1012 1382 
1958 572 
1032 1501 
112 341 
362 768 
1293 1470 
1590 1660 
1767 1843 
1897 86 
389 1156 
209 743 
1609 1328 
1390 1435 
1762 1897 
365 484 
635 916 
1165 1598 
1757 172 
1061 1160 
1752 655 
837 423 
469 485 
1444 1711 
395 448 
733 1178 
1210 1472 
1925 1647 
1842 824 
1230 594 
1498 1662 
1685 271 
931 1145 
1570 1606 
123 159 
812 672 
699 937 
874 1497 
521 757 
1092 1326 
1678 29 
150 1039 
1898 545 
870 1183 
1928 11 
29 1180 
1625 1715 
1787 804 
1052 1113 
549 536 
594 1515 
1294 1671 
159 896 
1182 453 
771 984 
1721 31 
122 849 
924 1705 
1809 1220 
1542 1676 
147 459 
589 1076 
1077 1643 
141 361 
930 1052 
104 708 
1743 156 
190 730 
1520 1793 
110 971 
1240 1293 
1301 323 
433 919 
934 1008 
1672 84 
279 398 
1770 1854 
581 1796 
161 289 
314 1317 
725 1029 
1891 252 
1101 1327 
1338 1579 
1712 1894 
740 1492 
1695 433 
562 573 
676 516 
805 1281 
848 1000 
1099 1183 
1205 236 
416 1062 
883 130 
730 747 
799 712 
1142 1373 
1517 1715 
1752 1864 
1565 244 
870 1030 
1689 34 
691 1262 
261 876 
626 731 
362 1221 
1999 656 
1299 11 
648 1095 
1777 44 
144 667 
917 1315 
331 718 
978 1468 
1713 66 
300 301 
875 919 
62 490 
642 778 
857 1375 
1515 1531 
1649 13 
511 1376 
1668 1781 
1813 362 
447 650 
929 1365 
1424 1866 
177 1463 
171 467 
828 996 
727 854 
1723 164 
252 606 
649 673 
875 369 
1577 1997 
229 518 
1640 229 
1051 1079 
1422 419 
639 262 
1030 1171 
1671 1943 
284 933 
1692 9 
1475 1867 
95 962 
1036 1309 
102 167 
554 1778 
387 668 
1281 1315 
1562 1838 
282 755 
1068 8 
648 1010 
1302 1499 
1771 269 
630 1973 
1997 768 
783 1038 
1198 40 
616 768 
882 1065 
1823 827 
838 330 
1334 118 
182 691 
820 1875 
119 167 
793 1008 
815 1112 
1855 350 
609 638 
739 1127 
1648 10 
626 292 
621 1058 
1816 781 
77 332 
785 1805 
1104 1502 
252 556 
872 1585 
608 1316 
120 534 
1143 1227 
1826 1942 
795 13 
502 1072 
1530 1555 
1870 1875 
661 771 
1765 660 
1006 1163 
284 1536 
1632 1633 
1639 1676 
488 1191 
59 371 
467 1119 
1342 938 
1064 1976 
531 825 
1651 610 
252 472 
636 691 
812 841 
1883 51 
209 863 
1682 425 
565 68 
626 943 
1371 487 
982 1702 
1870 594 
1273 1337 
1380 1846 
1697 1869 
1017 232 
1444 1310 
1432 1902 
805 1138 
1733 750 
754 1392 
1796 881 
1368 467 
1115 1392 
365 969 
1095 1688 
902 1379 
1412 1590 
1870 1032 
1863 1911 
1994 485 
912 1287 
73 604 
645 668 
976 1659 
1688 1949 
1084 1916 
87 263 
962 1538 
1884 1996 
791 969 
1392 1710 
1958 358 
1459 1531 
71 330 
459 778 
817 936 
1051 1384 
493 461 
565 827 
1673 952 
119 1430 
402 765 
1269 543 
877 918 
979 1387 
1574 368 
433 108 
1814 1949 
72 724 
1334 1120 
1126 1200 
1336 1459 
1483 1822 
229 333 
461 583 
833 1462 
1553 1027 
448 1159 
1428 1548 
517 1310 
1487 1693 
601 892 
1192 1214 
198 476 
836 1147 
1951 263 
436 1899 
52 135 
750 1699 
1727 197 
611 902 
1277 1965 
46 360 
452 976 
1669 387 
1222 1313 
1590 1434 
143 1548 
1580 706 
1632 1683 
1725 284 
591 737 
1523 1908 
480 1101 
78 374 
625 841 
1234 735 
1258 1509 
1905 346 
584 599 
826 1097 
1451 606 
159 267 
432 1698 
134 558 
1008 1813 
320 1276 
728 942 
1251 1690 
742 1855 
725 1748 
1928 122 
346 420 
744 1855 
1862 362 
648 1932 
141 352 
593 965 
1169 1267 
530 1493 
1616 246 
736 1128 
410 552 
788 738 
1070 1358 
1563 1513 
599 1872 
1881 167 
468 1777 
53 888 
1350 1695 
682 716 
843 356 
1067 1708 
1842 314 
795 1183 
1479 485 
682 804 
1482 483 
637 1135 
1896 372 
389 819 
898 948 
1079 567 
877 1514 
1911 1373 
158 814 
1626 101 
119 941 
910 1115 
1368 110 
501 1043 
1604 127 
702 1400 
1712 1717 
1553 1861 
550 640 
642 1086 
1790 219 
1395 294 
789 1833 
421 577 
660 806 
939 1396 
1987 7 
362 1056 
1215 1356 
269 1517 
1952 1563 
1874 312 
1738 616 
697 970 
1580 1660 
1988 782 
1297 1630 
1871 1990 
1230 1511 
127 651 
894 1209 
779 1818 
640 1099 
1166 1613 
1882 1934 
127 823 
1099 1219 
1935 72 
320 653 
1381 237 
537 743 
110 770 
1089 1221 
1751 318 
410 1960 
695 1843 
197 345 
1677 248 
646 1253 
479 525 
658 752 
1363 1385 
1450 1624 
1881 849 
930 1201 
1436 1441 
1824 436 
599 1790 
1820 271 
1251 496 
1053 1369 
23 834 
1343 1396 
1877 1999 
371 817 
866 1040 
1065 1174 
1415 272 
384 571 
754 1465 
390 595 
681 771 
887 1318 
1853 94 
100 303 
405 1673 
1707 87 
918 1466 
83 1069 
279 1647 
564 668 
841 1315 
1749 355 
1015 759 
1103 1242 
1653 647 
1046 1287 
1583 184 
475 823 
697 803 
1787 1076 
1428 1700 
360 756 
310 487 
645 1134 
1180 1204 
1379 1435 
1797 1249 
1675 1771 
321 784 
816 124 
146 515 
561 1112 
1764 666 
730 1279 
1388 439 
531 643 
699 624 
1792 383 
1379 1407 
1692 1650 
1953 201 
888 909 
1956 294 
497 708 
1098 1943 
539 802 
1746 490 
1920 714 
556 5 
124 336 
643 1294 
117 318 
954 1669 
273 177 
668 727 
812 1337 
326 851 
1109 139 
210 372 
750 1442 
1826 897 
1057 441 
871 991 
1089 1291 
1123 1484 
596 971 
1170 1872 
1971 417 
578 797 
1080 191 
292 977 
1802 508 
842 1066 
1361 1521 
400 426 
436 319 
516 625 
1218 225 
964 1091 
616 1355 
170 224 
1681 1702 
1940 1067 
1696 245 
313 1156 
1257 45 
1870 671 
947 1400 
1544 1663 
36 875 
1306 1345 
1898 1241 
16 285 
803 1861 
1926 905 
1260 1816 
966 1930 
1117 500 
569 603 
1679 845 
1325 1535 
655 1403 
217 354 
119 331 
566 1773 
524 614 
626 864 
1114 1146 
54 605 
916 1034 
1151 1177 
1674 175 
703 757 
909 1076 
883 1820 
88 364 
1917 683 
1251 1837 
1914 642 
69 352 
598 879 
131 1928 
285 422 
1280 806 
306 749 
831 1279 
1552 425 
1457 1493 
161 393 
713 1095 
1333 1563 
1834 781 
1295 1669 
123 938 
1519 197 
272 310 
576 1243 
84 359 
844 1841 
756 1091 
1878 95 
541 1580 
1866 1921 
953 1143 
1590 688 
718 1282 
1064 461 
867 1017 
1837 1173 
1624 1912 
831 877 
1148 762 
985 1150 
1531 1884 
1278 1761 
136 374 
390 690 
1270 258 
74 1223 
237 539 
470 554 
876 610 
1603 1814 
102 703 
808 1294 
1407 265 
586 614 
217 438 
1243 493 
1512 1868 
1926 438 
1766 578 
1821 1214 
448 1835 
32 1329 
1398 11 
390 1757 
621 1412 
1662 582 
797 1338 
563 1136 
1239 1359 
1807 473 
534 1232 
1328 1354 
1960 632 
1019 1776 
1915 586 
459 467 
473 697 
1580 565 
1106 665 
895 1832 
469 771 
975 1105 
1475 298 
463 1151 
761 1027 
1380 1572 
1900 193 
228 296 
548 735 
1681 1764 
494 673 
60 193 
1243 1413 
1467 1494 
1680 1786 
345 377 
1587 1159 
317 331 
385 863 
143 515 
756 1296 
1548 1288 
1991 444 
1129 1308 
1692 188 
1425 1566 
700 1940 
265 900 
1348 1550 
1581 272 
839 1148 
372 13 
115 1374 
17 427 
404 517 
1746 1855 
439 1006 
1735 1839 
1959 257 
1548 364 
634 694 
1934 1305 
1756 84 
198 239 
856 1153 
1607 44 
740 201 
868 1079 
205 1234 
241 245 
686 695 
972 1191 
140 778 
1491 1975 
26 314 
585 848 
969 508 
939 1937 
51 691 
719 1098 
1287 1372 
850 1760 
611 1128 
1498 1782 
16 252 
341 703 
1366 1635 
1699 675 
1225 1296 
1724 1882 
577 1185 
1202 335 
910 1568 
1799 1306 
1675 1999 
224 1340 
1397 1256 
1387 1853 
1880 997 
1410 444 
845 107 
184 1298 
1133 1160 
1353 1692 
1722 234 
504 397 
1686 1891 
370 624 
1014 1508 
1546 1657 
1835 1896 
1935 990 
1101 1370 
1967 210 
220 1266 
1827 200 
393 1002 
1384 1685 
1702 1741 
192 596 
1494 1696 
1992 78 
164 358 
1092 1267 
1352 1738 
28 999 
1018 1632 
1181 139 
661 960 
504 1938 
478 586 
646 733 
1885 1901 
468 638 
1187 1726 
1248 548 
1201 1478 
1670 454 
94 996 
1173 1188 
1604 813 
1602 7 
1078 678 
906 159 
1002 1232 
498 517 
933 1152 
1789 1802 
1928 1217 
255 446 
1250 1325 
1377 163 
397 1386 
1738 1163 
1468 1483 
1451 50 
1262 1542 
113 278 
301 709 
941 1299 
1910 67 
1215 9 
527 591 
1548 603 
631 1553 
1874 1150 
1776 101 
347 549 
689 1984 
205 1533 
302 876 
1072 1632 
1409 1694 
634 1209 
1336 1983 
180 1181 
1360 640 
1124 52 
59 303 
568 1040 
397 803 
1039 1042 
1615 1284 
1914 1930 
1040 1103 
1942 56 
61 764 
1375 1836 
1875 99 
1518 1701 
1712 1714 
815 1614 
1709 1732 
542 193 
259 1691 
1884 1189 
47 462 
1179 629 
697 1267 
1948 390 
571 582 
1237 1276 
1607 1672 
801 1097 
1406 430 
1716 772 
1402 1423 
1533 844 
1494 1775 
650 1394 
6 1467 
1873 500 
1665 555 
597 424 
665 903 
1432 1504 
315 642 
803 1156 
1705 851 
751 860 
1454 637 
1123 1639 
810 1709 
5 441 
744 1923 
1972 1091 
499 659 
1034 1332 
1692 3 
1295 1496 
1584 1717 
581 818 
877 1281 
1752 581 
525 1016 
1468 1776 
1993 629 
756 966 
338 849 
309 1479 
429 1626 
1902 375 
254 692 
1705 1929 
1784 1870 
92 208 
768 124 
1469 9 
139 789 
845 1651 
1397 856 
898 1071 
1206 567 
1001 256 
1693 419 
1095 1503 
1576 131 
347 609 
686 893 
1094 1755 
1784 730 
1053 392 
833 976 
1343 596 
783 784 
1678 1984 
293 88 
592 726 
997 1257 
1973 6 
208 399 
814 1042 
1505 654 
1596 939 
1776 1900 
364 937 
1512 1573 
1671 1911 
167 1386 
1593 1684 
271 1954 
842 1145 
1235 371 
419 647 
824 1254 
1585 24 
185 571 
1768 93 
875 1932 
684 762 
1289 113 
477 543 
869 1393 
40 1932 
13 28 
488 664 
1371 457 
707 1450 
1765 1841 
1974 160 
1869 429 
1439 432 
846 1068 
1920 1038 
1216 513 
707 141 
457 648 
53 210 
390 742 
978 1439 
31 244 
950 1268 
1558 1642 
145 1463 
1498 1564 
1635 296 
48 138 
502 993 
1318 1424 
1615 1989 
820 1179 
69 755 
931 1196 
1655 1666 
1331 1511 
10 681 
1943 244 
303 1983 
299 601 
262 657 
900 1269 
1704 413 
538 563 
1109 1339 
436 875 
1285 84 
321 714 
1532 1708 
909 954 
102 264 
1319 910 
1031 1587 
1870 876 
940 421 
1019 1263 
1605 964 
1181 1746 
180 1478 
93 175 
1452 139 
204 551 
861 1065 
1884 1321 
1505 117 
710 946 
555 993 
1441 1501 
1940 1980 
1449 1706 
1265 1383 
1663 661 
1023 1628 
1934 282 
1780 554 
120 221 
783 1360 
413 1575 
55 740 
1847 848 
1614 1830 
103 206 
631 1536 
1917 455 
908 1014 
803 1581 
1783 1916 
275 1749 
1269 1834 
1871 876 
1726 232 
355 476 
558 1545 
1711 141 
1050 1134 
1842 107 
570 820 
1417 1517 
1694 1753 
157 408 
1005 1037 
1153 576 
1742 1969 
569 596 
752 1352 
455 189 
984 179 
420 1309 
1819 1010 
1267 547 
1014 1458 
1879 1049 
1609 1754 
52 294 
482 1493 
663 969 
1491 1921 
23 713 
1621 1778 
1819 1858 
303 104 
1790 1136 
1445 1820 
68 640 
1440 1808 
450 707 
797 1012 
984 1240 
488 820 
1407 1926 
596 1269 
1688 1091 
1265 1753 
278 1570 
1765 1769 
1475 533 
781 1036 
1547 559 
1457 1271 
1360 713 
925 1241 
1784 119 
284 773 
1028 1860 
1124 1020 
1826 101 
462 854 
1553 12 
784 1820 
36 325 
370 414 
519 579 
1435 607 
789 1493 
15 67 
720 914 
1373 1389 
360 542 
982 1284 
1522 1551 
1608 1843 
1876 144 
1268 657 
1489 1514 
1848 348 
461 533 
561 780 
1305 1552 
1960 932 
1018 1335 
1645 727 
967 1529 
1956 274 
282 1109 
497 251 
524 1052 
1312 1451 
1967 931 
585 1202 
1378 1504 
1713 865 
1214 1870 
470 814 
48 506 
896 921 
944 1778 
1790 1796 
1883 355 
1544 383 
1389 1623 
39 435 
1011 219 
822 142 
494 1021 
1589 523 
735 800 
881 1709 
386 501 
793 1367 
465 470 
540 1112 
1462 43 
400 1578 
1865 1999 
989 1312 
1726 1996 
113 861 
1102 1664 
1885 728 
1411 1977 
867 604 
1026 1760 
1931 392 
1152 1372 
1551 1721 
520 542 
1427 1755 
143 257 
1162 1206 
1629 1683 
1978 998 
316 740 
1001 1051 
1187 1540 
1600 1826 
1129 1226 
1894 243 
702 1143 
1176 1205 
1689 151 
912 1278 
1212 97 
397 676 
1883 103 
734 1052 
1913 432 
718 1600 
911 1270 
1782 1906 
826 889 
1804 886 
1319 1819 
595 636 
1076 456 
902 1658 
1998 160 
1323 216 
1041 1225 
134 155 
363 1146 
1397 1633 
1855 247 
1733 1831 
425 690 
815 976 
1511 479 
949 1702 
169 1115 
1714 1795 
378 1610 
1905 27 
845 507 
1310 98 
201 550 
585 574 
838 918 
1416 1684 
1999 894 
1074 1392 
1989 470 
948 982 
541 779 
1393 1760 
108 992 
1706 1989 
608 1027 
15 296 
1529 512 
585 156 
638 1616 
1827 357 
1549 963 
1230 322 
864 987 
1758 1403 
1408 1409 
1615 1900 
950 1327 
197 634 
1186 1455 
680 711 
1292 1533 
120 1974 
545 1237 
1256 720 
1877 20 
160 610 
636 812 
1839 95 
115 192 
656 1688 
1850 1974 
590 1495 
1700 1953 
806 1133 
1784 1803 
274 516 
1149 1280 
1157 1332 
11 1565 
1967 120 
1283 44 
46 475 
1515 247 
871 1021 
567 1580 
1810 592 
1308 1814 
553 932 
1489 69 
117 927 
26 366 
1534 155 
423 1137 
516 1072 
1321 120 
523 893 
1335 1814 
1996 442 
644 706 
1622 1232 
1333 1969 
460 707 
1036 1853 
396 676 
841 1594 
1784 1791 
299 366 
496 592 
930 1780 
1145 84 
988 1377 
664 1952 
510 802 
1098 1433 
1657 864 
1612 1858 
1613 34 
953 1729 
1382 1808 
749 1934 
1396 1588 
1001 1183 
125 378 
993 1538 
70 932 
857 472 
773 1521 
1949 1615 
150 744 
931 345 
525 1037 
1167 1213 
1664 1775 
851 46 
194 352 
1627 1861 
1993 795 
20 177 
283 621 
1633 1634 
1775 136 
345 980 
1516 1253 
113 375 
683 762 
801 32 
270 452 
997 1685 
132 673 
1119 29 
512 976 
1263 601 
758 1223 
214 430 
956 1831 
616 1043 
1377 618 
1683 1726 
338 1021 
1340 1375 
182 1240 
1471 688 
820 829 
1392 1416 
158 676 
941 1512 
1684 211 
445 786 
1531 310 
393 548 
1349 1462 
1835 126 
307 1162 
1508 1739 
697 999 
1971 1987 
124 142 
493 795 
1022 1107 
253 703 
989 1646 
304 826 
1683 61 
212 1223 
1247 1468 
1963 47 
186 553 
149 328 
1753 682 
684 695 
1295 1379 
1695 1873 
532 1117 
1297 1972 
1058 1846 
306 371 
769 1428 
1850 771 
802 1351 
988 1090 
1285 1824 
370 927 
1502 436 
765 863 
220 438 
2000 485 
1056 66 
210 872 
1307 1762 
1627 472 
1429 1958 
305 1054 
1411 829 
918 1204 
1455 211 
1307 1529 
1574 1872 
504 1035 
1307 990 
142 231 
286 1258 
1406 688 
929 121 
944 241 
803 1681 
1930 1294 
1379 139 
1180 291 
1875 313 
17 251 
1604 1915 
629 1861 
1056 546 
621 1133 
1743 1745 
137 484 
951 1509 
1572 8 
1264 1965 
710 818 
1395 1405 
271 384 
701 1778 
1556 1805 
680 1064 
452 1344 
126 534 
535 722 
489 553 
821 1220 
1836 797 
1855 1 
217 510 
161 1731 
1839 1919 
455 1122 
1128 1517 
228 1198 
61 330 
797 1160 
135 843 
1942 557 
679 1520 
1586 1197 
1978 41 
97 1953 
1991 396 
1161 795 
1120 1736 
493 730 
1024 1238 
522 1155 
1926 464 
1067 1309 
1407 1460 
150 254 
891 1210 
1741 1911 
266 1188 
696 707 
1984 1455 
1887 1936 
331 419 
546 290 
444 708 
1254 1382 
369 623 
1130 1540 
1655 804 
808 944 
1059 1858 
1929 611 
1023 1078 
1389 1087 
1540 131 
550 1378 
1700 1776 
559 1868 
108 1618 
1946 121 
154 219 
1684 1798 
90 502 
633 939 
1208 1953 
234 535 
1672 275 
1012 1154 
192 536 
753 1081 
1625 1955 
134 754 
11 707 
1023 1790 
1891 284 
496 846 
531 254 
266 537 
1629 711 
327 473 
1228 1328 
44 154 
970 1191 
1698 593 
291 475 
741 891 
1190 1221 
1761 944 
1000 1057 
1590 236 
367 1317 
1727 1967 
105 1074 
566 562 
978 1130 
1522 1974 
261 638 
106 1892 
390 549 
1160 654 
1399 1094 
1691 81 
529 1064 
1240 1965 
340 347 
482 1103 
1157 1565 
327 487 
154 396 
508 996 
1383 728 
1425 1519 
411 339 
780 1137 
1287 1692 
922 1106 
1380 1822 
148 746 
757 1228 
1989 573 
616 1324 
1836 1366 
601 774 
1180 1439 
1045 1868 
895 1509 
1579 346 
584 1444 
236 493 
852 1356 
1848 195 
1225 1498 
357 725 
472 500 
84 512 
1564 1940 
1570 1234 
1300 1408 
659 1711 
264 286 
465 616 
696 910 
1381 1147 
1843 1033 
1056 1310 
1330 79 
101 871 
1937 415 
662 1171 
694 1353 
1637 189 
1267 1464 
1469 302 
356 579 
1026 1559 
1609 1591 
1656 99 
262 863 
1246 383 
1178 131 
380 996 
1209 1878 
404 710 
723 948 
961 1029 
1677 428 
1304 953 
1851 338 
529 1225 
1263 234 
452 889 
1230 1642 
103 708 
767 1030 
1218 26 
1580 257 
327 659 
1976 46 
285 1431 
1850 175 
1585 373 
473 1129 
335 525 
1542 73 
1643 636 
744 775 
893 1605 
1964 328 
347 1130 
1526 1675 
216 602 
1322 1505 
1861 76 
951 249 
351 1690 
67 283 
985 1869 
317 495 
563 1207 
1528 1994 
263 286 
941 1426 
1106 703 
1408 1906 
202 273 
392 1168 
280 428 
453 1094 
143 627 
1255 201 
592 1519 
96 723 
778 899 
936 1326 
1554 953 
1174 523 
1597 815 
1074 655 
1112 1557 
1763 166 
215 504 
1444 945 
1150 1884 
60 1351 
538 1250 
1831 1900 
550 688 
720 900 
1494 1642 
1892 1543 
1861 268 
531 1630 
1631 49 
1107 469 
1337 1104 
1967 344 
1582 1606 
554 1267 
1277 1967 
414 458 
1015 224 
917 1730 
532 764 
1014 1421 
1152 1563 
486 563 
1597 964 
1052 1225 
147 552 
1189 1542 
1923 1290 
1726 224 
1903 38 
97 172 
433 1345 
326 451 
783 1346 
1619 1046 
1170 352 
394 469 
1040 1133 
1307 1357 
1625 1640 
741 1303 
1884 103 
362 1473 
333 523 
1613 1192 
1334 1667 
1247 1803 
310 795 
908 1677 
262 459 
570 1481 
1615 329 
434 759 
1082 1362 
1404 1163 
1629 530 
1265 1486 
1628 1821 
779 1592 
1592 1992 
662 724 
1002 1034 
1945 175 
528 662 
1285 1365 
1946 1365 
981 1130 
375 1940 
1538 313 
383 662 
1068 74 
156 628 
1615 1891 
154 244 
1129 1552 
1590 1889 
401 581 
1561 98 
1232 1387 
1686 560 
811 1756 
378 381 
648 617 
830 1994 
120 666 
1089 120 
1656 152 
814 41 
1136 1464 
1783 1543 
1652 996 
1344 1763 
1905 1282 
691 400 
550 778 
503 562 
929 863 
1162 1752 
1257 1360 
1060 52 
409 1136 
1706 1622 
187 217 
539 619 
719 839 
894 1920 
1948 214 
1012 354 
575 631 
1106 21 
586 1052 
1476 699 
807 1967 
53 876 
284 343 
822 987 
1564 1727 
488 580 
662 1848 
351 792 
1548 1624 
413 458 
567 1099 
1780 327 
474 870 
1737 57 
171 944 
450 859 
942 1415 
671 1945 
724 1265 
1376 1388 
353 1107 
1294 1380 
1474 1909 
398 562 
999 1370 
1837 464 
995 1646 
1920 77 
443 445 
687 691 
1205 1316 
1703 603 
1269 110 
735 1567 
70 1048 
1503 1925 
632 829 
950 993 
1073 1511 
1814 347 
711 1093 
363 1035 
1180 1748 
1828 1907 
593 749 
1392 860 
1000 1943 
1983 677 
266 732 
1491 1771 
1814 256 
716 981 
284 506 
818 1317 
1471 1045 
675 859 
999 1288 
1688 1143 
1756 131 
578 1065 
1084 1822 
1161 1298 
1666 1746 
807 409 
751 1147 
1832 1046 
1069 1252 
695 1966 
557 1178 
1530 401 
592 765 
1045 184 
611 1240 
42 1045 
1289 234 
274 570 
601 1930 
1962 1055 
1788 765 
1074 345 
439 1772 
244 577 
1263 993 
425 625 
357 983 
724 398 
468 1010 
1177 1256 
1376 1610 
1844 716 
1495 1675 
421 1348 
1603 1823 
1876 1438 
250 1046 
1890 433 
681 1286 
245 371 
446 960 
1450 1679 
310 777 
1001 1022 
347 1383 
245 356 
463 1910 
292 999 
1457 1866 
339 1182 
1939 120 
583 1424 
1959 1424 
265 834 
959 1153 
1706 1836 
1874 221 
737 1694 
812 1175 
1984 789 
363 555 
601 1076 
1663 1180 
1206 1391 
177 218 
344 362 
1189 1095 
1264 79 
111 963 
1647 1704 
478 554 
928 452 
1306 1941 
353 361 
1822 295 
977 1262 
1297 520 
911 1493 
424 490 
553 1403 
1585 1657 
824 942 
180 660 
1120 1207 
923 10 
311 550 
1113 218 
1207 1780 
588 1788 
638 822 
1698 1718 
193 874 
59 302 
1057 1360 
1365 933 
1031 1078 
1105 1471 
1871 609 
748 635 
1192 1243 
1430 199 
266 353 
286 1164 
1338 1678 
1769 253 
619 1824 
978 1278 
115 214 
1174 1655 
67 1085 
1095 1214 
1318 1337 
479 944 
570 817 
1916 335 
1716 1770 
1019 1978 
768 799 
1195 1245 
1483 174 
1337 303 
828 54 
584 531 
200 234 
311 1289 
353 589 
682 1245 
179 821 
80 1474 
985 452 
1938 473 
34 850 
1019 1922 
1318 1623 
1279 653 
1431 931 
372 1198 
1349 1990 
344 467 
578 1326 
518 77 
1938 186 
620 733 
1895 504 
705 917 
1327 1333 
1692 1698 
359 1829 
650 867 
1971 369 
782 272 
1186 1192 
1280 799 
879 1197 
1219 103 
924 1629 
1914 542 
707 1512 
1705 1759 
168 186 
642 1730 
169 263 
542 798 
1397 1781 
1951 149 
657 843 
1217 1267 
78 351 
998 1303 
343 522 
1694 202 
284 1815 
1934 153 
1170 1286 
1374 1589 
938 1708 
1928 770 
139 893 
1176 536 
926 996 
1382 1043 
1435 1515 
1746 430 
881 906 
1685 1838 
1898 352 
636 1837 
80 960 
1315 1438 
232 479 
1850 217 
375 513 
897 1120 
560 751 
1179 30 
245 550 
791 1225 
1532 1882 
1726 41 
49 676 
1394 235 
469 1169 
366 1229 
1521 1676 
274 1883 
1316 1395 
1556 1840 
1936 150 
398 424 
1550 58 
215 34 
55 418 
806 989 
1336 588 
647 736 
738 959 
1285 1436 
463 1861 
1192 1345 
1467 1902 
134 435 
1215 95 
206 285 
767 866 
1362 1422 
1565 1591 
1857 738 
1980 689 
247 283 
513 601 
265 1255 
621 899 
1741 324 
633 922 
1472 1518 
677 1121 
1568 19 
80 319 
659 675 
688 862 
1085 1150 
1241 779 
1176 1776 
490 747 
848 1408 
1059 1392 
157 241 
276 775 
1030 1747 
645 659 
1043 1419 
1983 1225 
1730 802 
1313 469 
898 1547 
1188 30 
404 989 
346 529 
747 795 
783 983 
1843 668 
1245 1274 
1849 532 
694 910 
1048 1156 
1587 1617 
1008 1257 
262 473 
1460 357 
1642 1732 
9 591 
995 1483 
1640 545 
1500 1590 
476 592 
1268 1975 
1813 66 
755 996 
550 553 
482 568 
864 1837 
715 941 
1105 1307 
1589 1008 
1939 680 
1082 1858 
14 252 
256 1611 
27 157 
232 729 
1290 1657 
1278 1574 
1983 275 
544 1694 
8 725 
1684 523 
1027 1740 
37 689 
757 1106 
1457 1988 
908 1276 
1977 881 
1041 1821 
933 1421 
1933 692 
1174 1787 
43 309 
331 880 
1171 130 
419 1438 
835 1123 
1669 1686 
498 899 
1191 315 
1802 1969 
61 232 
541 1070 
1609 515 
559 1691 
156 866 
922 1204 
1452 395 
569 737 
884 1019 
1832 180 
1084 1467 
868 1041 
1415 1715 
116 386 
459 1262 
251 739 
1114 1118 
86 1915 
1969 783 
962 1163 
1350 1829 
353 784 
996 1460 
1850 975 
1535 1007 
1800 1812 
364 1742 
1901 859 
952 1160 
1526 1636 
1758 657 
1042 1442 
19 184 
631 833 
1138 1696 
141 198 
273 392 
474 1632 
1682 1473 
1633 447 
369 380 
537 1051 
1669 101 
691 705 
1356 118 
714 1825 
774 1342 
830 1317 
1447 1475 
146 1108 
1481 405 
495 518 
831 1234 
72 213 
357 119 
133 175 
548 695 
1405 1989 
440 960 
1743 790 
932 1230 
211 241 
1715 1389 
304 1563 
94 718 
1427 1504 
308 1710 
259 997 
1238 1322 
1495 1596 
1600 1673 
254 1182 
1335 1922 
1933 404 
848 1384 
1816 1070 
1393 639 
1102 28 
1120 1311 
1316 1498 
970 1894 
75 240 
665 1555 
1259 1913 
1265 1446 
1789 1988 
370 490 
1160 1862 
195 1036 
1139 1696 
1875 1906 
88 1032 
1099 1459 
1750 417 
259 327 
771 1384 
372 778 
1911 1979 
538 1133 
1295 1298 
1514 1958 
779 1808 
949 1448 
366 1000 
1631 26 
534 1078 
1362 384 
689 1571 
1650 365 
2000 694 
1256 1333 
342 627 
639 1282 
490 607 
802 987 
1255 1294 
1401 1995 
