1 1 
1 3 
4 4 
5 5 
5 5 
6 7 
7 7 
8 9 
10 11 
11 11 
11 12 
12 12 
13 13 
13 13 
13 13 
13 13 
13 14 
14 14 
15 15 
15 15 
16 16 
16 17 
17 17 
17 17 
17 18 
18 18 
19 20 
20 20 
21 21 
22 22 
23 23 
24 24 
24 24 
24 25 
25 26 
27 27 
27 28 
28 28 
28 28 
29 29 
29 30 
30 31 
31 31 
32 32 
32 33 
33 34 
35 35 
35 36 
36 36 
36 37 
37 37 
37 38 
38 38 
38 39 
39 39 
39 40 
40 41 
41 41 
41 42 
42 42 
43 43 
43 43 
43 44 
44 45 
46 46 
46 47 
47 47 
48 48 
48 49 
49 49 
50 50 
50 51 
51 52 
52 53 
53 53 
53 54 
54 55 
55 56 
56 57 
57 58 
58 59 
59 59 
59 59 
59 60 
61 61 
61 61 
61 61 
62 62 
63 63 
63 63 
64 64 
64 64 
64 65 
65 65 
66 66 
66 66 
67 67 
67 67 
68 68 
68 68 
68 68 
68 69 
69 69 
69 70 
70 70 
71 72 
73 74 
75 75 
75 75 
76 76 
77 77 
77 77 
78 78 
78 78 
79 79 
79 80 
80 81 
81 81 
81 81 
82 82 
82 82 
82 82 
83 83 
83 83 
84 84 
84 85 
85 85 
86 86 
86 86 
86 87 
87 87 
88 88 
89 89 
89 90 
91 91 
92 92 
92 92 
92 92 
93 93 
93 93 
94 96 
96 96 
98 98 
98 98 
100 100 
101 101 
101 101 
101 101 
103 103 
104 104 
104 105 
105 105 
105 105 
105 106 
106 106 
106 107 
107 107 
107 107 
109 110 
110 110 
111 111 
111 111 
111 112 
112 112 
113 113 
114 114 
115 115 
116 116 
116 117 
118 119 
119 120 
120 120 
120 120 
120 121 
121 122 
122 122 
122 123 
123 123 
123 123 
124 124 
124 124 
125 125 
126 126 
126 127 
127 127 
127 127 
128 128 
128 129 
129 130 
131 131 
131 131 
131 132 
132 133 
133 133 
133 133 
134 135 
135 135 
136 136 
136 137 
137 137 
138 138 
139 139 
139 139 
139 139 
139 139 
140 140 
141 141 
142 142 
143 144 
144 145 
145 145 
145 145 
146 146 
146 146 
146 147 
148 148 
148 148 
148 148 
148 148 
149 149 
150 150 
150 150 
151 151 
151 151 
151 152 
153 153 
153 154 
155 155 
155 155 
156 156 
156 156 
157 158 
158 158 
160 160 
160 161 
162 162 
162 163 
163 163 
164 164 
164 165 
165 166 
167 167 
168 168 
168 168 
168 169 
169 170 
170 170 
170 171 
171 171 
172 172 
172 172 
172 172 
173 173 
173 173 
174 174 
176 177 
177 177 
178 178 
179 179 
179 180 
180 180 
181 181 
181 181 
181 181 
182 182 
182 182 
182 183 
183 183 
183 184 
184 185 
186 186 
186 186 
187 187 
187 188 
188 189 
189 189 
189 190 
190 191 
192 193 
193 194 
194 195 
195 195 
195 195 
195 195 
195 196 
196 196 
196 196 
196 196 
197 197 
197 198 
198 198 
199 199 
200 201 
201 201 
201 202 
202 202 
202 203 
203 203 
203 203 
203 203 
204 204 
205 205 
205 205 
205 205 
206 206 
206 206 
207 207 
208 208 
209 209 
209 209 
210 211 
211 212 
212 213 
213 214 
214 214 
215 216 
216 216 
217 217 
218 218 
218 218 
218 219 
219 219 
219 220 
220 221 
222 222 
223 223 
223 224 
225 225 
226 226 
227 227 
227 227 
227 227 
227 227 
228 229 
229 230 
230 231 
231 231 
232 232 
232 232 
232 233 
233 233 
233 234 
234 234 
234 236 
236 237 
237 237 
237 237 
238 238 
239 239 
239 241 
242 243 
243 243 
243 244 
244 244 
244 244 
244 244 
245 245 
245 246 
246 246 
247 247 
247 248 
248 249 
249 249 
250 250 
251 251 
252 252 
252 252 
253 253 
253 254 
254 254 
254 255 
255 256 
257 258 
258 258 
258 258 
259 259 
259 259 
259 260 
260 260 
261 261 
261 261 
262 262 
263 263 
263 263 
264 264 
265 265 
266 266 
268 268 
268 269 
269 270 
270 270 
270 271 
271 272 
272 272 
273 273 
274 274 
274 274 
274 275 
275 275 
275 275 
276 277 
278 278 
279 279 
280 280 
280 280 
280 280 
280 280 
281 281 
282 282 
283 284 
284 284 
284 285 
285 285 
285 285 
285 286 
286 286 
286 286 
287 287 
288 288 
288 289 
289 290 
290 291 
291 291 
292 292 
292 292 
293 293 
293 294 
294 294 
294 294 
294 295 
295 296 
296 296 
296 297 
298 298 
298 298 
298 299 
299 299 
299 299 
300 300 
300 300 
301 301 
301 301 
301 302 
302 303 
303 303 
304 304 
304 305 
305 305 
305 305 
306 306 
306 307 
307 308 
309 309 
310 310 
310 310 
310 310 
311 311 
311 312 
312 313 
313 314 
314 314 
315 315 
316 316 
316 316 
316 317 
317 317 
317 317 
317 318 
318 318 
319 319 
319 319 
320 321 
321 321 
321 322 
322 322 
323 323 
323 324 
324 325 
325 326 
326 327 
328 328 
328 328 
329 329 
330 330 
331 331 
332 332 
332 333 
334 334 
335 336 
336 336 
337 337 
337 337 
338 338 
338 338 
338 339 
339 341 
341 341 
341 341 
343 344 
345 345 
345 346 
346 346 
347 347 
348 348 
349 349 
349 350 
350 350 
351 351 
351 351 
351 352 
352 353 
353 353 
353 354 
355 355 
355 356 
357 357 
357 358 
358 358 
358 358 
359 359 
359 360 
361 361 
362 363 
363 363 
363 363 
363 364 
364 365 
365 365 
365 366 
366 366 
366 366 
366 367 
367 368 
368 368 
368 368 
368 370 
370 370 
370 370 
370 371 
371 371 
371 371 
372 373 
373 373 
374 375 
375 375 
375 376 
376 376 
376 377 
377 377 
377 377 
377 379 
380 380 
380 380 
380 381 
381 381 
381 382 
382 382 
382 384 
385 385 
386 386 
386 386 
387 387 
388 388 
390 390 
390 391 
391 391 
392 392 
393 393 
393 393 
393 394 
394 394 
394 394 
395 396 
396 397 
397 397 
397 398 
399 399 
399 399 
399 399 
401 401 
401 401 
401 402 
403 403 
403 403 
404 405 
405 406 
406 406 
406 407 
407 407 
408 408 
408 410 
410 411 
411 412 
412 413 
414 414 
414 414 
415 415 
416 416 
416 416 
417 417 
417 417 
417 418 
418 419 
420 420 
421 421 
421 421 
421 422 
422 423 
424 425 
425 425 
426 426 
427 427 
428 428 
428 429 
429 429 
430 430 
431 431 
431 432 
434 434 
434 435 
435 435 
435 436 
436 436 
437 437 
437 437 
438 439 
439 439 
439 439 
439 440 
441 441 
441 441 
441 442 
442 442 
443 443 
443 443 
443 444 
444 445 
446 446 
446 446 
447 447 
447 447 
448 449 
449 450 
450 451 
452 452 
452 452 
452 452 
452 453 
453 454 
454 455 
455 455 
456 457 
457 458 
458 459 
459 459 
460 460 
460 460 
461 461 
461 461 
461 463 
463 463 
463 464 
464 464 
465 465 
465 465 
466 467 
467 468 
468 468 
469 469 
469 470 
470 470 
470 471 
471 472 
472 473 
473 473 
473 474 
474 474 
475 475 
475 476 
476 477 
477 477 
478 478 
479 479 
481 481 
481 481 
482 482 
482 482 
483 483 
483 484 
484 484 
484 484 
485 485 
485 486 
486 486 
487 487 
488 488 
488 489 
489 490 
490 490 
490 491 
491 491 
491 491 
491 492 
492 493 
493 493 
493 493 
494 494 
495 495 
495 495 
496 496 
496 497 
497 497 
498 498 
499 500 
500 500 
501 501 
501 501 
501 502 
502 502 
503 503 
503 503 
503 505 
506 506 
507 507 
507 508 
508 508 
508 509 
509 510 
510 510 
510 510 
511 512 
512 512 
513 513 
514 514 
514 514 
515 515 
515 515 
516 516 
516 516 
516 516 
517 518 
518 518 
518 518 
519 519 
519 519 
519 519 
519 521 
522 522 
522 522 
522 523 
523 523 
523 523 
525 525 
525 525 
526 526 
526 526 
527 527 
527 528 
528 529 
529 529 
530 530 
530 531 
531 531 
532 532 
533 534 
534 534 
534 534 
535 535 
536 536 
536 536 
538 538 
538 539 
539 539 
540 540 
540 540 
540 541 
541 541 
541 542 
542 542 
543 543 
544 544 
544 545 
545 546 
546 547 
549 549 
549 549 
550 550 
550 550 
551 551 
551 551 
552 552 
552 552 
552 552 
553 553 
553 553 
553 553 
554 554 
554 555 
555 555 
555 556 
556 556 
556 556 
557 557 
557 557 
557 558 
558 558 
558 558 
558 558 
558 558 
559 559 
559 560 
560 560 
561 561 
562 562 
562 562 
562 562 
563 565 
566 567 
567 567 
567 569 
569 569 
570 571 
572 572 
573 573 
573 574 
574 574 
576 576 
576 577 
578 578 
578 578 
578 578 
580 580 
581 581 
581 581 
582 582 
582 582 
582 582 
582 582 
583 583 
583 584 
584 584 
585 585 
586 586 
586 586 
587 587 
587 588 
588 588 
589 589 
590 590 
590 590 
590 590 
591 591 
591 592 
592 592 
592 593 
593 594 
594 595 
595 595 
596 596 
596 596 
596 597 
597 597 
598 598 
599 601 
601 602 
602 603 
603 603 
603 605 
606 606 
606 606 
607 607 
607 608 
608 608 
608 609 
609 609 
611 611 
611 611 
612 612 
613 613 
614 615 
615 615 
616 616 
616 616 
617 617 
617 617 
617 618 
618 619 
620 620 
620 620 
620 620 
621 621 
621 621 
622 622 
622 623 
623 624 
624 624 
624 624 
624 625 
625 625 
625 626 
626 626 
627 627 
627 627 
627 627 
628 628 
628 630 
630 630 
631 632 
633 633 
633 633 
634 634 
634 634 
634 635 
635 635 
636 636 
636 636 
637 637 
637 637 
638 638 
638 639 
639 640 
640 641 
641 641 
642 643 
643 643 
643 643 
643 644 
644 645 
645 645 
646 646 
646 646 
647 647 
647 647 
647 647 
648 648 
649 649 
649 649 
649 650 
650 650 
650 652 
652 652 
652 652 
653 653 
653 653 
653 654 
654 654 
655 655 
655 655 
656 656 
656 657 
657 657 
658 658 
658 659 
659 660 
660 660 
661 661 
661 661 
662 662 
662 662 
662 662 
662 663 
663 664 
664 664 
664 664 
665 665 
665 665 
666 666 
666 667 
667 667 
667 668 
668 668 
668 668 
668 669 
669 670 
670 670 
670 670 
671 671 
671 672 
673 673 
673 673 
673 674 
674 674 
676 676 
677 677 
677 678 
678 678 
679 679 
679 679 
680 680 
680 680 
681 681 
681 681 
682 682 
683 683 
683 683 
683 684 
684 684 
684 684 
685 685 
685 685 
685 685 
686 686 
686 689 
689 689 
689 691 
691 691 
691 691 
692 693 
693 693 
694 695 
695 696 
696 696 
697 697 
697 697 
697 697 
698 698 
699 700 
700 700 
701 701 
701 702 
703 703 
703 704 
704 705 
705 705 
706 707 
708 708 
708 708 
708 709 
709 709 
711 711 
711 712 
712 713 
713 713 
714 715 
716 716 
718 718 
719 719 
720 720 
720 720 
721 722 
722 722 
723 724 
724 724 
724 725 
725 725 
725 726 
726 726 
726 726 
726 726 
726 727 
727 727 
728 728 
728 729 
729 730 
730 731 
731 731 
731 732 
732 732 
733 733 
733 733 
734 734 
734 735 
736 736 
736 736 
737 737 
737 737 
738 738 
738 738 
738 739 
739 739 
739 739 
740 740 
741 742 
742 742 
743 743 
743 743 
743 744 
744 745 
745 745 
745 745 
746 746 
747 748 
749 749 
749 749 
749 749 
750 750 
750 750 
751 751 
751 751 
751 751 
751 752 
752 752 
752 754 
754 754 
754 755 
755 755 
755 756 
757 757 
758 758 
758 758 
759 759 
760 760 
761 761 
761 761 
761 762 
762 762 
762 763 
763 763 
763 764 
764 764 
764 764 
765 765 
765 765 
765 765 
765 765 
766 766 
766 767 
767 767 
767 767 
767 768 
768 768 
768 768 
768 769 
770 770 
772 772 
772 772 
773 773 
773 773 
774 774 
774 774 
775 775 
775 776 
776 777 
777 777 
778 778 
778 779 
779 779 
779 780 
780 780 
780 780 
780 781 
781 783 
783 783 
784 784 
784 785 
785 785 
785 785 
785 786 
786 786 
787 787 
787 787 
788 788 
789 790 
790 790 
790 790 
791 791 
791 791 
792 792 
792 793 
793 794 
795 795 
795 796 
796 797 
797 797 
797 797 
797 798 
798 799 
799 800 
800 801 
801 802 
802 802 
803 803 
803 803 
803 804 
804 804 
804 804 
805 805 
805 806 
807 807 
807 808 
809 809 
810 810 
812 812 
812 813 
813 813 
813 814 
814 814 
816 816 
817 817 
817 817 
818 818 
818 818 
818 819 
819 819 
819 819 
819 820 
820 821 
821 822 
822 822 
823 823 
824 824 
824 825 
825 825 
826 826 
827 827 
827 827 
827 828 
828 828 
828 830 
830 830 
832 832 
832 833 
833 834 
834 834 
834 834 
835 835 
836 836 
836 837 
837 838 
838 839 
839 839 
839 840 
840 840 
840 841 
841 841 
841 842 
842 843 
843 843 
844 844 
845 845 
846 846 
846 846 
847 847 
848 848 
849 849 
850 850 
851 851 
852 852 
852 854 
854 855 
855 855 
855 855 
856 856 
857 857 
857 858 
859 860 
860 861 
861 861 
862 862 
862 862 
863 863 
864 864 
864 864 
865 865 
865 865 
866 866 
867 868 
868 868 
869 869 
869 869 
870 870 
870 870 
871 871 
871 872 
873 874 
874 874 
875 876 
876 876 
876 876 
876 877 
878 878 
879 879 
879 880 
880 880 
881 883 
883 883 
883 883 
883 883 
884 885 
885 886 
886 886 
886 886 
888 888 
888 888 
888 889 
890 890 
890 891 
892 892 
893 893 
893 893 
894 895 
895 895 
896 896 
897 898 
898 898 
898 899 
899 899 
900 900 
900 900 
900 901 
901 901 
902 902 
903 903 
904 905 
905 905 
905 906 
907 907 
907 907 
908 909 
909 909 
909 910 
910 910 
910 910 
911 911 
911 911 
911 912 
912 912 
912 912 
913 913 
915 915 
915 916 
916 917 
917 917 
918 918 
918 918 
918 919 
919 919 
920 920 
920 920 
920 920 
920 920 
920 920 
920 920 
920 921 
921 921 
921 922 
922 922 
923 923 
923 923 
923 923 
924 924 
924 925 
925 925 
926 926 
926 926 
926 926 
926 926 
926 927 
927 928 
928 928 
928 929 
929 930 
930 930 
930 931 
931 931 
931 931 
932 932 
932 932 
932 933 
934 935 
935 935 
935 935 
936 936 
936 937 
937 937 
937 937 
938 938 
939 939 
939 939 
939 940 
940 941 
941 941 
941 942 
942 943 
943 943 
944 944 
945 945 
945 945 
948 948 
948 948 
949 951 
951 951 
952 953 
953 954 
954 954 
954 955 
955 956 
956 957 
957 958 
958 959 
959 960 
960 960 
961 961 
961 962 
962 962 
962 962 
962 962 
963 963 
963 963 
964 964 
965 965 
965 966 
966 966 
967 968 
968 968 
968 968 
968 969 
971 971 
972 972 
973 973 
973 973 
974 974 
974 975 
975 976 
976 976 
977 977 
978 978 
978 978 
979 979 
979 979 
979 979 
980 980 
980 980 
980 980 
981 981 
981 982 
982 982 
982 983 
983 983 
983 984 
984 984 
985 985 
985 985 
985 985 
985 986 
986 986 
986 988 
988 988 
988 988 
989 989 
989 990 
991 991 
991 992 
992 993 
993 993 
993 994 
995 996 
996 997 
997 997 
997 997 
998 998 
998 998 
998 999 
999 1000 
1000 1000 
1000 1000 
1001 1001 
1001 1002 
1002 1002 
1003 1003 
1003 1003 
1003 1004 
1004 1004 
1004 1005 
1005 1006 
1007 1007 
1007 1008 
1008 1008 
1008 1008 
1009 1009 
1009 1010 
1010 1010 
1010 1011 
1011 1011 
1012 1012 
1012 1013 
1013 1013 
1014 1014 
1014 1015 
1016 1016 
1017 1017 
1018 1018 
1018 1019 
1019 1019 
1019 1019 
1020 1020 
1021 1021 
1021 1021 
1023 1023 
1023 1023 
1023 1023 
1023 1024 
1024 1024 
1024 1024 
1024 1025 
1025 1025 
1025 1026 
1026 1027 
1027 1027 
1027 1027 
1028 1028 
1028 1028 
1028 1028 
1029 1030 
1030 1030 
1030 1031 
1031 1031 
1031 1031 
1032 1032 
1032 1032 
1032 1032 
1033 1033 
1033 1034 
1035 1035 
1035 1036 
1036 1036 
1036 1037 
1037 1038 
1038 1038 
1038 1038 
1038 1039 
1039 1039 
1040 1040 
1041 1041 
1041 1042 
1042 1042 
1042 1043 
1043 1043 
1043 1043 
1044 1044 
1044 1044 
1044 1045 
1045 1047 
1047 1047 
1047 1047 
1047 1047 
1048 1049 
1049 1050 
1050 1050 
1051 1052 
1052 1053 
1054 1054 
1054 1054 
1055 1055 
1055 1055 
1056 1057 
1057 1057 
1058 1058 
1058 1058 
1058 1059 
1059 1059 
1060 1060 
1060 1061 
1061 1061 
1062 1062 
1062 1062 
1062 1063 
1064 1064 
1064 1065 
1065 1065 
1065 1066 
1066 1067 
1067 1067 
1068 1068 
1068 1068 
1069 1070 
1070 1070 
1071 1071 
1071 1072 
1072 1072 
1072 1072 
1072 1072 
1072 1072 
1073 1073 
1073 1073 
1073 1074 
1074 1074 
1074 1075 
1075 1076 
1076 1076 
1077 1077 
1077 1078 
1078 1079 
1079 1080 
1080 1080 
1080 1081 
1081 1081 
1081 1082 
1082 1082 
1083 1083 
1083 1083 
1084 1084 
1084 1085 
1085 1085 
1085 1086 
1086 1086 
1086 1087 
1087 1087 
1087 1087 
1087 1087 
1088 1088 
1088 1088 
1089 1089 
1089 1089 
1090 1090 
1090 1090 
1090 1090 
1091 1091 
1091 1091 
1091 1092 
1092 1092 
1092 1092 
1093 1093 
1093 1094 
1094 1094 
1094 1094 
1095 1095 
1095 1096 
1096 1096 
1097 1097 
1098 1098 
1099 1099 
1099 1099 
1100 1100 
1100 1101 
1101 1102 
1102 1103 
1103 1103 
1103 1103 
1103 1104 
1105 1105 
1106 1106 
1107 1107 
1109 1109 
1109 1109 
1109 1110 
1110 1110 
1110 1111 
1111 1111 
1112 1113 
1113 1113 
1114 1114 
1115 1115 
1115 1115 
1115 1115 
1116 1116 
1117 1118 
1118 1118 
1118 1118 
1119 1119 
1119 1119 
1119 1119 
1120 1120 
1120 1120 
1120 1121 
1121 1121 
1121 1121 
1121 1122 
1122 1122 
1123 1124 
1124 1124 
1125 1125 
1126 1126 
1126 1126 
1126 1128 
1128 1128 
1128 1128 
1129 1129 
1129 1129 
1129 1129 
1130 1130 
1130 1130 
1131 1131 
1132 1133 
1133 1133 
1134 1134 
1134 1135 
1135 1135 
1136 1137 
1137 1137 
1138 1138 
1138 1138 
1139 1139 
1139 1139 
1139 1139 
1140 1140 
1140 1141 
1141 1142 
1142 1142 
1142 1142 
1144 1145 
1145 1145 
1145 1146 
1146 1146 
1147 1147 
1147 1147 
1148 1148 
1149 1149 
1150 1150 
1150 1151 
1151 1151 
1151 1152 
1152 1152 
1152 1153 
1153 1154 
1154 1154 
1154 1155 
1155 1156 
1156 1157 
1157 1157 
1158 1159 
1159 1159 
1160 1160 
1160 1160 
1160 1161 
1161 1161 
1161 1161 
1162 1162 
1162 1164 
1165 1165 
1167 1167 
1167 1168 
1168 1169 
1169 1169 
1169 1169 
1169 1170 
1170 1171 
1171 1172 
1172 1172 
1172 1172 
1172 1172 
1173 1173 
1173 1174 
1174 1174 
1175 1175 
1175 1175 
1176 1176 
1177 1177 
1177 1178 
1178 1178 
1179 1179 
1180 1180 
1181 1181 
1181 1181 
1181 1181 
1181 1182 
1182 1182 
1182 1183 
1183 1184 
1184 1184 
1184 1185 
1185 1186 
1186 1186 
1187 1188 
1188 1188 
1189 1189 
1190 1191 
1191 1191 
1191 1191 
1193 1194 
1194 1194 
1195 1195 
1196 1196 
1196 1196 
1197 1197 
1198 1198 
1198 1198 
1198 1199 
1199 1200 
1200 1200 
1200 1200 
1201 1201 
1201 1202 
1202 1202 
1203 1203 
1204 1204 
1205 1205 
1205 1206 
1208 1208 
1208 1208 
1209 1209 
1210 1210 
1210 1211 
1212 1212 
1213 1213 
1213 1213 
1213 1214 
1214 1215 
1216 1216 
1216 1217 
1217 1218 
1218 1218 
1218 1218 
1218 1219 
1219 1219 
1219 1219 
1220 1220 
1220 1220 
1221 1222 
1222 1222 
1222 1223 
1223 1223 
1225 1225 
1225 1225 
1226 1226 
1226 1226 
1227 1227 
1227 1228 
1228 1228 
1228 1229 
1229 1229 
1229 1230 
1230 1230 
1231 1231 
1231 1231 
1231 1231 
1231 1232 
1232 1232 
1232 1232 
1232 1232 
1232 1232 
1232 1233 
1233 1233 
1233 1234 
1234 1234 
1235 1236 
1236 1236 
1236 1236 
1237 1237 
1237 1238 
1238 1238 
1238 1239 
1239 1240 
1240 1240 
1240 1241 
1241 1242 
1242 1242 
1242 1243 
1243 1243 
1243 1243 
1243 1243 
1243 1244 
1244 1244 
1245 1245 
1245 1246 
1246 1246 
1246 1247 
1247 1247 
1247 1248 
1248 1248 
1249 1249 
1250 1250 
1251 1251 
1252 1252 
1253 1253 
1254 1254 
1254 1254 
1255 1255 
1256 1256 
1256 1257 
1257 1257 
1258 1258 
1258 1258 
1258 1259 
1259 1261 
1261 1261 
1262 1263 
1263 1264 
1264 1264 
1264 1265 
1265 1266 
1266 1266 
1267 1267 
1267 1267 
1267 1268 
1268 1269 
1269 1269 
1269 1269 
1269 1269 
1270 1270 
1271 1271 
1271 1271 
1271 1272 
1272 1272 
1273 1273 
1273 1273 
1274 1274 
1276 1276 
1276 1276 
1277 1277 
1277 1277 
1278 1278 
1279 1279 
1279 1279 
1280 1281 
1281 1282 
1282 1283 
1283 1284 
1285 1285 
1286 1287 
1287 1287 
1288 1288 
1288 1289 
1289 1289 
1290 1290 
1290 1290 
1290 1292 
1292 1293 
1294 1294 
1294 1294 
1295 1295 
1296 1296 
1296 1296 
1296 1297 
1297 1297 
1297 1297 
1297 1297 
1298 1298 
1298 1298 
1299 1299 
1299 1300 
1300 1300 
1300 1301 
1301 1301 
1302 1302 
1302 1304 
1304 1304 
1304 1305 
1305 1306 
1306 1306 
1306 1307 
1307 1307 
1307 1307 
1308 1308 
1308 1309 
1309 1309 
1309 1309 
1309 1310 
1310 1311 
1311 1311 
1312 1313 
1313 1314 
1314 1314 
1314 1316 
1316 1316 
1316 1316 
1316 1317 
1318 1319 
1319 1319 
1320 1320 
1320 1320 
1320 1320 
1321 1321 
1321 1321 
1322 1322 
1322 1323 
1323 1323 
1323 1323 
1323 1324 
1324 1325 
1325 1326 
1326 1326 
1326 1326 
1326 1326 
1327 1327 
1327 1327 
1327 1328 
1328 1329 
1329 1329 
1329 1330 
1330 1330 
1330 1331 
1331 1332 
1332 1332 
1333 1333 
1333 1333 
1334 1334 
1335 1335 
1335 1335 
1336 1336 
1336 1336 
1336 1336 
1336 1337 
1337 1337 
1337 1337 
1337 1337 
1338 1338 
1339 1339 
1339 1339 
1339 1340 
1340 1341 
1341 1341 
1342 1343 
1343 1343 
1344 1344 
1344 1344 
1344 1345 
1345 1346 
1347 1347 
1348 1348 
1348 1349 
1349 1349 
1349 1350 
1350 1350 
1350 1351 
1351 1352 
1352 1352 
1352 1353 
1354 1354 
1355 1357 
1357 1358 
1358 1358 
1360 1360 
1362 1362 
1363 1363 
1363 1363 
1363 1364 
1364 1365 
1365 1365 
1365 1367 
1367 1367 
1368 1368 
1368 1368 
1370 1370 
1371 1371 
1372 1372 
1373 1373 
1373 1373 
1374 1374 
1374 1374 
1374 1375 
1375 1376 
1376 1376 
1376 1376 
1376 1377 
1377 1377 
1377 1377 
1378 1378 
1378 1378 
1378 1378 
1378 1379 
1379 1379 
1379 1379 
1379 1379 
1379 1379 
1379 1380 
1381 1381 
1382 1383 
1383 1383 
1383 1383 
1383 1384 
1384 1384 
1384 1384 
1385 1385 
1385 1385 
1385 1385 
1385 1386 
1386 1386 
1386 1386 
1386 1386 
1387 1387 
1387 1387 
1388 1388 
1388 1389 
1389 1390 
1390 1390 
1390 1392 
1392 1392 
1392 1393 
1393 1393 
1393 1393 
1394 1394 
1395 1396 
1396 1397 
1398 1398 
1399 1399 
1399 1399 
1400 1401 
1401 1401 
1402 1402 
1402 1402 
1403 1403 
1403 1404 
1404 1404 
1404 1405 
1405 1406 
1407 1407 
1407 1408 
1408 1408 
1409 1409 
1410 1410 
1410 1410 
1410 1411 
1411 1411 
1411 1411 
1411 1411 
1412 1413 
1413 1413 
1414 1414 
1414 1415 
1415 1416 
1416 1416 
1417 1417 
1417 1417 
1417 1418 
1418 1418 
1419 1419 
1419 1420 
1421 1421 
1422 1422 
1423 1423 
1423 1423 
1424 1424 
1425 1425 
1425 1426 
1426 1427 
1428 1428 
1428 1429 
1429 1429 
1429 1429 
1430 1430 
1430 1431 
1431 1431 
1432 1432 
1432 1432 
1432 1433 
1433 1433 
1433 1433 
1433 1433 
1434 1434 
1434 1434 
1435 1436 
1437 1437 
1437 1437 
1438 1439 
1439 1440 
1441 1441 
1441 1441 
1442 1442 
1443 1443 
1444 1445 
1445 1446 
1447 1447 
1447 1447 
1448 1448 
1450 1450 
1450 1450 
1451 1451 
1451 1451 
1451 1451 
1452 1452 
1452 1452 
1452 1452 
1453 1453 
1454 1454 
1454 1454 
1455 1455 
1455 1455 
1456 1456 
1456 1456 
1457 1457 
1457 1457 
1457 1457 
1458 1458 
1459 1459 
1459 1460 
1460 1460 
1460 1461 
1461 1461 
1462 1462 
1462 1463 
1463 1465 
1465 1465 
1465 1466 
1467 1467 
1467 1468 
1468 1468 
1468 1469 
1469 1470 
1471 1472 
1473 1473 
1473 1474 
1474 1474 
1474 1475 
1475 1476 
1476 1477 
1477 1477 
1477 1477 
1479 1479 
1479 1480 
1480 1481 
1481 1481 
1481 1482 
1482 1483 
1483 1483 
1483 1483 
1483 1483 
1484 1484 
1484 1485 
1486 1486 
1486 1486 
1487 1487 
1487 1488 
1488 1488 
1488 1489 
1490 1490 
1490 1491 
1491 1491 
1492 1493 
1493 1493 
1493 1493 
1494 1494 
1494 1494 
1494 1495 
1495 1495 
1496 1496 
1496 1496 
1498 1499 
1499 1500 
1500 1501 
1502 1503 
1503 1503 
1504 1504 
1505 1505 
1505 1505 
1505 1506 
1506 1506 
1507 1507 
1507 1507 
1508 1508 
1508 1508 
1509 1509 
1509 1509 
1510 1510 
1511 1511 
1511 1511 
1511 1511 
1512 1512 
1512 1512 
1512 1513 
1513 1513 
1513 1515 
1515 1515 
1515 1515 
1516 1516 
1516 1516 
1516 1516 
1516 1516 
1517 1517 
1517 1517 
1517 1518 
1518 1518 
1518 1519 
1519 1519 
1520 1520 
1520 1520 
1521 1521 
1521 1522 
1522 1522 
1522 1523 
1523 1523 
1524 1524 
1524 1524 
1524 1524 
1525 1525 
1525 1526 
1526 1526 
1526 1526 
1527 1527 
1527 1527 
1528 1528 
1528 1529 
1529 1529 
1529 1529 
1529 1530 
1530 1530 
1531 1531 
1531 1531 
1531 1532 
1532 1532 
1532 1532 
1533 1533 
1533 1534 
1534 1534 
1535 1535 
1536 1536 
1536 1537 
1537 1537 
1537 1538 
1538 1539 
1539 1539 
1539 1540 
1540 1540 
1540 1541 
1541 1541 
1542 1542 
1542 1543 
1543 1543 
1543 1543 
1545 1545 
1546 1546 
1547 1547 
1547 1547 
1547 1547 
1548 1548 
1548 1549 
1549 1550 
1550 1550 
1550 1551 
1551 1552 
1552 1552 
1553 1553 
1553 1553 
1554 1554 
1554 1554 
1555 1555 
1555 1556 
1556 1557 
1558 1558 
1558 1559 
1560 1560 
1561 1562 
1563 1563 
1563 1563 
1564 1564 
1565 1565 
1566 1566 
1566 1566 
1567 1567 
1567 1568 
1568 1568 
1569 1569 
1569 1570 
1570 1570 
1570 1570 
1571 1571 
1571 1571 
1571 1572 
1572 1572 
1572 1572 
1573 1573 
1573 1573 
1573 1574 
1574 1574 
1575 1576 
1577 1577 
1578 1578 
1579 1579 
1580 1580 
1580 1581 
1581 1581 
1581 1582 
1582 1583 
1583 1584 
1585 1585 
1585 1585 
1586 1587 
1588 1588 
1589 1589 
1589 1589 
1590 1590 
1590 1590 
1591 1591 
1591 1592 
1592 1594 
1594 1595 
1595 1595 
1595 1595 
1595 1596 
1597 1597 
1598 1598 
1599 1599 
1600 1600 
1600 1600 
1601 1601 
1601 1602 
1602 1602 
1602 1602 
1602 1603 
1603 1603 
1603 1603 
1604 1604 
1604 1604 
1605 1605 
1605 1605 
1607 1607 
1608 1608 
1608 1608 
1608 1608 
1610 1610 
1610 1610 
1610 1610 
1611 1611 
1612 1612 
1613 1613 
1613 1614 
1614 1614 
1614 1615 
1615 1616 
1616 1616 
1616 1616 
1616 1617 
1617 1617 
1617 1618 
1618 1619 
1619 1620 
1620 1621 
1621 1621 
1621 1621 
1622 1622 
1622 1623 
1623 1623 
1623 1623 
1624 1624 
1624 1625 
1625 1626 
1626 1626 
1626 1627 
1627 1627 
1627 1628 
1628 1628 
1628 1629 
1629 1629 
1630 1631 
1631 1631 
1632 1633 
1633 1633 
1634 1634 
1636 1636 
1636 1637 
1637 1637 
1637 1638 
1638 1638 
1638 1638 
1639 1639 
1640 1640 
1640 1640 
1641 1641 
1641 1642 
1642 1642 
1642 1642 
1642 1642 
1643 1643 
1645 1645 
1645 1646 
1646 1647 
1647 1647 
1647 1647 
1648 1648 
1648 1648 
1648 1648 
1648 1650 
1650 1650 
1651 1651 
1651 1652 
1652 1652 
1652 1652 
1652 1653 
1653 1653 
1653 1653 
1654 1654 
1654 1654 
1654 1655 
1655 1655 
1656 1656 
1656 1656 
1656 1656 
1657 1657 
1657 1657 
1657 1658 
1658 1658 
1658 1659 
1659 1659 
1659 1659 
1659 1659 
1660 1661 
1661 1661 
1661 1661 
1662 1663 
1663 1663 
1663 1664 
1664 1664 
1664 1664 
1665 1665 
1665 1666 
1667 1667 
1667 1668 
1669 1669 
1669 1669 
1670 1671 
1671 1671 
1671 1672 
1672 1672 
1672 1673 
1673 1673 
1673 1674 
1674 1674 
1675 1675 
1676 1677 
1677 1677 
1678 1678 
1678 1679 
1680 1680 
1680 1681 
1682 1682 
1682 1682 
1683 1683 
1683 1684 
1684 1684 
1684 1684 
1684 1684 
1684 1685 
1685 1685 
1686 1686 
1686 1687 
1688 1688 
1689 1689 
1689 1689 
1690 1690 
1690 1690 
1691 1691 
1691 1691 
1692 1692 
1693 1693 
1693 1693 
1693 1694 
1694 1694 
1695 1695 
1695 1695 
1695 1695 
1695 1696 
1696 1696 
1696 1696 
1697 1697 
1697 1697 
1698 1698 
1698 1699 
1700 1701 
1701 1701 
1701 1701 
1702 1702 
1702 1702 
1705 1706 
1706 1706 
1706 1706 
1707 1707 
1707 1708 
1709 1709 
1709 1710 
1710 1710 
1711 1711 
1712 1713 
1713 1713 
1714 1715 
1716 1716 
1717 1717 
1717 1718 
1718 1718 
1718 1718 
1718 1720 
1720 1720 
1720 1721 
1721 1721 
1721 1722 
1723 1723 
1723 1723 
1723 1723 
1723 1724 
1725 1725 
1726 1726 
1726 1726 
1726 1727 
1727 1727 
1727 1729 
1729 1729 
1730 1731 
1731 1731 
1731 1731 
1731 1732 
1732 1732 
1733 1735 
1735 1735 
1736 1737 
1737 1738 
1738 1739 
1739 1739 
1740 1740 
1741 1741 
1742 1742 
1742 1743 
1743 1743 
1743 1743 
1744 1744 
1744 1745 
1745 1745 
1745 1745 
1746 1746 
1746 1746 
1746 1746 
1746 1747 
1747 1747 
1747 1747 
1748 1750 
1750 1750 
1751 1751 
1752 1752 
1752 1753 
1753 1753 
1754 1754 
1754 1754 
1754 1754 
1755 1755 
1755 1756 
1756 1756 
1757 1757 
1757 1757 
1757 1757 
1758 1758 
1758 1759 
1759 1759 
1759 1759 
1759 1760 
1760 1761 
1761 1761 
1762 1762 
1762 1762 
1762 1763 
1763 1763 
1763 1763 
1764 1764 
1764 1764 
1765 1766 
1766 1767 
1767 1768 
1768 1768 
1769 1769 
1770 1770 
1770 1770 
1770 1771 
1772 1772 
1773 1773 
1773 1774 
1774 1774 
1775 1775 
1775 1776 
1776 1776 
1776 1777 
1779 1779 
1779 1779 
1780 1780 
1781 1781 
1782 1783 
1783 1784 
1784 1784 
1785 1785 
1786 1786 
1786 1786 
1786 1787 
1787 1787 
1788 1788 
1788 1789 
1789 1789 
1789 1790 
1790 1790 
1790 1790 
1791 1791 
1791 1791 
1791 1792 
1792 1792 
1794 1794 
1795 1796 
1796 1797 
1797 1797 
1797 1797 
1797 1798 
1798 1798 
1798 1799 
1799 1799 
1800 1800 
1800 1800 
1800 1802 
1802 1802 
1803 1803 
1803 1804 
1804 1805 
1805 1805 
1806 1806 
1806 1806 
1806 1806 
1806 1806 
1806 1807 
1807 1807 
1808 1809 
1809 1809 
1810 1810 
1810 1811 
1812 1812 
1812 1813 
1813 1813 
1813 1813 
1814 1814 
1814 1815 
1815 1815 
1817 1817 
1818 1819 
1820 1820 
1820 1821 
1822 1822 
1823 1823 
1823 1823 
1824 1824 
1825 1825 
1825 1826 
1827 1828 
1828 1829 
1829 1830 
1830 1831 
1831 1832 
1833 1834 
1834 1835 
1836 1836 
1836 1837 
1837 1837 
1837 1837 
1838 1838 
1839 1839 
1839 1839 
1840 1840 
1840 1841 
1841 1842 
1842 1843 
1844 1844 
1844 1844 
1844 1845 
1845 1845 
1845 1846 
1847 1847 
1847 1847 
1847 1847 
1848 1848 
1848 1848 
1848 1848 
1848 1848 
1849 1849 
1849 1850 
1850 1850 
1850 1850 
1851 1851 
1851 1852 
1852 1852 
1852 1852 
1853 1854 
1854 1854 
1854 1854 
1855 1855 
1855 1855 
1856 1857 
1857 1858 
1858 1858 
1859 1859 
1860 1860 
1860 1861 
1861 1861 
1862 1863 
1863 1863 
1864 1864 
1865 1865 
1865 1865 
1866 1868 
1868 1868 
1868 1869 
1869 1870 
1870 1870 
1870 1870 
1871 1872 
1872 1872 
1872 1872 
1873 1873 
1873 1873 
1873 1873 
1874 1874 
1874 1874 
1874 1875 
1876 1876 
1876 1876 
1877 1877 
1878 1878 
1878 1878 
1878 1879 
1879 1880 
1880 1880 
1881 1883 
1883 1884 
1884 1884 
1884 1885 
1885 1885 
1885 1886 
1886 1886 
1886 1886 
1887 1887 
1888 1888 
1888 1888 
1889 1889 
1889 1889 
1890 1890 
1890 1890 
1890 1890 
1891 1891 
1891 1891 
1892 1892 
1893 1893 
1893 1894 
1894 1895 
1895 1895 
1895 1896 
1896 1896 
1897 1897 
1897 1897 
1897 1897 
1898 1898 
1898 1899 
1899 1900 
1900 1900 
1901 1902 
1902 1903 
1903 1903 
1903 1903 
1904 1904 
1904 1904 
1905 1905 
1905 1905 
1906 1906 
1908 1908 
1909 1909 
1910 1910 
1910 1910 
1911 1912 
1912 1913 
1913 1913 
1913 1913 
1914 1914 
1915 1915 
1915 1916 
1916 1917 
1917 1917 
1919 1920 
1920 1921 
1921 1921 
1922 1922 
1923 1923 
1923 1923 
1923 1923 
1924 1924 
1924 1924 
1924 1924 
1925 1925 
1925 1926 
1926 1927 
1927 1927 
1929 1929 
1929 1929 
1930 1930 
1930 1931 
1931 1931 
1931 1931 
1931 1931 
1931 1932 
1932 1932 
1932 1932 
1932 1933 
1933 1934 
1934 1934 
1935 1936 
1936 1937 
1937 1937 
1938 1938 
1938 1939 
1939 1940 
1941 1941 
1942 1942 
1942 1943 
1944 1944 
1944 1944 
1945 1946 
1946 1947 
1947 1947 
1947 1948 
1948 1948 
1948 1948 
1949 1949 
1949 1949 
1949 1950 
1950 1950 
1951 1951 
1951 1951 
1951 1951 
1951 1952 
1953 1953 
1953 1953 
1954 1954 
1954 1954 
1954 1955 
1955 1955 
1955 1955 
1955 1955 
1956 1956 
1957 1957 
1957 1957 
1957 1958 
1958 1958 
1958 1958 
1958 1959 
1959 1959 
1959 1959 
1959 1960 
1960 1960 
1960 1961 
1961 1961 
1962 1963 
1963 1963 
1964 1964 
1965 1965 
1965 1966 
1966 1966 
1966 1967 
1967 1967 
1967 1967 
1967 1968 
1968 1968 
1969 1969 
1969 1969 
1969 1970 
1970 1970 
1970 1971 
1972 1972 
1972 1972 
1973 1973 
1974 1974 
1975 1975 
1976 1976 
1976 1976 
1978 1978 
1979 1979 
1980 1980 
1981 1981 
1983 1983 
1983 1984 
1984 1984 
1984 1986 
1987 1987 
1987 1988 
1988 1989 
1990 1990 
1991 1991 
1992 1992 
1992 1992 
1993 1993 
1994 1995 
1995 1996 
1996 1996 
1996 1997 
1997 1997 
1997 1997 
2000 2000 
2000 2000 
140 227 
449 918 
1165 1754 
53 1031 
1058 1993 
578 364 
1073 1895 
1197 388 
708 593 
883 1036 
1508 593 
1204 1848 
558 765 
883 1195 
1198 1282 
1667 1753 
1900 1041 
1549 1881 
531 1345 
1923 1939 
490 665 
778 149 
371 1208 
1532 1796 
1829 555 
864 1072 
1276 655 
762 1962 
862 1358 
359 1729 
1339 1422 
713 727 
1256 1339 
1374 173 
997 64 
132 1240 
1455 127 
1047 1248 
1483 1874 
1465 1677 
1917 920 
1629 943 
1652 1958 
1210 1689 
1720 377 
840 181 
403 1253 
1493 171 
274 700 
1831 439 
909 1001 
1747 886 
998 1667 
1947 799 
1024 1154 
1897 1131 
1753 292 
1240 1797 
1954 225 
807 1602 
529 581 
739 1429 
1957 863 
1367 306 
111 1042 
1493 701 
1743 1851 
123 220 
1983 261 
803 1296 
898 1893 
1921 1182 
1605 1213 
1805 5 
1550 1585 
1845 1126 
1678 217 
1042 1290 
1725 1139 
1379 1041 
1363 343 
363 746 
1367 1808 
1813 1083 
346 452 
551 569 
828 1800 
1273 1779 
197 1493 
1590 1721 
26 1009 
1648 1686 
1926 1167 
1600 1731 
247 618 
1205 1870 
437 1486 
1641 1667 
178 196 
1269 1273 
1314 1390 
1710 477 
494 1612 
1802 509 
658 834 
1888 1061 
696 1742 
650 837 
1032 1628 
205 653 
326 526 
888 1191 
90 373 
1257 1547 
282 296 
1685 1155 
1744 258 
357 1236 
1309 1379 
1021 1161 
1346 1386 
1454 1720 
879 1078 
1129 1214 
1407 1511 
1636 291 
394 1941 
148 399 
558 724 
1642 536 
551 1563 
406 910 
734 774 
1184 78 
135 337 
928 1024 
1059 1580 
1616 1669 
371 633 
1133 1442 
1455 98 
562 1665 
96 182 
1047 1786 
321 681 
559 653 
666 810 
941 1151 
519 1307 
324 790 
1441 639 
684 919 
1402 1441 
1531 148 
464 1077 
1946 399 
627 1169 
1905 1958 
777 1050 
1232 1681 
46 164 
581 780 
1548 1193 
1494 1903 
1517 1739 
1128 1370 
1812 1873 
1231 1653 
1672 638 
637 577 
1921 522 
722 888 
1047 1813 
1967 949 
1024 767 
904 956 
1812 48 
1139 1297 
1690 1931 
392 909 
928 1516 
885 1657 
243 625 
1049 28 
691 1527 
1547 1959 
176 980 
1162 1341 
1384 637 
350 817 
936 1178 
1386 27 
916 239 
519 953 
1137 1568 
1246 91 
534 1958 
1479 1695 
1997 516 
739 1924 
637 880 
592 1220 
1374 1378 
1533 1659 
1878 1958 
1 1469 
155 1187 
1507 1815 
1254 1381 
1915 1130 
1226 1411 
1642 1684 
484 505 
797 1468 
1967 1915 
86 106 
195 1072 
1573 1683 
1817 1905 
17 995 
627 1648 
1807 1924 
348 751 
1723 1745 
1797 1139 
1057 1311 
1682 1717 
141 532 
1118 1824 
1011 1121 
1269 1664 
1217 286 
642 1539 
316 1210 
1829 1521 
321 1256 
1491 623 
1283 1591 
111 305 
1249 613 
1634 1247 
305 864 
756 1494 
1615 1790 
1954 522 
1684 187 
654 1526 
1605 36 
289 1301 
1088 1258 
1599 1802 
1847 1873 
25 775 
983 1610 
1335 1416 
128 705 
1309 1830 
68 1227 
1500 1619 
1746 252 
663 1984 
34 261 
510 961 
1709 1942 
98 617 
893 1339 
1873 291 
429 1433 
1762 899 
1385 405 
1383 1561 
1571 1792 
170 1525 
1583 582 
1861 385 
617 1302 
1779 709 
1336 1382 
1923 966 
1248 412 
554 148 
205 559 
646 1035 
1157 1483 
1680 68 
414 643 
676 733 
1799 1873 
63 773 
1152 695 
1000 1200 
1231 1530 
500 271 
353 486 
1256 569 
803 937 
1692 630 
1128 1324 
1430 1503 
1791 1891 
631 1645 
76 195 
680 1467 
1955 1974 
727 774 
1076 1931 
1364 1540 
1036 1951 
1305 1460 
1554 1693 
1344 778 
1182 360 
1392 1401 
1794 284 
376 1540 
1329 764 
1331 1696 
55 1014 
385 812 
945 1092 
1290 1027 
1096 1179 
1752 48 
1875 550 
638 1691 
846 1208 
1258 361 
42 1206 
426 1780 
1 275 
294 328 
503 918 
1866 1898 
1908 691 
1320 646 
1110 501 
725 1986 
248 421 
971 1211 
1659 910 
1261 1290 
1684 465 
834 1093 
1213 1721 
1776 558 
1165 1277 
1335 1515 
1030 1468 
133 1020 
1930 1806 
1393 126 
856 1188 
1372 837 
877 1044 
1278 1332 
1333 1773 
1098 1242 
1661 685 
1111 1181 
66 1043 
1658 232 
1167 370 
1466 1579 
401 573 
1176 1317 
180 1079 
1182 1806 
300 708 
1080 507 
696 1241 
1931 1723 
1744 870 
414 81 
516 801 
1116 1554 
264 766 
880 962 
1044 922 
1299 1631 
49 181 
1657 1718 
349 1351 
304 591 
1706 1786 
259 833 
1089 1156 
459 1083 
283 984 
1624 393 
590 408 
1120 1139 
1425 201 
1320 773 
920 1128 
898 1400 
36 329 
501 1623 
1995 227 
314 932 
1203 1220 
1174 1929 
749 1637 
910 1553 
603 654 
1216 1392 
1493 1551 
1578 1623 
404 1851 
79 1638 
268 214 
1626 1656 
1850 973 
997 1700 
1743 1746 
1880 158 
430 488 
797 1025 
1133 1457 
724 1299 
1965 171 
1236 1884 
1970 85 
183 1443 
41 511 
1023 1959 
762 920 
1251 227 
301 375 
461 556 
1296 450 
608 79 
351 978 
1229 516 
380 737 
807 963 
1031 803 
1244 1433 
1542 1894 
253 366 
584 1434 
294 447 
470 609 
886 665 
1336 540 
901 1610 
263 351 
1726 164 
167 656 
876 1956 
45 337 
605 465 
536 951 
665 1622 
460 495 
1007 1232 
1437 1884 
611 1071 
1343 750 
1235 473 
930 275 
1475 1711 
464 1152 
160 350 
634 1519 
1621 607 
611 785 
1185 1646 
1758 823 
1483 1547 
345 627 
674 1050 
1767 100 
162 751 
1786 512 
1004 1432 
1094 1294 
1686 104 
1323 1289 
1838 77 
1604 1374 
227 371 
993 1336 
274 391 
1888 1966 
785 1721 
634 822 
1932 475 
1512 1653 
869 440 
798 1316 
91 306 
731 1948 
416 725 
799 1689 
1852 1071 
1570 384 
840 1228 
1717 1886 
59 1309 
319 1269 
1358 61 
544 1177 
368 1394 
151 1407 
262 856 
1403 131 
316 1191 
296 304 
554 620 
1552 896 
1787 201 
467 1701 
1980 1132 
525 1138 
1899 1011 
81 857 
1560 848 
1271 1574 
1621 1832 
22 498 
1404 212 
224 1841 
1121 59 
606 848 
1001 1365 
1886 7 
1726 470 
635 1692 
1820 300 
630 876 
1100 1232 
1488 1418 
1548 347 
584 765 
1029 1073 
1573 249 
582 1273 
1285 1364 
1378 17 
93 328 
704 1863 
1119 78 
560 895 
1789 294 
1279 1387 
1574 214 
689 939 
1988 33 
685 834 
948 1090 
1746 590 
298 603 
636 683 
890 1129 
1175 1238 
1420 755 
808 988 
1506 341 
189 218 
623 673 
1486 1509 
1558 1901 
9 1972 
489 622 
937 329 
1072 1302 
124 1320 
269 922 
1129 1517 
1834 85 
817 983 
1133 1488 
1153 1080 
1218 408 
1319 1595 
1752 1618 
86 107 
1784 1797 
1800 1840 
250 1024 
1158 1330 
1374 750 
35 1027 
1428 1663 
281 185 
1727 88 
761 1266 
1665 886 
1010 1595 
270 397 
1682 1140 
1266 758 
2000 194 
1232 1087 
196 257 
1240 1785 
900 1396 
338 718 
743 1988 
689 828 
998 1175 
1892 659 
920 494 
1824 1966 
232 1013 
1082 1327 
1870 588 
1653 541 
1683 527 
597 1234 
226 1588 
940 952 
752 1106 
1590 183 
978 1496 
286 732 
667 785 
1814 519 
693 1054 
1720 842 
1181 1378 
1490 1186 
1897 1932 
67 471 
1537 1583 
1023 37 
451 750 
770 1543 
1547 336 
945 981 
1208 1556 
1582 962 
1218 1379 
997 1309 
1384 1481 
1626 516 
734 785 
724 840 
1297 1340 
301 895 
1453 1839 
817 1 
1117 295 
1025 439 
61 502 
558 566 
998 1536 
1751 1154 
1979 1294 
1398 1677 
1707 1859 
1189 1323 
1507 844 
1002 266 
1409 1759 
310 1231 
1673 1733 
294 981 
1014 1387 
1837 758 
1219 1300 
1555 106 
315 780 
234 307 
1399 1931 
911 353 
930 621 
1065 1773 
870 1519 
1601 301 
365 1617 
1743 437 
918 1732 
1979 313 
1495 1539 
1810 1329 
1602 1940 
333 1344 
1653 1399 
1758 69 
1384 1709 
913 975 
733 1797 
711 776 
1093 1239 
869 1120 
1341 1383 
968 1047 
1516 146 
921 1042 
1258 1564 
943 1198 
1915 201 
1068 1477 
962 980 
286 616 
1747 390 
1419 16 
826 1233 
1459 503 
641 900 
1017 1139 
1904 1735 
1930 503 
1084 1151 
1628 1774 
69 419 
310 1072 
1639 1924 
1246 1416 
1621 1183 
1539 1750 
359 1067 
1250 200 
654 825 
231 274 
768 910 
1559 452 
1663 1693 
227 491 
493 526 
951 146 
1220 1913 
254 673 
1152 926 
1252 1608 
1756 70 
1372 181 
602 765 
1491 1603 
292 322 
683 958 
1087 1126 
620 647 
1316 1865 
823 1270 
1415 1813 
137 258 
297 444 
730 1183 
795 644 
1421 1494 
1627 1675 
103 133 
432 558 
752 1323 
1531 583 
120 169 
1160 1325 
1474 962 
1273 1335 
1771 1909 
355 1090 
1202 1550 
77 503 
1223 1320 
425 916 
1754 768 
1908 43 
1094 1095 
576 1860 
1873 15 
601 1274 
155 1002 
1196 135 
749 818 
985 1417 
788 1495 
87 307 
920 1232 
686 722 
1261 681 
787 937 
303 792 
839 1033 
1435 423 
646 1231 
1542 888 
1085 1529 
980 1654 
346 698 
1707 1363 
1898 1200 
1245 1938 
713 1336 
1680 1706 
221 555 
984 1754 
61 87 
1821 1987 
751 1032 
1064 1523 
1679 1811 
720 905 
976 1271 
1348 1665 
194 351 
1830 18 
550 1323 
1533 294 
626 1524 
1531 1543 
857 1172 
1572 1877 
1878 13 
86 237 
452 519 
630 920 
1159 1430 
101 195 
1828 373 
1480 1534 
713 732 
96 647 
761 780 
1080 1848 
1452 1147 
452 834 
979 989 
1706 61 
202 1913 
694 1509 
1069 1872 
250 1454 
1608 1322 
1380 1495 
530 1349 
1477 119 
6 802 
1026 1426 
1434 1693 
1249 1997 
43 111 
1170 1314 
188 370 
1161 1200 
1452 1678 
1753 1776 
521 928 
1316 300 
368 920 
966 1045 
706 1103 
1107 1701 
913 1220 
1636 422 
906 1847 
954 1765 
269 379 
898 954 
1792 1934 
263 1033 
1230 139 
1027 1043 
1297 11 
12 652 
1195 1237 
1373 1621 
1092 1109 
1676 1747 
1862 425 
1120 1248 
1110 1800 
1239 531 
1552 510 
1308 280 
380 920 
1343 306 
363 652 
1086 1534 
317 1214 
1976 295 
1062 1075 
1473 301 
1330 1429 
311 317 
937 1775 
655 1089 
165 1491 
1741 1203 
1726 1890 
488 1036 
1650 1702 
182 189 
628 1014 
1411 66 
1347 1059 
351 514 
669 1334 
1348 1720 
468 982 
1779 1840 
390 891 
1623 163 
386 751 
1311 1697 
1716 1849 
1942 126 
912 1258 
1991 556 
1339 1807 
107 150 
319 1579 
1874 1887 
617 678 
1546 203 
366 558 
204 1455 
93 1432 
1516 1772 
316 332 
1153 1287 
1787 365 
1228 1858 
380 929 
1145 1566 
118 130 
138 1264 
117 222 
1905 105 
936 1130 
1750 491 
1056 1622 
158 196 
980 1481 
1528 1854 
1974 518 
1872 781 
1078 1751 
195 230 
541 1806 
514 562 
738 1055 
1513 1858 
1130 1508 
737 907 
1205 1289 
1963 75 
1138 1587 
1652 594 
606 671 
1105 1259 
76 101 
707 874 
1047 170 
280 500 
20 612 
1008 1215 
305 1465 
1770 755 
1723 1857 
70 662 
824 418 
1044 1417 
1612 1837 
828 1243 
1259 1570 
658 966 
1461 1610 
1624 1713 
1833 180 
1304 791 
993 996 
1413 1927 
16 302 
309 835 
101 1198 
1344 431 
1582 1768 
1805 680 
917 931 
1154 1328 
1332 620 
1184 1071 
1115 1525 
1563 1984 
652 1638 
1825 779 
386 507 
988 1180 
1300 319 
1119 1585 
196 1453 
709 1222 
1439 628 
1332 1678 
787 1222 
1363 1399 
205 668 
1055 1868 
100 539 
1087 1522 
1326 1408 
380 512 
1081 1461 
1496 105 
924 1360 
1865 1903 
246 377 
814 845 
1698 1725 
538 1243 
1969 376 
417 1194 
1690 127 
229 945 
1149 1964 
1807 434 
1390 1759 
570 198 
1388 73 
254 1627 
868 1018 
1706 1731 
1790 1798 
544 1534 
1742 36 
754 1934 
47 1577 
1812 1186 
968 1058 
1970 371 
1857 177 
1095 1969 
586 653 
10 253 
880 961 
1320 190 
677 784 
481 1437 
1518 847 
1297 24 
549 561 
1065 1615 
1746 1799 
416 1423 
819 1294 
553 726 
958 1120 
812 120 
538 1850 
1423 86 
288 446 
1852 231 
338 749 
1402 720 
943 983 
1415 1432 
1540 1560 
1944 24 
206 1182 
1005 1316 
1452 1311 
1695 516 
1458 337 
779 1375 
1922 430 
561 1087 
196 479 
1411 1693 
89 444 
1640 1450 
921 1277 
1589 1960 
298 649 
1217 1553 
647 992 
1555 1588 
1939 43 
137 1032 
1074 1601 
1432 1437 
768 1512 
1656 1813 
416 783 
1019 1891 
1959 1404 
1849 984 
1072 1354 
1596 1641 
59 1920 
889 1145 
278 534 
725 855 
1219 1961 
312 402 
439 1484 
151 321 
552 624 
1019 1457 
1855 428 
519 1533 
1600 700 
935 1591 
1745 382 
657 1336 
1377 168 
929 1114 
411 463 
804 1963 
791 793 
1292 1746 
406 562 
1093 1304 
1895 20 
293 1276 
1879 927 
1126 1300 
1647 216 
878 1535 
1774 1806 
13 368 
510 948 
1037 1188 
1337 1350 
259 1072 
1652 122 
784 1547 
1554 1661 
1688 501 
528 741 
1250 1608 
1904 1013 
439 1571 
985 1008 
1410 1600 
197 272 
1467 1511 
89 206 
1657 1942 
173 948 
1305 481 
805 109 
1299 1682 
16 211 
830 672 
731 1408 
1880 111 
464 562 
855 968 
1462 645 
1322 743 
1172 1604 
709 767 
1992 317 
331 431 
445 1005 
1616 852 
911 1397 
539 679 
878 1799 
535 909 
1848 104 
855 1222 
1264 1381 
664 759 
1547 1890 
540 1105 
1120 759 
1869 1367 
517 1232 
1652 1169 
1661 146 
286 986 
1232 1535 
1614 336 
1797 39 
338 1358 
1873 258 
866 578 
1503 1654 
49 202 
299 1198 
1674 758 
941 1004 
1055 1227 
776 1161 
1176 915 
42 298 
1454 382 
1524 1619 
101 1142 
218 721 
1764 1070 
1307 1766 
1972 685 
1021 1823 
1554 1721 
131 394 
448 1675 
534 869 
1326 1518 
1648 719 
827 1178 
1488 1645 
1652 1121 
1762 1081 
1528 332 
1023 1111 
318 515 
658 854 
1141 500 
1483 1529 
490 1032 
819 881 
934 1041 
1585 61 
417 661 
851 778 
1254 1854 
1125 1406 
1997 264 
1701 70 
234 377 
567 1825 
665 1562 
978 1333 
1958 75 
244 1352 
1476 540 
849 1121 
1354 33 
341 446 
1411 988 
1067 1490 
1782 435 
1212 1129 
1780 1853 
458 1806 
685 1298 
223 955 
1011 1331 
712 1951 
358 363 
839 851 
1103 1664 
828 849 
786 1439 
1724 824 
1954 749 
780 790 
1047 1416 
243 349 
357 557 
1863 1052 
932 873 
1892 1184 
1570 1836 
21 908 
1019 1696 
44 1081 
18 167 
1482 1731 
1091 1283 
1341 1664 
801 1020 
1147 697 
1180 1784 
335 482 
818 1378 
256 469 
876 1483 
1329 1337 
1931 1972 
860 653 
978 1506 
893 305 
366 870 
920 1216 
1936 244 
764 787 
83 1053 
1872 138 
259 708 
827 11 
13 1057 
1174 1684 
1902 1933 
1781 125 
1344 38 
301 407 
962 1623 
77 120 
542 1126 
1937 747 
380 1279 
1328 622 
1032 1689 
182 875 
1297 1447 
1225 373 
447 1685 
352 1118 
1953 50 
273 590 
1201 184 
925 1302 
415 491 
919 1326 
1473 303 
1506 1545 
1788 1795 
1079 1613 
122 553 
1062 1181 
1236 588 
649 931 
1454 1623 
862 37 
124 788 
1272 88 
233 279 
501 1267 
466 786 
1269 1726 
1837 625 
1009 1281 
1309 1950 
478 587 
806 1025 
1266 132 
527 668 
1427 1625 
3 227 
471 1542 
1992 105 
900 1944 
30 272 
293 418 
536 558 
584 603 
876 1001 
1413 1580 
1608 484 
736 1023 
1589 260 
393 1378 
940 1392 
1814 1854 
1949 1972 
684 1097 
1229 899 
1539 1747 
508 980 
1023 1045 
1058 1142 
1385 1530 
1607 763 
1190 92 
124 583 
1230 636 
757 313 
467 1213 
1494 668 
907 1047 
1748 1910 
275 859 
1265 1468 
1508 1577 
827 754 
1035 1119 
1337 1784 
131 639 
1191 202 
390 539 
611 1855 
999 1142 
376 1711 
1732 1737 
1762 427 
923 101 
804 1310 
1831 1225 
1481 31 
485 726 
1433 1770 
218 441 
691 1301 
377 765 
775 1859 
121 308 
503 1976 
427 133 
1951 589 
590 1893 
1938 846 
1064 122 
1965 1594 
1856 512 
720 1903 
1978 1763 
1870 1994 
181 708 
988 259 
442 487 
523 886 
1759 1925 
298 1403 
1527 1810 
1791 1879 
1148 1233 
1504 193 
585 662 
1223 483 
703 780 
1086 1244 
1479 1580 
232 1505 
1318 1581 
285 1327 
1565 1948 
1321 1657 
1701 478 
1115 553 
1573 1754 
1113 1333 
296 429 
836 874 
567 1281 
1365 1398 
1572 1949 
128 487 
543 643 
926 1327 
441 461 
1695 621 
1137 1390 
1843 173 
394 726 
1337 268 
550 745 
534 772 
1086 1376 
1432 1445 
1655 797 
1106 1567 
1658 382 
673 841 
961 1160 
567 1074 
1479 1876 
1172 1222 
1984 738 
1923 328 
664 1465 
1947 1276 
149 664 
1245 25 
285 443 
1038 1789 
38 417 
452 1631 
1923 938 
1648 198 
1066 1499 
1571 1605 
37 363 
920 458 
532 1264 
1025 1100 
1276 1326 
1842 322 
804 1457 
1840 728 
785 1199 
310 1590 
1886 655 
772 1023 
1696 1763 
64 912 
1374 407 
1298 1370 
1790 156 
356 846 
1119 1564 
1951 421 
769 1330 
217 461 
617 1754 
1169 1610 
491 1385 
697 1845 
1960 743 
751 862 
1847 1848 
239 866 
82 814 
1483 1563 
292 438 
822 921 
926 1008 
1814 39 
92 121 
401 1092 
1295 286 
450 915 
1003 578 
1474 219 
403 592 
1323 1694 
1096 1216 
1342 1509 
1910 1917 
368 238 
1595 1651 
1809 5 
298 1172 
1844 1924 
75 552 
739 826 
892 1996 
540 591 
1894 1170 
195 935 
1512 11 
208 616 
1243 765 
1885 997 
1082 1617 
1637 1717 
1855 1531 
1584 1805 
1745 1852 
14 58 
827 46 
55 484 
1967 247 
592 1131 
1572 1776 
244 259 
659 1671 
1925 585 
926 28 
98 120 
483 653 
855 931 
1936 126 
1130 110 
319 1823 
1329 858 
1603 879 
434 1104 
1124 1671 
647 680 
804 1708 
641 153 
883 1888 
5 703 
926 1481 
1786 92 
619 1904 
1456 1643 
1890 72 
1284 1798 
608 905 
1846 1884 
1917 1451 
552 955 
1598 468 
714 1501 
1661 1000 
1731 498 
841 1393 
486 1109 
1379 1484 
572 813 
1373 1844 
311 339 
670 18 
148 391 
495 745 
766 1386 
1603 1627 
7 368 
1386 1429 
1738 739 
989 1350 
1738 608 
1485 206 
1304 1707 
106 1221 
1468 83 
645 252 
903 253 
396 562 
1090 683 
821 863 
1783 421 
1038 1661 
60 266 
1462 1837 
493 1457 
1550 542 
1418 1690 
1945 606 
968 985 
1718 413 
513 681 
732 1316 
1529 1897 
172 1558 
1691 1731 
265 612 
1659 1930 
377 525 
1080 1272 
1472 1957 
865 1436 
1931 1973 
1987 218 
596 1024 
1842 1937 
234 481 
761 323 
529 1244 
1614 1975 
529 705 
1128 219 
1028 1897 
924 1971 
245 1323 
1295 1523 
1742 1955 
366 1003 
1927 1340 
1376 1543 
1960 586 
850 1111 
1306 1379 
1983 1054 
652 792 
428 986 
586 1566 
596 1068 
1568 1865 
1883 230 
598 1237 
1716 246 
822 1103 
1761 977 
1379 1768 
757 1199 
670 975 
1243 1412 
1706 1955 
258 1450 
449 155 
896 1213 
1745 1769 
372 674 
935 1012 
1411 1910 
270 482 
597 720 
792 156 
362 820 
839 1695 
1885 1389 
1616 1671 
1656 1054 
1157 1181 
832 1218 
54 513 
763 888 
1274 114 
203 272 
1095 1545 
83 381 
393 843 
1198 1209 
145 640 
648 1049 
40 1043 
354 93 
287 394 
1290 1349 
1903 1431 
1631 1758 
1633 133 
982 1475 
355 650 
1410 1823 
57 123 
152 270 
491 1522 
410 1515 
1694 824 
1269 810 
926 938 
1269 1874 
1517 636 
748 1614 
1705 1746 
1870 1874 
565 867 
1212 1640 
965 1197 
691 1604 
1567 1670 
1850 101 
493 1536 
1890 197 
315 507 
1524 395 
634 39 
453 668 
1727 80 
1955 265 
2000 195 
1124 1992 
401 558 
1444 1911 
522 988 
1384 1723 
1760 82 
582 805 
1473 1654 
128 1319 
1737 1465 
4 237 
65 248 
1925 1447 
1655 107 
796 1016 
1330 1722 
1931 581 
1034 1463 
1658 557 
783 991 
1031 1255 
1883 1914 
1513 1552 
1740 276 
883 1238 
381 417 
1531 1854 
251 805 
346 1297 
1555 131 
819 1443 
219 1409 
673 868 
246 435 
905 1124 
1566 1648 
1976 51 
211 252 
727 497 
516 89 
669 861 
1300 317 
1440 436 
702 1636 
141 243 
765 1446 
456 1532 
927 77 
350 936 
1505 1620 
112 689 
1393 1441 
13 594 
533 1218 
1288 1651 
8 1148 
13 485 
666 803 
1129 1006 
1114 198 
546 582 
1368 1425 
898 1373 
1515 525 
1377 1434 
275 615 
12 1944 
66 649 
1929 225 
17 223 
441 1848 
1129 1640 
32 160 
1686 232 
842 1147 
52 234 
930 1118 
1459 83 
607 655 
280 876 
1028 157 
737 396 
442 1125 
1196 1423 
1995 463 
749 1431 
1698 1951 
139 275 
506 587 
1077 677 
679 790 
991 526 
967 1451 
894 942 
1896 1961 
145 1695 
1852 1981 
178 804 
1357 341 
635 1395 
1683 296 
924 1411 
1601 591 
928 1802 
116 199 
460 541 
1257 1503 
1984 110 
310 366 
412 536 
795 797 
1511 1888 
1916 490 
965 1886 
1924 425 
1841 1864 
312 81 
289 905 
1662 1871 
595 1110 
1286 381 
1174 1887 
1992 481 
599 27 
41 414 
1339 254 
1450 245 
1428 1482 
1878 661 
686 1036 
1115 1379 
1424 1507 
1763 299 
968 1094 
546 996 
1626 134 
496 1885 
1966 166 
1368 1524 
1658 28 
193 597 
164 580 
499 768 
293 1267 
508 1314 
35 1349 
143 830 
1287 1770 
1172 1902 
24 162 
201 78 
1231 1541 
172 223 
484 625 
1993 652 
661 233 
538 1900 
1629 1271 
1388 637 
790 1002 
1538 932 
1989 406 
410 915 
910 1251 
1313 1377 
1571 1890 
1927 68 
156 345 
911 1141 
1142 1697 
515 1512 
358 553 
1263 1313 
1336 909 
1090 1903 
62 68 
370 523 
531 1126 
19 762 
994 1003 
237 736 
1289 1772 
244 1656 
375 890 
1578 1929 
1306 912 
979 13 
1847 163 
865 1061 
370 1376 
1237 634 
1254 1557 
1196 1371 
1632 325 
649 1277 
56 218 
233 1134 
1553 760 
1327 1385 
323 454 
719 1739 
1024 1099 
49 294 
1516 1595 
1654 123 
446 592 
712 893 
1177 1959 
845 1010 
1383 1611 
260 288 
777 463 
673 763 
1184 171 
945 1321 
189 391 
899 663 
761 1076 
1884 209 
775 1103 
1280 1727 
1806 103 
813 1568 
1608 1863 
602 1362 
1526 81 
177 344 
443 912 
1963 941 
1967 153 
624 729 
1567 1267 
1271 68 
581 1252 
1581 336 
514 583 
728 1087 
1754 251 
972 397 
1162 1958 
229 271 
392 526 
708 1803 
974 1301 
1451 1556 
574 781 
1477 324 
457 519 
555 1027 
1098 203 
1648 522 
1575 682 
818 900 
1003 1337 
1872 1909 
421 973 
980 1292 
1422 668 
890 215 
474 871 
1051 401 
609 1013 
1169 216 
846 244 
668 678 
244 836 
977 1484 
620 1865 
174 237 
523 1401 
190 302 
328 549 
755 1271 
1669 765 
871 935 
983 1326 
1768 1990 
1628 1858 
23 24 
182 626 
1240 446 
1101 129 
482 865 
1028 311 
603 1541 
210 475 
666 885 
1362 15 
1804 82 
618 1386 
553 620 
1954 576 
1134 1253 
1941 765 
1074 1387 
1666 262 
1517 838 
1574 1638 
1781 1794 
745 839 
1643 1227 
1697 21 
345 800 
684 1377 
1308 1344 
58 545 
679 1470 
1923 207 
370 363 
979 1493 
1625 44 
59 794 
1200 1247 
1404 1718 
114 1010 
1288 1483 
243 509 
595 1070 
1201 1889 
24 139 
327 401 
1009 731 
1834 985 
1101 1285 
1505 1819 
1950 755 
1202 1267 
1360 1851 
139 370 
435 869 
922 1659 
1806 57 
81 442 
1068 1103 
1113 1243 
1633 1654 
1806 574 
144 790 
191 186 
482 1298 
1511 1520 
1746 129 
443 477 
1160 1433 
184 926 
1017 1293 
1713 1718 
1791 82 
131 1072 
1073 1347 
1687 1955 
375 461 
1350 1392 
695 1263 
1938 1122 
1684 68 
693 982 
1581 212 
280 923 
1387 242 
1067 1194 
1723 1803 
347 1932 
1228 415 
1519 786 
454 979 
465 476 
679 1611 
273 213 
1335 1647 
105 725 
1756 2000 
349 963 
1804 359 
744 1368 
1610 1537 
1786 832 
84 348 
1929 682 
779 1469 
459 1179 
772 1138 
1572 1622 
1757 145 
617 733 
840 1119 
1229 1788 
1115 664 
920 1532 
1524 1695 
1699 515 
726 174 
496 855 
534 660 
1803 1878 
1976 367 
1085 1428 
489 1650 
1701 381 
518 1815 
23 1327 
718 723 
1218 1787 
1243 1966 
270 1200 
1695 578 
1850 917 
403 1242 
1418 43 
609 1073 
1656 1959 
203 558 
1553 1135 
1219 1702 
322 633 
726 740 
985 183 
299 944 
1384 1488 
1510 1761 
300 578 
1202 1953 
540 1091 
310 711 
740 1471 
1616 677 
852 1185 
104 105 
1194 1613 
93 1844 
291 1178 
1159 985 
1508 1188 
893 1168 
1569 1642 
1546 1949 
735 1116 
1241 1952 
1063 1223 
1321 1515 
1864 1897 
563 582 
728 1597 
1603 1948 
447 676 
82 573 
807 907 
27 94 
632 1522 
1060 1634 
1822 1860 
287 751 
1004 1084 
1659 1820 
730 1543 
490 1213 
1723 209 
1638 1914 
1968 662 
683 1541 
780 1083 
1527 1171 
1513 29 
656 993 
1164 249 
205 773 
1880 146 
238 932 
1077 140 
1408 1363 
1437 1090 
608 900 
1161 522 
1026 1696 
1839 314 
1137 838 
1592 486 
576 1322 
1537 1714 
136 968 
989 560 
1595 443 
643 942 
1058 864 
1242 28 
195 318 
825 870 
1021 1371 
750 1068 
1333 1075 
67 386 
1647 1852 
1540 1653 
1860 366 
394 819 
1433 1752 
435 841 
1949 162 
510 613 
1563 35 
46 63 
280 1365 
112 168 
518 930 
1845 473 
535 574 
429 683 
1790 1848 
1960 1000 
1663 179 
1895 1065 
1760 203 
802 1231 
965 1775 
971 1191 
1376 1891 
1997 382 
874 901 
142 457 
1243 1868 
11 648 
932 1445 
386 571 
1028 1600 
1433 1820 
84 773 
1232 1383 
1597 1777 
334 742 
1035 1270 
1690 647 
1173 1463 
1642 237 
1140 1201 
1451 1617 
124 483 
633 1296 
1642 1673 
1839 1896 
113 393 
1144 1351 
1629 711 
818 1621 
1931 316 
469 1396 
1383 1618 
1743 1937 
161 1920 
1948 681 
1139 1455 
1726 552 
1099 1890 
556 809 
1152 1247 
1414 1906 
187 670 
1526 170 
1308 1525 
1845 1889 
127 963 
1462 1970 
643 821 
1755 542 
825 1087 
1779 1848 
1997 199 
926 1688 
105 519 
556 1039 
1175 17 
1189 1413 
1855 1969 
139 555 
752 560 
606 698 
764 797 
452 1151 
1953 437 
1405 1477 
1684 1264 
1759 158 
473 497 
925 207 
214 726 
1487 1257 
1343 1461 
299 541 
918 439 
556 1102 
1458 1604 
901 1128 
628 1448 
78 127 
318 439 
767 791 
111 367 
1876 14 
1893 53 
525 1084 
1970 280 
1757 351 
601 1173 
279 737 
1290 1430 
209 258 
767 816 
463 738 
1177 441 
1321 1287 
387 1088 
1813 501 
357 726 
186 835 
87 670 
1021 1492 
484 1012 
973 1951 
636 1107 
1181 1712 
986 1150 
1312 133 
1109 1307 
1447 1696 
1932 339 
661 861 
1702 1926 
186 770 
1000 1267 
1906 557 
979 1043 
1410 1589 
148 368 
976 1861 
1954 358 
375 1352 
1325 1797 
701 933 
280 1279 
249 627 
92 920 
969 972 
1314 1390 
1757 441 
667 187 
437 1039 
53 674 
827 1957 
1912 650 
426 738 
736 921 
1572 1682 
63 428 
1007 1868 
163 754 
1764 1476 
1759 957 
1680 397 
407 1030 
1296 1480 
1647 745 
1452 1511 
1064 1783 
172 1789 
65 752 
772 1509 
469 739 
1229 42 
474 1764 
1806 1897 
1959 510 
1052 1072 
1452 1956 
326 783 
1149 1543 
51 170 
1000 1755 
926 1828 
508 573 
768 920 
1307 1973 
173 303 
662 1016 
1404 1659 
1298 1399 
69 660 
903 1441 
1912 797 
1094 1145 
1965 168 
715 92 
785 1122 
1438 1739 
1823 470 
1038 1515 
1773 398 
1520 179 
809 1191 
1672 316 
358 496 
595 1518 
309 641 
1410 274 
280 622 
886 907 
268 662 
1792 917 
1365 284 
443 1245 
1789 518 
696 1072 
1630 75 
493 1338 
1697 30 
1262 1517 
1627 260 
998 1135 
1288 1136 
1379 1637 
165 1456 
84 587 
1186 278 
1038 1633 
1957 282 
671 1352 
1460 1798 
495 1861 
734 1147 
1209 1790 
67 745 
1817 86 
145 1447 
1513 1516 
1652 1913 
1060 1355 
204 819 
1923 317 
1955 763 
1401 1486 
1595 1669 
64 150 
818 999 
1181 1324 
1731 616 
1419 1895 
1030 1196 
1673 31 
650 766 
795 819 
1642 116 
334 422 
475 1487 
543 802 
1161 1296 
1379 985 
1168 1761 
284 742 
1123 1278 
1429 1693 
125 261 
774 974 
1837 247 
986 1171 
1247 139 
232 1089 
1378 1457 
1610 1869 
1968 245 
767 796 
1065 1082 
1236 403 
502 1499 
1673 156 
850 865 
1750 1854 
96 406 
553 1350 
13 38 
67 1955 
92 1336 
1647 1872 
1150 1044 
1054 1122 
1826 116 
1620 1757 
1946 460 
1516 1651 
1663 803 
1818 2000 
518 817 
596 29 
455 1735 
54 582 
678 552 
195 549 
1594 110 
153 408 
777 1589 
148 424 
1228 145 
169 233 
883 1389 
1537 1987 
1996 79 
895 1759 
64 323 
1210 1386 
767 1530 
32 338 
892 1763 
123 689 
1085 1512 
222 1088 
1905 1990 
202 365 
209 502 
578 733 
1656 1027 
1140 1981 
136 729 
981 1121 
1226 1414 
1425 216 
862 1008 
1474 1569 
624 1269 
1357 1628 
685 1219 
1943 1414 
285 353 
586 833 
974 1419 
616 1431 
1570 1933 
1145 263 
549 567 
697 1115 
455 544 
1076 1055 
181 477 
1967 68 
1713 1935 
314 939 
1566 662 
1385 1710 
1477 1822 
624 1110 
154 341 
1038 261 
1086 1368 
1385 1744 
1796 32 
82 434 
620 63 
236 331 
816 1169 
151 255 
657 1160 
1393 1459 
1809 852 
56 685 
304 364 
615 911 
1522 405 
1154 1306 
1769 22 
1757 1950 
1785 65 
697 864 
1066 1088 
1648 472 
939 1996 
460 492 
1677 1944 
1743 939 
1162 1073 
1074 113 
1294 1616 
1173 1996 
614 1949 
74 699 
1099 47 
285 470 
1520 1736 
80 255 
1718 151 
754 1040 
1118 1969 
179 285 
377 716 
760 1146 
1383 37 
488 596 
925 1886 
931 497 
640 1664 
452 645 
219 397 
1489 13 
40 582 
4 527 
550 976 
1015 1316 
1528 1605 
1774 508 
1402 1978 
1410 1551 
1581 1672 
1729 1847 
317 476 
1135 459 
693 962 
1538 1592 
1685 1160 
1502 1112 
1433 1655 
183 820 
939 1809 
1913 960 
1008 1243 
1689 1825 
812 1591 
1602 1775 
589 813 
1878 320 
1849 667 
1113 1337 
1118 1727 
656 944 
1254 1874 
1889 523 
633 1277 
244 468 
1617 493 
764 1755 
611 1504 
1764 236 
582 1043 
1991 1511 
62 189 
621 1529 
226 843 
884 1352 
841 1081 
1598 399 
868 935 
414 1730 
98 263 
321 1058 
1405 352 
634 1423 
902 1411 
1899 374 
997 1599 
1626 168 
697 1010 
1496 1640 
203 964 
1385 1815 
1868 186 
590 1624 
213 1353 
902 17 
1718 41 
151 399 
479 798 
1576 697 
1061 1638 
1919 196 
716 787 
61 399 
598 1844 
1969 69 
172 1230 
1320 1393 
1417 1345 
1403 52 
667 1039 
241 252 
646 764 
844 1306 
1378 1379 
1602 150 
626 692 
59 1030 
1723 1762 
473 963 
1904 552 
115 122 
701 59 
120 515 
742 1558 
431 923 
1023 142 
1421 1791 
148 1641 
1674 1376 
365 1457 
1510 551 
1456 1715 
814 1050 
1138 1616 
155 420 
671 834 
1763 1671 
1885 559 
1607 17 
160 177 
554 36 
941 358 
662 393 
1375 1839 
861 1924 
1967 461 
660 911 
1083 1657 
325 1844 
447 1474 
1516 1835 
399 621 
1004 361 
1234 1003 
1092 982 
1031 1070 
1442 1800 
1838 53 
1018 1494 
1526 1062 
172 588 
1019 1282 
1757 1980 
12 562 
789 1019 
1208 1496 
1529 1889 
624 744 
1767 284 
722 1150 
1426 1975 
47 281 
1377 338 
724 1040 
1226 1486 
843 643 
830 923 
1175 1664 
751 937 
1038 1532 
957 657 
704 635 
647 1338 
455 948 
530 1456 
1487 188 
1573 1639 
596 371 
857 1307 
1234 1451 
514 684 
1109 1334 
227 680 
1507 1590 
1791 793 
1659 66 
421 960 
1146 1957 
1236 572 
644 879 
1326 1669 
115 172 
182 196 
530 800 
28 627 
1142 1146 
1770 220 
990 1548 
1898 1947 
557 1922 
139 557 
1242 1417 
1766 762 
964 285 
779 1467 
14 1109 
1172 290 
310 1062 
1304 1037 
1121 1246 
1827 341 
363 1007 
1233 1747 
627 1238 
71 330 
1057 1232 
1373 1526 
1770 1848 
615 791 
1060 1151 
1268 1523 
203 743 
1505 1961 
417 860 
50 954 
1549 299 
1033 7 
761 1500 
1650 1225 
1516 1913 
39 436 
1087 1096 
1451 1602 
227 545 
1876 355 
1788 13 
1261 1910 
387 883 
1255 112 
684 959 
1134 1272 
491 768 
1059 1810 
107 148 
638 1691 
1524 1571 
228 528 
523 1326 
931 1028 
1119 1900 
1159 1586 
1613 506 
569 1642 
1762 1896 
1172 1460 
144 147 
485 1232 
1951 29 
1028 1062 
1798 746 
1521 50 
119 1948 
731 1877 
15 192 
992 998 
1363 1645 
137 150 
495 1031 
1233 1836 
962 1044 
1167 64 
1570 664 
1100 1268 
277 1205 
1279 1407 
239 492 
1089 123 
206 254 
465 871 
1091 1169 
1518 332 
436 1394 
1569 1964 
1968 883 
1702 590 
700 1953 
1710 876 
1048 888 
1092 1520 
547 954 
1388 15 
738 474 
85 1349 
181 624 
774 1698 
726 919 
1204 1735 
1085 106 
1672 38 
993 1876 
1983 337 
973 1452 
1521 1921 
923 979 
1448 1490 
1741 912 
1376 1729 
208 847 
953 1012 
1219 1565 
1916 1450 
897 1434 
1536 1934 
41 168 
854 1348 
1573 205 
1099 1115 
1155 1386 
1646 1668 
305 1603 
43 1090 
1585 1637 
1870 31 
107 135 
139 836 
1319 127 
292 743 
1297 1429 
1602 736 
1018 1102 
1498 749 
1225 1891 
20 649 
758 1309 
691 1932 
288 956 
1614 330 
420 1246 
1424 120 
146 1042 
1310 1709 
1836 1460 
1660 1932 
686 705 
1532 1745 
1800 290 
703 1527 
1550 1097 
388 813 
872 923 
1091 1608 
205 643 
1094 1850 
607 951 
1181 1417 
959 1756 
453 472 
353 1847 
1226 1694 
48 1103 
1947 180 
670 991 
1231 231 
551 1091 
1684 376 
416 1265 
1337 1691 
625 1776 
784 918 
1157 1238 
5 1258 
960 274 
1218 1032 
1684 1732 
1740 136 
580 832 
1505 1529 
411 1156 
1402 1674 
