1 1 
1 2 
3 3 
4 5 
5 5 
5 6 
6 6 
7 7 
7 7 
8 8 
9 9 
9 9 
9 11 
12 12 
12 13 
13 13 
14 14 
14 15 
16 16 
16 16 
17 17 
17 17 
17 18 
19 19 
20 20 
20 21 
21 21 
21 22 
23 23 
23 23 
24 24 
25 25 
25 25 
25 25 
25 26 
26 27 
27 28 
28 28 
28 29 
29 30 
30 30 
30 30 
30 30 
30 31 
31 31 
31 32 
32 32 
32 32 
33 33 
34 34 
34 35 
35 36 
36 36 
37 38 
38 39 
39 39 
40 40 
40 40 
41 41 
41 42 
42 42 
42 43 
43 43 
43 44 
44 44 
44 44 
44 45 
45 45 
45 45 
45 45 
46 46 
46 47 
47 48 
48 48 
48 49 
49 49 
50 50 
50 50 
50 50 
50 51 
51 51 
51 51 
52 52 
52 53 
53 53 
53 53 
54 54 
54 55 
55 55 
55 56 
56 57 
57 57 
58 58 
59 59 
59 59 
60 60 
60 60 
61 61 
61 62 
62 63 
63 63 
63 64 
65 65 
65 65 
65 65 
65 66 
66 66 
67 67 
68 68 
69 69 
69 69 
69 69 
70 70 
70 71 
72 72 
73 73 
74 74 
74 74 
75 75 
76 76 
76 76 
77 77 
77 77 
78 78 
78 79 
79 80 
80 80 
81 81 
82 82 
83 83 
83 84 
84 84 
85 85 
85 86 
86 86 
87 87 
87 88 
88 88 
88 89 
89 89 
89 90 
90 90 
90 91 
91 91 
91 91 
91 91 
91 92 
92 93 
93 93 
93 94 
95 96 
96 97 
97 98 
98 99 
99 99 
99 99 
100 100 
100 101 
102 102 
103 103 
103 103 
103 103 
103 103 
104 104 
104 104 
104 104 
104 105 
105 107 
107 108 
108 108 
109 110 
111 111 
111 112 
112 113 
113 113 
114 114 
114 114 
114 114 
115 115 
115 116 
116 117 
118 118 
118 119 
119 119 
119 119 
120 120 
120 121 
121 121 
121 122 
122 122 
122 123 
123 123 
123 124 
124 124 
125 125 
125 126 
126 127 
129 129 
130 130 
130 130 
131 131 
133 133 
134 134 
134 135 
135 135 
135 136 
136 137 
137 137 
137 137 
137 138 
138 138 
139 139 
139 140 
140 140 
141 141 
141 142 
142 142 
142 142 
143 143 
144 144 
145 145 
146 146 
147 148 
149 149 
150 150 
150 151 
151 151 
152 152 
152 153 
153 153 
153 153 
153 153 
153 156 
157 157 
158 158 
159 159 
160 160 
161 161 
161 161 
161 162 
162 162 
162 162 
163 163 
163 163 
164 164 
165 165 
166 167 
167 168 
168 168 
169 169 
169 170 
170 170 
171 171 
171 171 
172 172 
173 173 
173 174 
174 175 
175 175 
176 177 
177 177 
178 178 
178 178 
178 178 
179 179 
179 179 
179 179 
180 180 
180 181 
181 181 
182 183 
183 184 
184 184 
185 185 
185 185 
185 186 
187 187 
187 187 
188 188 
188 188 
188 188 
189 189 
189 190 
190 190 
191 191 
191 192 
192 192 
192 192 
192 193 
193 193 
193 193 
193 194 
194 194 
194 195 
196 196 
197 197 
197 198 
199 199 
199 200 
200 200 
200 200 
201 202 
202 203 
203 204 
205 205 
205 206 
206 206 
208 208 
208 209 
209 209 
209 210 
210 210 
210 210 
211 211 
212 213 
213 213 
213 213 
214 214 
215 216 
216 217 
217 217 
218 218 
218 219 
219 219 
220 220 
220 221 
221 221 
222 222 
222 223 
224 226 
226 226 
226 227 
227 228 
228 229 
229 231 
231 231 
233 233 
233 233 
234 234 
234 235 
235 236 
236 236 
237 237 
237 238 
238 239 
239 239 
240 240 
240 240 
240 241 
241 241 
241 242 
243 243 
243 244 
245 245 
245 246 
246 247 
247 247 
247 247 
248 248 
248 248 
249 249 
250 250 
251 251 
252 252 
252 252 
253 253 
253 254 
255 255 
255 255 
255 256 
256 256 
256 256 
257 257 
257 257 
257 257 
257 257 
257 258 
258 259 
259 259 
259 259 
260 260 
261 261 
261 261 
262 262 
262 262 
262 262 
263 263 
263 264 
264 264 
265 265 
265 266 
266 266 
266 266 
267 267 
267 267 
268 268 
268 269 
270 270 
270 270 
270 271 
271 272 
272 272 
272 272 
272 272 
273 273 
273 273 
273 274 
274 274 
275 275 
276 277 
277 277 
278 278 
278 279 
280 281 
281 281 
281 281 
282 282 
282 283 
283 284 
285 286 
286 286 
287 288 
288 288 
288 289 
289 289 
289 290 
290 290 
290 291 
291 291 
293 293 
293 294 
294 295 
295 295 
296 296 
296 297 
297 297 
297 297 
298 298 
299 300 
300 302 
302 302 
303 303 
303 303 
303 304 
304 305 
305 306 
307 307 
307 307 
308 308 
308 308 
308 308 
308 309 
309 310 
310 310 
310 311 
311 312 
312 312 
313 314 
314 314 
314 314 
314 314 
314 315 
315 315 
316 316 
316 316 
316 317 
318 318 
318 318 
318 319 
320 321 
321 322 
322 322 
324 324 
324 325 
325 325 
325 325 
326 326 
327 327 
328 329 
329 329 
329 329 
329 329 
329 330 
331 331 
331 331 
332 332 
332 332 
333 333 
333 333 
333 334 
334 334 
335 335 
335 335 
335 336 
336 338 
338 339 
339 339 
341 341 
341 341 
341 341 
342 343 
343 344 
346 346 
346 347 
347 347 
347 347 
348 348 
348 349 
349 349 
349 349 
350 350 
350 350 
351 351 
351 351 
351 352 
352 352 
352 352 
353 353 
353 354 
355 355 
355 355 
356 356 
356 357 
357 357 
358 358 
358 359 
359 359 
359 359 
360 360 
360 360 
361 361 
362 362 
362 363 
363 363 
363 364 
365 367 
367 368 
368 368 
368 369 
369 369 
369 369 
370 370 
371 371 
371 371 
373 373 
373 373 
374 374 
374 374 
375 375 
376 377 
377 377 
377 378 
378 379 
379 379 
380 380 
380 380 
380 381 
382 382 
382 383 
383 383 
384 385 
385 385 
385 385 
386 386 
388 388 
388 389 
389 389 
389 389 
390 390 
390 392 
392 392 
393 393 
393 393 
393 394 
394 394 
394 394 
394 395 
395 396 
397 397 
397 397 
398 398 
398 399 
399 399 
399 399 
400 400 
400 400 
401 401 
401 402 
402 403 
403 403 
403 403 
404 404 
404 404 
405 405 
406 406 
406 407 
407 408 
408 409 
410 410 
410 411 
411 411 
411 412 
412 412 
413 413 
413 413 
414 414 
414 418 
418 419 
419 420 
420 422 
423 424 
424 424 
425 425 
425 425 
425 425 
426 426 
426 428 
428 428 
429 429 
429 429 
430 430 
430 431 
432 432 
432 433 
434 434 
434 435 
436 436 
437 437 
437 437 
438 438 
438 439 
439 439 
439 439 
440 440 
440 441 
441 443 
443 443 
443 444 
445 445 
445 445 
446 446 
446 446 
447 447 
448 449 
449 449 
449 449 
450 451 
451 452 
452 452 
452 453 
453 454 
454 454 
454 457 
457 458 
458 458 
458 458 
459 459 
459 459 
460 461 
461 461 
461 461 
461 462 
462 462 
462 462 
463 464 
465 465 
466 466 
466 466 
467 467 
467 467 
467 467 
468 469 
470 470 
471 472 
472 472 
472 473 
474 474 
475 475 
475 475 
476 476 
476 476 
476 476 
477 477 
477 478 
478 478 
479 479 
480 480 
480 480 
480 481 
481 481 
481 482 
482 482 
482 482 
482 483 
483 484 
484 486 
487 487 
487 488 
488 489 
490 490 
490 490 
490 490 
491 491 
492 493 
493 493 
494 494 
494 494 
494 495 
495 495 
496 496 
496 496 
496 496 
496 496 
496 496 
497 497 
498 499 
499 499 
500 500 
500 500 
501 501 
502 502 
502 503 
503 503 
504 505 
505 506 
506 507 
507 507 
507 507 
508 508 
508 508 
508 508 
509 509 
510 511 
511 512 
512 512 
512 513 
514 514 
515 515 
515 516 
516 517 
517 518 
518 519 
520 520 
521 521 
521 521 
521 521 
522 522 
522 522 
522 523 
524 524 
525 525 
525 525 
525 526 
526 526 
527 527 
527 527 
528 529 
529 529 
529 529 
530 530 
530 531 
531 531 
532 532 
533 534 
534 534 
535 535 
536 536 
537 537 
537 537 
538 538 
538 539 
539 539 
539 539 
539 540 
540 541 
541 541 
543 543 
543 543 
543 544 
544 544 
544 545 
545 545 
545 545 
547 547 
547 547 
548 548 
548 550 
550 550 
551 552 
552 552 
553 553 
553 553 
553 554 
555 555 
555 555 
555 556 
556 556 
556 557 
557 557 
557 558 
559 559 
559 559 
560 560 
560 560 
560 561 
562 562 
562 562 
563 563 
564 564 
565 565 
565 566 
567 567 
567 568 
568 568 
569 570 
570 570 
570 570 
570 571 
571 571 
572 573 
573 573 
574 574 
574 574 
574 575 
575 575 
575 575 
575 577 
577 577 
577 577 
577 577 
578 578 
578 580 
580 580 
581 581 
581 581 
582 582 
582 582 
582 582 
583 584 
584 584 
584 585 
585 585 
586 586 
586 586 
586 586 
586 587 
587 587 
588 589 
589 590 
590 592 
592 592 
592 593 
593 594 
594 594 
594 594 
595 595 
595 596 
597 597 
597 597 
598 599 
599 599 
599 600 
601 601 
601 602 
602 602 
603 603 
603 603 
603 604 
605 605 
605 605 
606 606 
606 606 
607 607 
607 607 
608 609 
609 610 
611 611 
611 611 
611 611 
612 613 
613 613 
613 614 
614 614 
615 616 
616 616 
616 616 
616 616 
617 617 
617 617 
618 618 
619 619 
619 620 
621 621 
622 622 
623 623 
624 625 
626 626 
626 626 
626 627 
627 627 
627 627 
628 628 
628 628 
628 629 
629 629 
629 629 
630 630 
630 630 
630 630 
631 632 
632 633 
633 633 
634 634 
635 635 
635 637 
637 637 
637 637 
637 638 
638 638 
639 639 
640 640 
640 640 
641 641 
641 642 
642 642 
642 643 
643 644 
644 645 
646 646 
646 646 
647 647 
647 647 
648 650 
650 650 
650 650 
650 651 
652 652 
652 653 
653 653 
653 654 
654 654 
655 655 
655 655 
655 655 
655 655 
656 656 
656 657 
658 658 
658 659 
659 659 
660 661 
661 661 
661 661 
661 661 
662 662 
662 663 
663 663 
663 663 
664 664 
664 664 
665 666 
666 666 
666 666 
666 666 
666 667 
668 668 
668 668 
668 669 
669 670 
671 671 
671 671 
671 671 
672 673 
673 673 
674 674 
674 675 
675 675 
676 676 
677 677 
678 678 
678 678 
678 679 
679 679 
680 680 
680 681 
681 682 
683 683 
683 683 
683 684 
684 684 
685 685 
686 686 
686 687 
687 687 
688 688 
690 690 
690 690 
691 691 
692 692 
692 692 
692 693 
694 694 
694 694 
695 695 
696 696 
697 697 
697 698 
698 698 
699 699 
699 699 
700 700 
701 701 
701 701 
701 701 
701 702 
702 703 
703 703 
703 703 
703 703 
703 704 
706 706 
706 707 
707 708 
708 708 
709 709 
709 710 
710 711 
711 711 
712 712 
712 712 
713 713 
713 714 
715 715 
715 715 
715 716 
716 717 
717 718 
718 719 
719 719 
719 719 
720 720 
721 721 
721 722 
722 722 
723 723 
723 723 
724 724 
724 724 
724 725 
725 725 
725 725 
725 726 
726 726 
726 727 
727 727 
727 728 
728 728 
728 729 
729 731 
731 732 
732 732 
733 733 
733 734 
735 735 
736 736 
736 737 
737 737 
737 738 
738 738 
739 739 
739 740 
740 740 
741 742 
742 742 
742 743 
743 743 
743 744 
744 744 
745 745 
746 746 
747 747 
748 748 
748 748 
748 748 
749 750 
750 750 
751 751 
751 751 
751 752 
752 753 
754 755 
755 756 
756 757 
757 757 
757 757 
758 759 
759 759 
759 759 
760 760 
760 760 
761 762 
762 762 
762 762 
762 762 
763 764 
764 764 
765 765 
766 766 
766 766 
768 768 
769 769 
769 770 
770 771 
771 771 
772 772 
772 772 
772 772 
772 772 
773 773 
773 773 
773 774 
774 774 
774 774 
775 775 
776 776 
776 776 
776 777 
777 778 
779 779 
780 781 
782 783 
783 784 
785 785 
785 786 
786 786 
786 787 
787 787 
788 788 
788 788 
789 789 
789 789 
790 790 
790 791 
791 791 
792 792 
792 793 
793 793 
793 794 
795 795 
795 795 
796 796 
796 797 
797 797 
797 797 
798 798 
798 799 
799 799 
800 800 
800 801 
801 802 
803 803 
804 804 
804 804 
804 804 
805 805 
805 805 
807 807 
807 807 
807 808 
809 810 
811 811 
811 811 
811 811 
812 812 
812 813 
813 814 
814 814 
814 815 
815 816 
817 817 
817 817 
817 818 
818 818 
818 819 
819 820 
820 820 
821 822 
822 823 
823 823 
824 824 
826 826 
827 827 
827 828 
828 829 
829 829 
829 829 
830 831 
831 831 
831 831 
832 832 
832 832 
833 834 
834 834 
834 836 
836 836 
836 836 
836 837 
837 837 
838 838 
838 838 
839 839 
839 839 
840 841 
841 841 
842 842 
842 842 
842 843 
844 844 
845 845 
846 846 
846 846 
846 846 
846 846 
847 847 
847 847 
848 848 
848 848 
848 848 
848 849 
849 849 
849 849 
850 851 
851 852 
852 852 
853 853 
853 854 
854 854 
855 855 
855 856 
857 857 
857 857 
858 858 
858 858 
859 859 
859 859 
860 861 
861 862 
862 863 
863 863 
863 863 
863 863 
864 864 
865 865 
865 865 
865 865 
866 867 
867 867 
867 867 
867 868 
868 868 
868 868 
869 869 
869 870 
870 870 
870 870 
870 870 
871 871 
872 872 
873 873 
873 873 
874 875 
875 876 
876 876 
877 877 
877 878 
878 878 
879 879 
879 880 
880 881 
881 881 
882 883 
883 883 
884 884 
884 885 
885 885 
885 886 
886 886 
886 886 
887 887 
887 887 
888 889 
890 890 
890 891 
891 892 
892 892 
892 892 
893 893 
894 894 
894 896 
896 896 
896 896 
897 897 
899 901 
902 902 
902 902 
902 903 
904 904 
904 904 
904 904 
905 905 
905 905 
905 905 
905 905 
906 906 
907 907 
908 908 
908 908 
908 909 
909 910 
910 911 
911 911 
911 911 
912 912 
912 913 
913 914 
915 915 
915 915 
915 916 
916 917 
917 917 
917 917 
918 919 
919 919 
920 920 
920 921 
921 921 
921 923 
923 923 
923 924 
924 924 
925 925 
925 925 
925 925 
926 926 
927 927 
927 928 
928 928 
929 929 
929 929 
929 930 
930 931 
931 931 
931 932 
932 932 
932 932 
933 933 
933 933 
934 934 
934 935 
935 935 
936 936 
936 937 
938 938 
939 939 
939 939 
940 940 
940 940 
940 941 
941 941 
942 942 
943 944 
944 944 
944 944 
944 945 
945 946 
946 946 
946 946 
947 948 
948 949 
950 950 
951 952 
952 952 
952 952 
953 954 
954 954 
954 954 
955 956 
956 957 
957 958 
958 958 
958 959 
959 959 
959 960 
960 960 
961 961 
962 962 
963 963 
963 963 
964 966 
966 966 
966 967 
967 967 
967 969 
969 969 
969 969 
969 970 
971 971 
972 972 
972 972 
972 973 
973 973 
973 973 
974 974 
975 975 
976 976 
976 977 
977 977 
977 977 
978 978 
978 978 
978 978 
979 979 
980 981 
981 981 
981 982 
982 982 
982 982 
983 984 
984 984 
985 985 
985 985 
986 986 
986 987 
987 987 
987 987 
987 988 
989 989 
991 991 
991 991 
991 992 
992 992 
992 993 
993 993 
993 993 
993 994 
994 994 
994 994 
996 996 
996 997 
997 997 
998 999 
999 999 
999 999 
999 1000 
1000 1000 
1001 1001 
1001 1001 
1002 1002 
1002 1002 
1003 1003 
1004 1004 
1005 1005 
1005 1006 
1006 1006 
1007 1007 
1007 1008 
1009 1009 
1009 1009 
1010 1010 
1011 1011 
1012 1012 
1012 1013 
1013 1013 
1013 1013 
1014 1014 
1014 1015 
1015 1015 
1016 1016 
1017 1017 
1017 1018 
1019 1019 
1019 1019 
1020 1020 
1020 1021 
1022 1023 
1024 1024 
1024 1025 
1025 1026 
1027 1027 
1028 1028 
1028 1028 
1029 1030 
1030 1031 
1031 1031 
1031 1032 
1032 1032 
1033 1033 
1033 1034 
1034 1034 
1034 1034 
1034 1034 
1035 1035 
1035 1035 
1035 1035 
1036 1036 
1036 1036 
1036 1038 
1038 1039 
1039 1039 
1039 1040 
1040 1040 
1041 1041 
1041 1042 
1043 1043 
1044 1044 
1045 1045 
1045 1045 
1045 1045 
1045 1046 
1046 1046 
1047 1047 
1047 1047 
1048 1048 
1048 1048 
1048 1049 
1049 1049 
1049 1049 
1049 1049 
1050 1050 
1051 1051 
1051 1052 
1052 1052 
1053 1054 
1054 1054 
1056 1056 
1056 1056 
1057 1057 
1058 1058 
1059 1060 
1060 1061 
1061 1061 
1061 1062 
1062 1062 
1062 1062 
1063 1063 
1063 1063 
1064 1064 
1064 1064 
1064 1065 
1065 1066 
1066 1067 
1067 1067 
1067 1068 
1068 1069 
1069 1070 
1070 1070 
1070 1071 
1071 1072 
1072 1074 
1074 1074 
1074 1076 
1076 1077 
1077 1077 
1077 1077 
1077 1077 
1078 1078 
1078 1078 
1078 1079 
1079 1080 
1080 1080 
1080 1080 
1082 1082 
1082 1083 
1083 1083 
1084 1084 
1085 1085 
1085 1085 
1085 1086 
1086 1087 
1087 1088 
1088 1088 
1089 1089 
1089 1090 
1090 1090 
1090 1090 
1091 1091 
1091 1091 
1091 1092 
1092 1092 
1092 1095 
1095 1095 
1097 1097 
1097 1098 
1098 1098 
1098 1099 
1099 1100 
1100 1100 
1101 1101 
1102 1102 
1102 1102 
1102 1103 
1103 1103 
1104 1104 
1104 1104 
1104 1104 
1105 1106 
1106 1106 
1107 1107 
1108 1108 
1109 1109 
1109 1109 
1109 1110 
1110 1110 
1110 1111 
1111 1112 
1113 1113 
1113 1113 
1114 1114 
1114 1115 
1115 1116 
1116 1116 
1116 1116 
1117 1117 
1118 1118 
1118 1118 
1118 1118 
1118 1119 
1119 1120 
1120 1120 
1120 1120 
1122 1123 
1123 1123 
1123 1123 
1123 1124 
1124 1124 
1125 1125 
1125 1125 
1125 1126 
1126 1126 
1127 1128 
1128 1128 
1128 1128 
1128 1129 
1129 1129 
1130 1130 
1130 1130 
1130 1130 
1130 1132 
1132 1132 
1132 1132 
1133 1133 
1133 1133 
1134 1134 
1134 1134 
1134 1135 
1135 1136 
1137 1138 
1138 1138 
1138 1138 
1138 1139 
1139 1139 
1140 1140 
1140 1140 
1140 1141 
1141 1142 
1142 1143 
1143 1144 
1144 1144 
1144 1145 
1145 1145 
1146 1146 
1147 1147 
1148 1149 
1149 1149 
1149 1150 
1150 1151 
1152 1152 
1152 1153 
1153 1153 
1153 1154 
1154 1154 
1154 1154 
1154 1155 
1155 1156 
1157 1157 
1157 1157 
1157 1158 
1159 1159 
1159 1159 
1159 1160 
1160 1161 
1161 1161 
1163 1163 
1163 1164 
1164 1165 
1165 1165 
1165 1166 
1167 1167 
1167 1167 
1167 1167 
1168 1170 
1170 1170 
1170 1171 
1171 1171 
1171 1171 
1172 1172 
1172 1172 
1172 1173 
1174 1174 
1174 1175 
1175 1175 
1176 1176 
1176 1176 
1177 1177 
1177 1177 
1177 1178 
1178 1178 
1178 1178 
1179 1179 
1179 1181 
1181 1181 
1181 1181 
1182 1183 
1183 1184 
1184 1184 
1184 1185 
1185 1185 
1186 1186 
1186 1187 
1189 1189 
1190 1190 
1190 1190 
1192 1192 
1193 1193 
1193 1194 
1194 1194 
1194 1194 
1194 1195 
1195 1195 
1195 1195 
1195 1196 
1196 1196 
1197 1197 
1197 1197 
1197 1198 
1198 1199 
1199 1199 
1200 1200 
1200 1200 
1201 1201 
1201 1201 
1201 1202 
1202 1202 
1202 1202 
1202 1203 
1203 1204 
1205 1206 
1206 1207 
1207 1207 
1207 1207 
1207 1207 
1207 1208 
1208 1209 
1210 1210 
1210 1210 
1211 1211 
1211 1211 
1212 1213 
1213 1213 
1213 1213 
1213 1214 
1214 1214 
1214 1214 
1215 1215 
1215 1215 
1215 1215 
1215 1216 
1216 1216 
1218 1218 
1218 1219 
1219 1220 
1220 1220 
1221 1222 
1223 1223 
1223 1223 
1224 1224 
1225 1225 
1225 1225 
1225 1226 
1226 1227 
1227 1227 
1227 1228 
1228 1228 
1228 1228 
1228 1228 
1228 1229 
1229 1229 
1229 1230 
1230 1231 
1231 1232 
1232 1232 
1232 1232 
1232 1233 
1234 1234 
1235 1235 
1236 1236 
1236 1236 
1237 1237 
1237 1238 
1238 1239 
1239 1239 
1239 1239 
1240 1240 
1240 1240 
1240 1240 
1242 1242 
1242 1243 
1243 1244 
1244 1245 
1245 1245 
1246 1247 
1247 1247 
1247 1248 
1248 1248 
1248 1248 
1249 1250 
1250 1251 
1251 1251 
1252 1252 
1253 1253 
1253 1253 
1254 1255 
1255 1256 
1258 1258 
1258 1259 
1259 1259 
1259 1260 
1260 1260 
1261 1261 
1262 1262 
1262 1263 
1263 1263 
1263 1263 
1263 1264 
1264 1264 
1264 1265 
1265 1265 
1266 1266 
1267 1267 
1267 1267 
1267 1268 
1268 1268 
1268 1269 
1269 1269 
1269 1270 
1270 1271 
1272 1272 
1273 1273 
1273 1273 
1273 1273 
1274 1274 
1274 1275 
1275 1275 
1276 1276 
1276 1276 
1277 1277 
1278 1279 
1279 1280 
1280 1280 
1281 1281 
1281 1281 
1281 1282 
1282 1282 
1283 1284 
1284 1285 
1285 1285 
1285 1285 
1286 1286 
1286 1286 
1286 1287 
1287 1288 
1288 1288 
1289 1289 
1289 1290 
1290 1290 
1291 1292 
1292 1292 
1293 1293 
1293 1293 
1294 1295 
1295 1295 
1295 1295 
1295 1296 
1296 1296 
1296 1298 
1299 1299 
1299 1300 
1300 1300 
1301 1301 
1302 1302 
1302 1302 
1303 1303 
1303 1303 
1303 1304 
1304 1304 
1304 1304 
1305 1305 
1305 1306 
1307 1307 
1307 1308 
1309 1309 
1309 1310 
1310 1310 
1311 1311 
1311 1312 
1312 1313 
1313 1313 
1313 1314 
1314 1314 
1315 1315 
1316 1316 
1317 1317 
1317 1318 
1318 1318 
1318 1319 
1319 1320 
1320 1320 
1321 1321 
1321 1322 
1323 1323 
1323 1324 
1324 1324 
1325 1325 
1325 1325 
1326 1326 
1327 1328 
1328 1329 
1329 1330 
1330 1331 
1331 1332 
1332 1332 
1333 1334 
1334 1334 
1334 1334 
1335 1336 
1336 1336 
1337 1337 
1338 1338 
1338 1338 
1338 1339 
1339 1340 
1340 1341 
1341 1341 
1342 1342 
1343 1343 
1343 1344 
1344 1344 
1344 1345 
1346 1346 
1346 1346 
1347 1347 
1347 1347 
1348 1348 
1348 1349 
1349 1349 
1349 1349 
1350 1350 
1350 1351 
1351 1352 
1353 1353 
1354 1354 
1356 1356 
1356 1356 
1356 1356 
1357 1358 
1358 1358 
1358 1359 
1359 1359 
1360 1361 
1361 1361 
1361 1362 
1362 1362 
1362 1363 
1364 1364 
1365 1365 
1365 1365 
1366 1367 
1367 1367 
1367 1368 
1368 1368 
1369 1369 
1369 1369 
1370 1370 
1370 1370 
1370 1370 
1370 1370 
1371 1372 
1372 1372 
1373 1373 
1374 1374 
1374 1374 
1375 1376 
1376 1376 
1376 1376 
1376 1378 
1378 1379 
1379 1380 
1380 1381 
1381 1382 
1383 1383 
1383 1383 
1383 1384 
1384 1385 
1385 1385 
1386 1386 
1386 1386 
1387 1387 
1387 1387 
1388 1388 
1388 1388 
1388 1389 
1389 1389 
1389 1389 
1389 1390 
1390 1391 
1392 1392 
1393 1393 
1394 1394 
1394 1395 
1395 1395 
1396 1396 
1396 1396 
1396 1396 
1396 1397 
1397 1397 
1398 1398 
1398 1398 
1399 1399 
1400 1400 
1400 1400 
1400 1401 
1401 1401 
1401 1401 
1401 1402 
1402 1402 
1403 1403 
1403 1405 
1405 1405 
1406 1406 
1406 1406 
1407 1407 
1407 1407 
1408 1408 
1409 1409 
1410 1410 
1410 1410 
1410 1410 
1410 1411 
1411 1411 
1414 1414 
1415 1415 
1415 1416 
1416 1416 
1416 1416 
1417 1417 
1418 1418 
1418 1419 
1420 1420 
1420 1420 
1421 1422 
1422 1422 
1423 1423 
1423 1425 
1425 1427 
1428 1428 
1428 1429 
1429 1429 
1430 1430 
1430 1431 
1431 1431 
1431 1432 
1432 1433 
1433 1433 
1433 1434 
1434 1435 
1435 1435 
1436 1436 
1437 1437 
1437 1437 
1437 1438 
1438 1439 
1439 1439 
1439 1440 
1440 1441 
1441 1441 
1441 1442 
1443 1443 
1443 1443 
1444 1444 
1444 1446 
1446 1446 
1447 1447 
1447 1447 
1447 1447 
1447 1447 
1447 1448 
1448 1449 
1449 1450 
1450 1450 
1450 1450 
1450 1450 
1451 1451 
1451 1451 
1452 1452 
1452 1452 
1453 1454 
1455 1455 
1455 1456 
1456 1457 
1457 1457 
1457 1459 
1459 1459 
1460 1461 
1462 1462 
1462 1462 
1463 1464 
1464 1464 
1465 1465 
1466 1466 
1466 1467 
1467 1467 
1467 1467 
1467 1468 
1470 1470 
1470 1471 
1471 1471 
1471 1471 
1471 1473 
1473 1473 
1474 1474 
1475 1475 
1475 1476 
1476 1476 
1476 1477 
1477 1477 
1477 1477 
1477 1478 
1478 1478 
1479 1480 
1480 1480 
1481 1481 
1482 1482 
1483 1483 
1483 1483 
1483 1484 
1484 1484 
1484 1484 
1485 1485 
1485 1485 
1485 1485 
1485 1486 
1486 1486 
1486 1487 
1487 1487 
1488 1488 
1488 1488 
1489 1489 
1489 1490 
1490 1491 
1491 1492 
1492 1493 
1493 1493 
1493 1493 
1493 1494 
1494 1495 
1495 1496 
1496 1496 
1496 1496 
1497 1497 
1497 1497 
1497 1498 
1498 1498 
1498 1498 
1498 1499 
1499 1500 
1500 1500 
1500 1500 
1501 1501 
1501 1502 
1502 1502 
1503 1504 
1504 1504 
1504 1504 
1504 1504 
1504 1505 
1505 1505 
1505 1505 
1505 1506 
1506 1506 
1506 1507 
1507 1508 
1508 1508 
1508 1509 
1509 1510 
1510 1510 
1510 1510 
1511 1511 
1512 1512 
1512 1512 
1513 1513 
1513 1514 
1514 1514 
1514 1514 
1514 1516 
1516 1517 
1517 1518 
1518 1518 
1518 1520 
1521 1521 
1521 1522 
1522 1522 
1523 1523 
1523 1523 
1523 1524 
1524 1524 
1524 1525 
1525 1526 
1526 1526 
1526 1526 
1528 1528 
1528 1528 
1529 1529 
1529 1530 
1530 1530 
1530 1530 
1531 1531 
1531 1532 
1532 1532 
1533 1533 
1534 1534 
1534 1534 
1535 1535 
1535 1535 
1536 1536 
1536 1536 
1536 1537 
1537 1537 
1538 1538 
1539 1539 
1540 1540 
1541 1541 
1541 1542 
1543 1543 
1543 1544 
1544 1544 
1544 1544 
1545 1545 
1545 1545 
1545 1546 
1547 1547 
1547 1547 
1548 1548 
1549 1549 
1549 1550 
1550 1550 
1551 1551 
1551 1552 
1553 1553 
1553 1553 
1553 1553 
1554 1555 
1555 1556 
1556 1556 
1557 1558 
1558 1558 
1560 1560 
1561 1561 
1562 1562 
1563 1563 
1563 1563 
1563 1564 
1564 1564 
1564 1564 
1565 1566 
1566 1566 
1566 1567 
1567 1567 
1567 1567 
1568 1568 
1568 1569 
1569 1570 
1570 1570 
1571 1571 
1571 1571 
1572 1572 
1573 1573 
1573 1574 
1574 1574 
1574 1575 
1575 1576 
1577 1577 
1577 1577 
1578 1579 
1579 1579 
1579 1580 
1580 1580 
1581 1581 
1582 1582 
1582 1582 
1583 1583 
1584 1584 
1584 1584 
1584 1584 
1585 1585 
1586 1587 
1587 1587 
1587 1588 
1588 1588 
1589 1590 
1590 1591 
1591 1591 
1591 1591 
1593 1593 
1593 1593 
1593 1594 
1595 1595 
1595 1596 
1596 1597 
1598 1598 
1598 1598 
1599 1600 
1600 1600 
1601 1601 
1601 1601 
1602 1602 
1602 1602 
1602 1603 
1603 1603 
1604 1604 
1604 1604 
1604 1605 
1605 1605 
1606 1607 
1607 1607 
1607 1607 
1607 1607 
1608 1608 
1608 1608 
1608 1608 
1609 1609 
1609 1610 
1611 1611 
1612 1612 
1613 1614 
1614 1615 
1616 1616 
1616 1616 
1616 1617 
1617 1618 
1618 1618 
1618 1618 
1619 1619 
1620 1620 
1620 1620 
1620 1621 
1621 1621 
1622 1622 
1622 1622 
1623 1623 
1623 1623 
1625 1625 
1625 1625 
1626 1626 
1627 1627 
1627 1627 
1627 1628 
1628 1629 
1629 1630 
1630 1630 
1631 1632 
1632 1632 
1632 1632 
1633 1633 
1633 1634 
1634 1635 
1635 1636 
1636 1636 
1636 1636 
1637 1637 
1637 1637 
1637 1638 
1638 1638 
1638 1638 
1639 1639 
1639 1639 
1640 1640 
1641 1641 
1641 1642 
1642 1642 
1642 1643 
1643 1644 
1644 1644 
1644 1644 
1644 1644 
1645 1645 
1646 1646 
1646 1647 
1647 1647 
1648 1648 
1649 1649 
1649 1649 
1650 1650 
1650 1650 
1650 1650 
1651 1651 
1651 1652 
1652 1653 
1653 1654 
1654 1654 
1654 1654 
1655 1656 
1657 1657 
1657 1657 
1658 1658 
1659 1659 
1659 1660 
1660 1660 
1661 1661 
1661 1661 
1661 1662 
1662 1663 
1663 1664 
1664 1665 
1665 1665 
1667 1667 
1667 1667 
1667 1667 
1668 1669 
1669 1669 
1669 1669 
1670 1670 
1670 1670 
1670 1671 
1671 1671 
1671 1672 
1673 1673 
1674 1674 
1674 1675 
1676 1676 
1677 1677 
1678 1678 
1678 1678 
1678 1679 
1679 1679 
1679 1680 
1680 1681 
1682 1682 
1683 1683 
1684 1684 
1684 1684 
1684 1685 
1685 1685 
1685 1685 
1686 1687 
1687 1687 
1688 1688 
1688 1688 
1688 1688 
1689 1689 
1689 1691 
1692 1692 
1692 1692 
1692 1693 
1693 1693 
1694 1694 
1694 1694 
1694 1695 
1695 1695 
1695 1696 
1696 1696 
1696 1697 
1697 1697 
1697 1697 
1698 1698 
1698 1698 
1699 1699 
1700 1701 
1701 1701 
1701 1702 
1702 1702 
1702 1703 
1703 1703 
1703 1703 
1703 1704 
1704 1705 
1705 1705 
1705 1706 
1706 1707 
1707 1708 
1708 1708 
1708 1708 
1709 1711 
1711 1711 
1712 1712 
1712 1712 
1713 1713 
1713 1714 
1714 1715 
1715 1715 
1716 1716 
1716 1716 
1717 1717 
1717 1718 
1718 1719 
1719 1720 
1721 1721 
1721 1721 
1722 1723 
1724 1724 
1724 1724 
1724 1724 
1725 1725 
1725 1726 
1726 1726 
1727 1727 
1728 1729 
1729 1730 
1730 1730 
1731 1731 
1731 1732 
1733 1733 
1733 1734 
1734 1735 
1735 1735 
1735 1735 
1735 1736 
1736 1737 
1737 1737 
1737 1737 
1738 1738 
1739 1739 
1739 1740 
1740 1741 
1741 1741 
1742 1743 
1743 1743 
1743 1744 
1745 1746 
1746 1746 
1746 1748 
1748 1748 
1749 1749 
1749 1749 
1749 1749 
1750 1750 
1751 1751 
1752 1753 
1753 1753 
1753 1753 
1753 1754 
1755 1755 
1755 1756 
1756 1757 
1757 1758 
1758 1758 
1759 1759 
1759 1759 
1759 1759 
1759 1760 
1760 1760 
1761 1762 
1762 1763 
1763 1763 
1764 1765 
1765 1767 
1767 1768 
1768 1768 
1768 1768 
1769 1769 
1770 1770 
1771 1771 
1772 1772 
1773 1773 
1774 1774 
1774 1775 
1776 1776 
1776 1776 
1777 1778 
1778 1778 
1779 1779 
1779 1779 
1779 1779 
1780 1780 
1780 1780 
1780 1781 
1781 1781 
1781 1782 
1783 1783 
1783 1783 
1784 1784 
1784 1784 
1784 1784 
1785 1786 
1786 1786 
1786 1786 
1786 1786 
1787 1787 
1787 1788 
1788 1789 
1789 1789 
1790 1790 
1790 1790 
1790 1790 
1791 1791 
1792 1792 
1792 1793 
1793 1793 
1793 1793 
1793 1794 
1795 1795 
1795 1796 
1796 1796 
1796 1796 
1796 1797 
1797 1797 
1797 1797 
1797 1797 
1798 1798 
1798 1798 
1798 1798 
1798 1800 
1801 1801 
1801 1801 
1802 1802 
1803 1804 
1804 1804 
1805 1805 
1805 1806 
1806 1806 
1807 1807 
1807 1807 
1808 1808 
1808 1809 
1809 1809 
1809 1810 
1811 1812 
1812 1813 
1813 1814 
1814 1814 
1814 1814 
1815 1815 
1815 1815 
1816 1816 
1817 1817 
1819 1819 
1819 1820 
1821 1822 
1822 1823 
1824 1824 
1824 1825 
1825 1825 
1826 1826 
1826 1826 
1828 1828 
1828 1828 
1829 1830 
1830 1830 
1830 1830 
1831 1831 
1831 1832 
1832 1832 
1833 1833 
1833 1834 
1834 1834 
1834 1834 
1835 1835 
1835 1836 
1836 1836 
1836 1837 
1838 1838 
1838 1839 
1839 1839 
1839 1839 
1840 1841 
1841 1842 
1842 1842 
1842 1843 
1843 1844 
1845 1845 
1846 1846 
1846 1847 
1847 1847 
1847 1847 
1847 1848 
1848 1848 
1848 1849 
1849 1850 
1850 1850 
1851 1851 
1851 1851 
1852 1852 
1852 1852 
1853 1853 
1853 1854 
1854 1854 
1854 1856 
1856 1857 
1857 1857 
1857 1857 
1858 1859 
1860 1860 
1860 1860 
1861 1861 
1861 1861 
1861 1861 
1862 1862 
1863 1863 
1864 1864 
1864 1864 
1864 1866 
1866 1867 
1867 1868 
1868 1868 
1868 1868 
1869 1869 
1869 1870 
1870 1870 
1870 1870 
1870 1870 
1870 1870 
1871 1872 
1872 1873 
1873 1873 
1874 1874 
1875 1875 
1875 1875 
1875 1875 
1876 1876 
1876 1876 
1876 1877 
1877 1877 
1878 1878 
1878 1879 
1879 1879 
1879 1880 
1880 1880 
1880 1881 
1881 1882 
1882 1882 
1882 1883 
1883 1883 
1884 1884 
1885 1885 
1885 1885 
1885 1886 
1886 1886 
1886 1887 
1888 1889 
1889 1890 
1890 1891 
1891 1891 
1892 1893 
1894 1894 
1894 1895 
1895 1895 
1895 1895 
1897 1898 
1898 1900 
1900 1900 
1900 1901 
1901 1901 
1902 1902 
1902 1903 
1903 1904 
1904 1904 
1905 1905 
1905 1905 
1906 1906 
1906 1906 
1907 1907 
1908 1908 
1908 1908 
1909 1909 
1909 1909 
1910 1910 
1911 1911 
1912 1912 
1912 1912 
1913 1913 
1914 1914 
1915 1915 
1915 1915 
1916 1916 
1916 1916 
1916 1916 
1916 1917 
1917 1917 
1917 1917 
1917 1918 
1919 1919 
1920 1920 
1921 1921 
1921 1921 
1922 1922 
1922 1922 
1923 1923 
1923 1924 
1924 1924 
1925 1925 
1925 1926 
1926 1926 
1927 1927 
1927 1927 
1928 1928 
1928 1929 
1930 1930 
1930 1930 
1930 1931 
1931 1931 
1931 1931 
1932 1932 
1932 1932 
1933 1933 
1933 1933 
1933 1933 
1934 1934 
1934 1934 
1934 1935 
1935 1935 
1935 1935 
1936 1937 
1937 1937 
1937 1937 
1938 1938 
1938 1939 
1939 1939 
1940 1940 
1940 1941 
1941 1942 
1942 1943 
1943 1944 
1944 1944 
1944 1945 
1945 1945 
1945 1945 
1946 1946 
1946 1947 
1948 1948 
1948 1948 
1949 1949 
1949 1949 
1950 1950 
1951 1951 
1954 1956 
1956 1956 
1956 1957 
1957 1957 
1957 1957 
1957 1958 
1958 1958 
1958 1959 
1959 1960 
1960 1960 
1960 1960 
1961 1962 
1963 1963 
1963 1964 
1964 1965 
1965 1965 
1966 1966 
1966 1967 
1968 1968 
1968 1968 
1969 1969 
1969 1969 
1969 1969 
1969 1970 
1970 1970 
1971 1971 
1971 1971 
1972 1972 
1973 1973 
1973 1974 
1974 1974 
1975 1975 
1975 1976 
1976 1977 
1977 1977 
1977 1977 
1978 1978 
1978 1979 
1979 1980 
1981 1981 
1981 1981 
1981 1981 
1982 1982 
1983 1983 
1983 1984 
1984 1984 
1984 1985 
1985 1985 
1985 1986 
1986 1986 
1986 1987 
1988 1988 
1988 1989 
1989 1989 
1989 1989 
1989 1989 
1990 1990 
1990 1990 
1990 1990 
1990 1990 
1990 1991 
1991 1991 
1991 1992 
1992 1992 
1992 1993 
1993 1993 
1993 1993 
1993 1993 
1995 1995 
1995 1995 
1995 1996 
1996 1997 
1997 1997 
1997 1998 
1998 1998 
1998 1999 
1999 1999 
1999 2000 
270 329 
972 1806 
776 876 
91 310 
521 856 
1546 161 
322 400 
52 518 
831 867 
271 875 
563 737 
776 1019 
1808 438 
616 904 
1637 303 
1685 1944 
394 1633 
1924 1331 
413 725 
1319 1883 
477 1025 
1047 1484 
1834 952 
63 795 
90 92 
1184 283 
560 1114 
1696 1199 
603 1577 
1685 1940 
231 775 
217 314 
1437 1471 
1543 1604 
1917 101 
267 157 
1861 685 
1259 1477 
1602 318 
1485 512 
553 621 
756 1239 
1476 1526 
1678 329 
800 1441 
1809 80 
204 508 
1746 1757 
1117 1248 
255 1428 
1809 469 
1501 1703 
1826 1875 
1481 690 
1370 321 
434 676 
912 1019 
1214 1590 
257 842 
1919 160 
701 1601 
1632 153 
679 1491 
1688 368 
945 946 
1123 1353 
1793 89 
383 560 
646 839 
1243 1904 
241 828 
1431 1080 
1966 354 
713 888 
1544 94 
144 944 
268 813 
1230 1329 
1567 1663 
1963 104 
811 994 
1149 1512 
7 193 
1398 508 
1046 1263 
1652 1783 
363 1178 
1351 479 
570 683 
1798 83 
1626 124 
1032 1034 
623 1864 
406 629 
1253 1976 
139 1267 
1350 1370 
234 654 
1170 1749 
1989 19 
250 944 
1724 299 
208 719 
744 906 
1530 1733 
1743 115 
385 1731 
88 1440 
1574 1590 
100 175 
905 1189 
1219 1579 
308 742 
787 854 
1194 1323 
205 1234 
905 1028 
1202 1302 
848 993 
500 1522 
1973 1998 
817 977 
1040 1745 
992 1091 
1110 981 
1753 32 
270 458 
870 1998 
536 1753 
56 838 
1049 168 
256 663 
848 912 
969 1522 
1639 1990 
460 958 
1138 67 
552 920 
1526 45 
437 597 
848 20 
792 1607 
1861 4 
695 726 
762 772 
904 1894 
1935 20 
1411 989 
1156 1627 
1870 49 
593 908 
1473 1430 
1455 367 
1912 211 
358 1247 
1600 1687 
69 1291 
1399 26 
1369 1993 
462 495 
804 987 
1034 1251 
1474 1849 
51 785 
1022 1313 
1356 1417 
1999 1153 
1324 966 
1389 1116 
1247 1550 
1918 1831 
1290 1530 
1869 1246 
1965 180 
919 1504 
557 749 
817 903 
1406 1440 
66 343 
1369 800 
1108 1969 
1000 1002 
1662 713 
870 1403 
1545 1862 
1528 1553 
1777 318 
371 1381 
1965 187 
773 1314 
1795 510 
711 748 
1276 57 
1176 1484 
386 681 
953 1147 
1991 1837 
1346 1809 
219 567 
1175 1459 
864 1775 
349 1926 
724 874 
1338 893 
1229 1658 
1768 160 
967 902 
1039 1128 
1264 1349 
1608 1228 
1616 1714 
60 1307 
1815 522 
575 1482 
308 606 
1986 257 
321 577 
1661 1768 
497 1120 
49 312 
853 1675 
1698 1758 
1447 509 
334 1878 
300 612 
1185 349 
1502 1518 
692 1115 
1211 43 
388 439 
1242 1320 
1636 1733 
1907 1717 
27 1486 
1215 1452 
1223 1614 
42 136 
6 496 
597 1031 
1957 261 
369 896 
1514 1638 
257 574 
1045 1133 
1058 1450 
1587 1680 
1097 260 
982 84 
507 1349 
539 979 
1524 332 
1684 1821 
701 724 
1649 1976 
233 1045 
175 395 
1862 687 
713 69 
173 503 
414 353 
779 1330 
237 316 
589 608 
726 1365 
735 739 
1216 1275 
1792 1833 
113 1318 
1822 370 
567 1621 
1593 383 
583 397 
573 1197 
335 1232 
1305 1489 
1905 1400 
122 655 
858 1361 
334 351 
1106 1569 
1790 1814 
1475 1544 
1598 738 
938 1724 
1201 1227 
1477 289 
516 1260 
1434 1591 
1984 52 
369 382 
678 1386 
1604 611 
1134 1536 
1673 401 
832 1483 
487 564 
1679 1566 
307 378 
566 1267 
1273 1407 
1556 1859 
1309 1013 
1296 1611 
1713 32 
73 1064 
1883 257 
655 939 
65 1207 
1550 465 
1225 1401 
1468 658 
720 750 
1618 1933 
99 1071 
1014 259 
928 1100 
1280 1815 
1113 1422 
1368 1792 
1998 25 
1655 1804 
865 1140 
1385 130 
1505 1934 
828 1561 
1843 1124 
1857 1884 
257 1462 
1560 394 
1449 616 
1067 1223 
1406 599 
1770 650 
921 447 
1606 24 
1015 1847 
172 329 
525 1946 
61 1119 
1931 757 
932 629 
824 832 
178 1202 
1623 1563 
1923 722 
788 1026 
452 656 
723 1036 
1173 46 
631 759 
1831 1130 
1400 1580 
1602 523 
1464 1496 
1739 1041 
1268 352 
842 908 
1201 1514 
324 521 
957 1657 
836 1251 
63 507 
399 748 
297 347 
1286 1981 
388 1079 
1990 1048 
34 353 
670 687 
1895 84 
552 570 
1091 1879 
41 142 
163 206 
222 637 
1287 1572 
1665 873 
933 213 
923 1089 
1558 1588 
167 1846 
162 381 
840 969 
543 607 
797 855 
1143 1289 
378 567 
1838 393 
1438 1986 
731 929 
998 360 
556 837 
1064 1530 
26 397 
1504 1779 
50 781 
972 559 
1 80 
708 1001 
1608 8 
294 550 
717 1035 
1318 1451 
1903 1916 
302 929 
1181 1815 
1979 709 
1018 1644 
1367 1988 
1061 821 
1347 1401 
493 690 
908 693 
1830 363 
399 1099 
1134 1697 
924 1123 
1367 21 
1190 820 
1813 904 
991 1397 
1388 554 
1012 1146 
1213 192 
629 1506 
1654 586 
592 673 
1605 1210 
1509 1803 
351 1118 
1274 271 
762 1507 
1836 1960 
790 1102 
1752 252 
425 451 
823 1833 
1362 1905 
64 150 
1928 273 
787 944 
13 316 
873 1263 
1924 361 
555 837 
1408 1034 
199 429 
1614 1881 
70 141 
459 1009 
1060 1230 
1885 324 
563 5 
472 712 
1373 1150 
1171 144 
570 1001 
322 25 
565 599 
628 757 
1644 1801 
1961 632 
1146 1471 
178 303 
721 1254 
1764 1354 
29 121 
584 1145 
1534 1683 
1582 39 
142 6 
313 1488 
248 309 
859 1142 
1365 1402 
1730 1909 
389 1567 
1184 1870 
1477 1 
31 233 
1039 1410 
1637 1796 
1877 1677 
771 993 
1475 1796 
170 940 
1501 1786 
398 1123 
1132 1303 
1549 149 
188 1879 
185 428 
520 1497 
1841 1717 
1793 1728 
1993 853 
1132 1853 
671 741 
1070 1300 
1737 1995 
1978 115 
1240 1974 
347 1013 
1437 252 
346 1311 
1608 1630 
432 985 
1981 133 
151 729 
902 1125 
559 720 
1001 1698 
188 293 
1312 1613 
1704 247 
815 1564 
1716 1776 
177 255 
1089 48 
445 638 
1382 1715 
499 1126 
1157 582 
709 1735 
99 1172 
1636 699 
1114 1270 
1529 1629 
266 727 
1684 1693 
304 1582 
578 732 
1236 54 
281 885 
1213 1407 
751 98 
1770 44 
1074 1524 
1541 162 
193 814 
1334 1885 
181 1437 
121 1570 
1863 1875 
640 869 
1851 1945 
491 669 
1825 1916 
1706 1888 
1647 674 
1466 1603 
1988 199 
263 1110 
1441 1956 
881 914 
1077 1738 
1784 261 
193 925 
927 45 
183 853 
1608 66 
1280 1737 
1795 1975 
125 1876 
153 253 
1631 326 
609 963 
1580 1960 
429 662 
1435 538 
630 1325 
264 534 
855 1805 
1853 14 
223 916 
1016 1533 
1944 173 
1007 1571 
184 267 
703 1346 
333 1682 
1713 251 
281 1077 
1356 1598 
6 1219 
1223 1450 
195 977 
1743 551 
1415 625 
661 1108 
1144 1240 
752 950 
1307 1796 
1225 1900 
59 846 
1202 804 
1451 433 
477 1971 
530 1640 
1850 555 
653 985 
1684 1012 
1350 1882 
16 1649 
1656 1732 
176 770 
1414 1021 
1416 1817 
1856 1258 
1661 426 
494 816 
1265 1358 
297 1789 
1812 1916 
1943 1982 
422 883 
1221 335 
684 1275 
307 390 
1487 1558 
869 1267 
1781 769 
348 557 
1488 408 
39 446 
1085 1183 
1372 1868 
89 959 
993 1705 
11 999 
1736 153 
727 1014 
1057 1616 
796 870 
1749 1550 
1738 594 
676 890 
1707 1830 
355 655 
1688 1784 
434 495 
734 1223 
229 801 
1240 961 
1328 1702 
1852 1891 
799 297 
1839 240 
725 1095 
1167 1682 
1937 852 
985 1488 
1513 482 
728 80 
599 994 
1054 1672 
308 917 
1222 1266 
87 810 
847 911 
1120 1553 
1701 103 
1632 1660 
1696 1778 
1054 1482 
209 518 
925 935 
1826 1850 
475 534 
992 1154 
1439 1990 
1338 35 
1165 1389 
762 310 
505 611 
1716 978 
533 1498 
467 614 
982 1293 
690 1284 
1304 1441 
1716 1811 
17 408 
1882 646 
924 1457 
55 710 
496 805 
863 1084 
1226 1056 
1130 1321 
1387 457 
661 703 
826 1086 
1663 1359 
1383 1618 
1640 1708 
197 1157 
1971 1364 
1763 1012 
562 575 
695 836 
1595 1781 
374 1873 
1692 278 
846 1210 
423 725 
1157 1439 
1789 103 
446 1832 
161 480 
508 847 
1039 1293 
1493 1618 
1721 1934 
143 1685 
1917 356 
1401 1485 
76 562 
878 1634 
1370 1835 
839 1090 
1991 175 
1498 1891 
1344 472 
1712 617 
1167 168 
250 878 
1135 1158 
32 53 
496 1318 
1684 1780 
148 1650 
123 1292 
1876 30 
1149 1423 
1586 1694 
1525 1623 
834 865 
1755 192 
1104 855 
925 7 
465 1400 
335 1813 
5 248 
555 653 
818 880 
140 1138 
1549 1598 
1883 244 
1343 1455 
233 663 
1416 1601 
1653 529 
1336 1418 
570 862 
1128 1697 
946 526 
1450 1467 
1724 1996 
410 970 
1885 1245 
1434 1825 
740 1152 
474 393 
467 1627 
587 1716 
82 1348 
543 811 
1573 1783 
392 558 
1528 169 
745 1264 
1388 1533 
1779 1385 
1731 617 
839 1450 
262 537 
544 640 
1467 543 
606 641 
1790 575 
747 1565 
1830 1943 
867 1140 
1428 1431 
719 1097 
1658 272 
1334 1415 
402 88 
256 1466 
30 598 
772 1532 
1580 288 
304 411 
521 1126 
1651 266 
921 1006 
1797 114 
432 655 
1974 538 
269 350 
909 1167 
21 45 
570 644 
1388 1052 
490 500 
837 1295 
9 309 
197 1348 
314 1032 
1839 199 
130 181 
263 1572 
1636 1786 
1409 55 
256 312 
527 560 
977 1500 
1962 1989 
762 184 
899 1860 
163 870 
976 1448 
1793 140 
490 545 
582 1396 
1609 142 
701 804 
857 1349 
1496 1992 
362 1344 
1890 732 
868 1002 
846 1009 
1797 1927 
357 575 
627 1411 
1636 1798 
183 318 
655 703 
748 1337 
1390 1421 
290 654 
677 719 
1336 1933 
1964 535 
659 959 
1398 178 
1489 1531 
1680 290 
923 928 
1088 95 
1737 443 
611 1033 
1049 1351 
726 910 
911 1756 
89 161 
1139 1514 
553 227 
314 458 
1735 1383 
1228 1247 
1529 999 
1746 1867 
23 797 
1239 1593 
1930 905 
849 1313 
1627 1970 
141 544 
1311 1985 
262 777 
894 1879 
178 389 
915 1544 
194 472 
594 614 
1109 1985 
150 789 
1567 1960 
1980 475 
611 1383 
812 12 
226 1267 
1447 1724 
1957 1993 
506 541 
1293 1708 
1359 1924 
1598 1768 
1782 1253 
30 1240 
1130 1505 
58 1497 
1220 403 
660 1050 
1774 1869 
1999 582 
763 1092 
1107 1118 
314 1141 
1526 1574 
1906 59 
236 289 
827 1793 
392 703 
1124 1228 
1247 1584 
241 315 
1195 1051 
1834 1925 
1692 1790 
883 1320 
1324 257 
652 692 
740 1446 
1718 355 
1430 1488 
881 984 
373 543 
798 989 
544 896 
1753 759 
791 1255 
1708 690 
999 560 
1895 1990 
45 478 
647 661 
646 671 
1214 1524 
1195 228 
891 1040 
1238 1389 
1415 1207 
637 1118 
1882 411 
521 1067 
1547 61 
586 991 
187 206 
445 557 
584 1616 
1673 1749 
240 849 
1755 1215 
210 1528 
1554 587 
1196 1604 
626 403 
482 646 
694 1171 
1462 1864 
390 1387 
1816 84 
525 1418 
1702 1705 
929 1508 
1808 1935 
668 868 
1116 1226 
1518 1523 
1793 1852 
1886 1576 
665 928 
1097 1730 
1900 374 
1534 255 
341 647 
846 954 
1447 1484 
1740 290 
737 1759 
377 1371 
1570 902 
911 1367 
39 443 
586 1927 
193 1033 
1274 1410 
1997 43 
836 1876 
918 1748 
1857 125 
1749 934 
55 715 
766 884 
1109 428 
804 885 
28 1534 
744 1002 
1842 174 
255 1664 
1483 1639 
38 278 
476 643 
823 964 
152 637 
1070 1620 
1871 279 
661 1009 
1432 1704 
91 490 
1321 1537 
1381 1844 
1864 766 
1891 1975 
359 706 
1582 1908 
785 849 
42 171 
577 703 
1045 1566 
1621 718 
1448 397 
482 584 
630 701 
1282 1352 
1701 1509 
699 723 
1956 1288 
1620 270 
843 930 
274 357 
1157 479 
1279 123 
1638 1674 
310 941 
1402 1785 
48 119 
174 915 
683 969 
1262 1395 
1447 746 
1017 272 
789 702 
1116 65 
548 586 
1237 1705 
210 350 
316 1035 
1577 239 
1478 1737 
240 706 
1780 1967 
134 171 
1508 1537 
1594 16 
452 494 
1028 1691 
1995 91 
178 595 
1193 360 
439 1703 
1957 457 
906 1396 
1689 349 
1477 265 
1836 362 
580 1174 
1181 1878 
1939 446 
179 1376 
774 848 
1049 9 
673 1644 
1832 190 
1016 1125 
179 954 
1729 532 
637 1622 
341 70 
757 1201 
1449 751 
1181 1295 
1930 65 
686 1966 
539 940 
716 1921 
545 861 
123 251 
584 994 
1187 1510 
114 210 
1361 1650 
365 743 
1161 1422 
1433 404 
1292 1143 
1325 1693 
1817 30 
952 235 
314 742 
1098 1356 
1201 241 
642 1195 
1285 1759 
966 1130 
1397 1436 
1439 91 
294 471 
572 1000 
1227 1516 
627 997 
1275 1926 
1842 1969 
683 698 
1049 1584 
1065 1500 
431 1384 
1834 414 
1873 331 
1043 1048 
91 553 
924 1401 
1620 1648 
1669 1748 
122 948 
1167 1306 
1545 736 
800 905 
1104 1535 
24 1332 
3 9 
963 1036 
1368 607 
897 1301 
177 1334 
1670 268 
1493 941 
1762 1802 
104 700 
1123 1474 
1609 1697 
1828 70 
302 1113 
239 886 
1518 1966 
613 717 
831 1522 
296 1202 
1828 642 
909 1941 
90 1235 
1933 1124 
1231 1570 
1725 1030 
19 1074 
1446 1483 
440 838 
1216 262 
603 1376 
1686 1833 
640 1020 
1692 450 
1068 1185 
31 116 
774 447 
1171 1053 
877 1253 
103 407 
577 684 
1178 1584 
480 1027 
1189 1780 
1202 1295 
1759 1912 
1968 1345 
1642 461 
51 537 
822 863 
1076 1203 
615 1959 
1993 50 
1063 369 
975 1568 
1851 352 
1529 424 
77 114 
1013 1112 
1290 521 
939 1861 
1894 1303 
1889 284 
884 1262 
277 811 
1779 297 
691 896 
236 1804 
482 1476 
629 863 
1711 46 
220 1062 
1154 1373 
1721 1873 
1044 7 
789 834 
1625 1948 
196 236 
1134 1211 
1670 515 
831 1403 
1942 249 
490 679 
1147 1510 
1921 266 
305 562 
83 796 
1237 1583 
45 502 
541 1281 
261 1070 
1386 1670 
41 247 
1184 1398 
1644 708 
1401 1429 
1010 1471 
406 493 
581 671 
929 987 
1442 1857 
461 496 
1504 1743 
75 85 
89 736 
889 1379 
1480 605 
656 700 
1079 1526 
1553 1751 
1900 454 
1459 1646 
145 339 
383 71 
1465 1476 
262 393 
517 5 
577 1178 
1679 1886 
187 1023 
1917 1969 
324 1486 
1671 1893 
915 747 
1514 527 
1863 480 
811 827 
885 1138 
1194 1374 
131 1214 
218 515 
1239 1305 
1744 1945 
884 7 
547 870 
982 1197 
1838 580 
666 1334 
1847 1911 
373 430 
1487 81 
119 440 
574 867 
1059 1674 
1637 1944 
1058 1607 
258 303 
1423 1526 
134 8 
1560 3 
1705 1875 
803 1480 
1897 500 
507 1981 
1086 1149 
1866 521 
1459 380 
639 1289 
1036 426 
635 1087 
683 820 
866 363 
684 863 
1401 788 
991 1768 
1773 1909 
1543 1616 
1692 1724 
48 848 
443 1195 
1696 650 
954 1090 
1264 1500 
1595 1932 
135 1132 
607 1741 
1847 162 
641 823 
1566 1778 
777 1654 
573 1513 
137 349 
675 1669 
1720 114 
12 91 
286 1334 
1671 1852 
69 74 
604 774 
1031 1718 
1870 1942 
65 728 
1200 1917 
96 247 
278 1138 
1868 559 
791 595 
1708 461 
595 675 
1530 1790 
40 85 
1036 1270 
1800 380 
609 714 
860 1035 
1847 394 
997 459 
975 1004 
1688 1749 
680 113 
1276 1616 
88 1417 
1531 228 
556 1906 
1938 259 
592 1111 
1133 282 
478 772 
382 466 
517 1577 
1797 1870 
1193 1937 
382 1154 
1506 213 
592 668 
265 273 
664 846 
1118 708 
1494 1099 
1159 1363 
1895 235 
978 1394 
1763 1807 
258 999 
1304 1916 
682 1316 
1915 466 
1007 1632 
1024 1224 
1604 1405 
190 1636 
206 818 
1267 1269 
332 745 
951 1165 
1772 712 
783 1746 
1154 1702 
1990 49 
63 302 
966 994 
1870 44 
1301 44 
528 1323 
1759 1842 
1622 773 
1106 1303 
404 1723 
940 18 
756 1052 
1776 1932 
125 671 
739 891 
1268 1968 
1669 1098 
1320 248 
1215 87 
1397 1495 
1508 437 
587 1583 
1846 1392 
1471 1820 
449 1915 
1102 1540 
389 776 
1077 1384 
691 107 
760 944 
1917 136 
1140 1388 
1796 85 
261 715 
1163 1776 
1801 530 
1302 1993 
1 268 
1638 1667 
1828 1005 
1123 1281 
1499 1532 
1326 1637 
814 917 
574 1095 
1181 77 
401 570 
1183 1739 
473 932 
1202 1698 
1854 1977 
169 1024 
1273 79 
1242 1285 
1510 167 
475 867 
1444 1763 
1286 639 
1496 1498 
348 411 
454 1248 
1211 1331 
1659 103 
846 1317 
1807 1937 
1990 1760 
93 640 
286 654 
886 1956 
1977 78 
467 999 
1120 75 
331 437 
996 1500 
1688 51 
458 748 
944 1881 
993 1914 
1987 764 
916 1091 
265 438 
602 643 
933 992 
1553 118 
762 1645 
270 312 
350 1467 
118 580 
686 1984 
1473 1916 
917 1791 
973 1476 
1798 556 
1719 1840 
395 935 
1628 1269 
308 581 
694 1584 
845 1273 
1758 1933 
288 412 
489 202 
346 817 
1104 1467 
212 439 
1056 231 
1033 1688 
394 738 
716 1207 
1920 274 
9 40 
1155 1208 
798 1051 
1861 418 
104 858 
936 979 
1823 17 
1080 239 
805 1984 
74 725 
1361 1985 
1364 794 
1198 161 
905 1040 
1753 57 
565 1589 
594 678 
1015 57 
103 306 
1041 1066 
1227 1632 
272 721 
915 1060 
1153 1830 
240 776 
882 912 
1431 1687 
1848 137 
329 496 
1769 77 
650 1031 
246 1034 
1790 1814 
771 1508 
830 1588 
163 172 
701 1084 
1420 1741 
1948 53 
1074 1170 
17 1113 
1521 1755 
254 771 
1325 1341 
1712 83 
594 736 
766 1347 
1555 1926 
626 1845 
633 1020 
1539 561 
952 1822 
802 458 
463 1945 
481 1014 
1416 1806 
439 1920 
164 872 
870 308 
1035 276 
1116 1433 
1911 829 
1195 1346 
1524 1812 
813 1154 
1461 1910 
205 266 
1394 1411 
1933 768 
1326 1034 
1457 226 
653 1157 
1258 799 
1277 1240 
1685 341 
692 841 
1786 211 
1107 1376 
1843 368 
795 1046 
1271 811 
1551 380 
399 963 
1194 1538 
1712 1756 
1259 1466 
1510 1928 
1958 253 
849 47 
1025 1268 
1654 1861 
1205 1218 
1730 1184 
1232 1534 
480 1045 
434 1610 
1735 1830 
1990 482 
879 883 
1269 592 
1104 1425 
259 353 
1302 502 
892 1220 
1667 1983 
78 256 
997 1251 
1642 627 
1694 1801 
1969 452 
976 1726 
166 548 
668 757 
956 1207 
1973 281 
931 213 
1250 1443 
1497 1970 
296 962 
1286 1365 
1372 1289 
1436 1906 
516 774 
1013 1088 
1299 1901 
1929 188 
948 1954 
627 1071 
116 403 
611 683 
1553 1792 
1886 78 
379 1134 
1400 923 
1536 817 
214 787 
1047 1877 
21 359 
1359 152 
1608 108 
666 718 
1061 1646 
33 1261 
293 627 
652 929 
1288 1360 
1470 234 
1274 143 
461 992 
1151 1383 
1392 44 
282 333 
785 973 
1265 221 
630 793 
349 738 
1396 1939 
1984 356 
555 1814 
1734 137 
527 1144 
1808 1834 
1950 1319 
1885 1933 
242 481 
622 760 
1172 1759 
1971 333 
339 893 
1214 1870 
163 923 
1170 1904 
194 281 
832 1110 
1176 507 
1991 1778 
1887 87 
522 863 
908 1714 
1969 597 
1765 1875 
218 547 
967 1290 
1885 628 
1521 325 
1694 262 
753 403 
1128 1484 
1679 318 
1667 1695 
288 315 
126 836 
1374 51 
512 879 
1218 311 
1742 1120 
532 1581 
1798 105 
1035 1643 
1902 467 
829 927 
942 1063 
1194 1019 
1651 93 
356 487 
494 709 
1067 507 
931 1278 
1505 1726 
1948 1386 
1828 751 
1294 1405 
969 1245 
1796 1273 
1894 470 
940 1547 
1654 1735 
452 506 
559 773 
1521 1689 
1619 61 
1046 1133 
1296 311 
661 801 
1451 1951 
358 1130 
1332 1457 
1741 240 
732 1667 
1819 130 
1190 1921 
124 1134 
1429 1545 
1335 1338 
1695 1946 
1992 54 
804 857 
1602 1722 
1196 1316 
1486 273 
733 743 
976 1814 
1495 435 
977 20 
327 842 
1083 150 
799 1985 
1642 1864 
1902 748 
69 805 
283 1175 
1608 1798 
1551 1848 
726 926 
1347 72 
863 1077 
1154 1463 
1915 632 
648 759 
890 1062 
1678 659 
1179 1875 
184 867 
1362 1787 
1938 1030 
1868 22 
1618 1938 
907 1419 
1870 1923 
191 247 
742 758 
1447 74 
237 406 
790 807 
978 811 
1356 1627 
1082 1342 
1489 208 
651 1017 
1098 1410 
1514 1657 
1671 1019 
1886 1630 
291 493 
1456 1877 
152 832 
986 1225 
1868 288 
363 1303 
1641 1922 
1940 40 
647 864 
1132 1464 
158 657 
957 1338 
1438 1612 
1971 179 
796 1958 
1082 1149 
1263 69 
400 624 
1090 1856 
426 459 
159 226 
400 446 
936 1903 
209 405 
1211 1485 
1908 480 
666 191 
762 1034 
1280 138 
601 630 
1629 1646 
1804 1889 
1991 135 
1242 1545 
1698 50 
308 793 
1295 185 
1083 1284 
1367 1452 
1733 1410 
73 1847 
792 1936 
362 1498 
1504 1849 
719 838 
1402 650 
1357 30 
603 865 
1416 1869 
343 403 
448 621 
1069 1983 
153 981 
1229 45 
1697 1295 
1667 531 
1163 1797 
112 99 
108 601 
630 33 
985 1369 
1678 1748 
1491 1100 
1831 103 
249 1091 
1768 1969 
59 620 
803 1512 
316 642 
1585 1396 
420 1067 
1370 28 
1078 1575 
1642 192 
1362 1826 
1117 1776 
715 820 
1431 53 
303 1218 
1328 1647 
1836 137 
539 892 
1836 424 
1123 1935 
459 1496 
60 200 
430 616 
939 246 
954 1080 
1854 939 
1008 1087 
1870 359 
913 1074 
1453 1906 
200 980 
1010 1164 
1548 1854 
293 678 
1119 179 
428 764 
123 919 
1703 1734 
1068 1749 
1159 710 
1602 213 
385 1227 
839 973 
1315 1634 
1685 703 
1927 1997 
1511 476 
1232 759 
981 1447 
1951 1998 
252 983 
1102 1437 
1905 257 
1724 707 
1118 1784 
262 881 
1103 111 
817 1140 
100 511 
752 1485 
475 496 
617 1692 
1161 562 
743 807 
1231 1244 
1485 202 
1170 1298 
1552 1296 
1104 1596 
1884 341 
1562 1908 
778 945 
74 971 
1089 1767 
333 819 
949 1213 
1603 476 
933 1391 
1739 1978 
185 865 
1498 773 
139 404 
1797 1340 
201 1584 
1796 1502 
1548 1934 
347 606 
1969 351 
1542 104 
605 1428 
1641 122 
1418 1762 
1281 1427 
934 1179 
987 1332 
1816 180 
272 508 
1471 16 
1129 153 
635 956 
481 696 
1708 1750 
72 946 
1396 105 
635 1504 
392 754 
1048 1358 
974 1065 
1591 449 
1263 50 
1648 177 
1783 15 
986 775 
1172 1317 
1872 369 
550 779 
868 904 
1177 526 
586 1366 
585 1492 
134 468 
1177 1215 
1599 1365 
1410 1308 
1983 1048 
1549 1923 
1206 1378 
524 1644 
1657 504 
578 1362 
1912 808 
129 397 
1062 1444 
277 1049 
1193 1784 
536 564 
1659 137 
168 577 
1486 1620 
60 412 
1707 54 
594 703 
44 1563 
317 1989 
104 399 
757 1203 
1547 1993 
1238 424 
1325 1919 
1950 483 
618 1114 
1118 187 
750 1028 
1635 298 
1197 1260 
1344 931 
488 1029 
178 325 
1102 1339 
1336 275 
282 675 
1232 215 
776 1824 
102 115 
1248 1699 
38 60 
501 1258 
1395 1635 
1880 1944 
674 436 
1102 1505 
310 829 
863 1148 
1379 1678 
1784 735 
797 1072 
1380 1452 
1506 1342 
1895 848 
1374 1376 
1975 121 
697 355 
483 600 
614 1120 
1423 769 
963 218 
540 1880 
193 841 
1160 1781 
481 662 
1467 1564 
287 539 
560 967 
1947 107 
470 650 
1516 1582 
1639 585 
1982 1304 
960 1122 
1880 1895 
932 1064 
1797 715 
1370 1914 
575 728 
1125 1256 
1323 1593 
1684 286 
760 958 
52 588 
842 1420 
100 1536 
186 243 
519 1110 
1661 209 
277 499 
772 844 
885 325 
712 1237 
119 834 
1901 937 
1161 1864 
114 226 
1511 1945 
200 364 
1825 1949 
305 1726 
569 1535 
329 678 
1207 1233 
1339 1465 
1986 92 
582 1064 
414 1626 
402 550 
650 418 
525 1056 
1239 1834 
104 920 
526 663 
1314 1200 
1045 1398 
1669 1731 
585 214 
751 1637 
512 873 
1383 1088 
1477 1315 
34 547 
1313 844 
1176 1447 
97 638 
1601 46 
547 1036 
1262 694 
1735 751 
1061 1664 
1866 192 
531 390 
1659 1727 
760 1103 
25 346 
370 1286 
1807 264 
1215 467 
494 761 
1931 67 
114 31 
379 476 
1490 846 
1100 1492 
1607 1974 
982 1346 
1539 637 
795 1622 
147 616 
671 715 
1201 1285 
1429 1643 
1695 574 
702 224 
742 164 
400 529 
541 1553 
1665 1687 
272 407 
1171 1989 
158 1232 
1376 1842 
1272 1711 
97 524 
1786 1210 
1623 478 
1066 1172 
1913 130 
852 880 
1689 1063 
222 661 
1523 1845 
1194 245 
1214 1612 
854 1410 
377 552 
1078 529 
543 1001 
1013 1387 
1660 209 
1118 1477 
1618 25 
315 845 
960 1318 
1563 96 
1003 1957 
103 786 
189 331 
1512 30 
826 854 
1005 28 
191 328 
729 1425 
1470 722 
1701 1957 
1826 848 
877 1805 
37 1878 
140 464 
196 688 
795 1660 
1992 17 
124 671 
1144 1815 
29 499 
1225 1292 
1295 1621 
1694 157 
859 1179 
1349 429 
869 1504 
322 432 
454 638 
185 589 
1206 1441 
1909 43 
1249 1337 
1443 496 
782 1517 
1591 1876 
1999 930 
1693 958 
1182 245 
577 984 
1266 1607 
335 623 
1101 1701 
1925 474 
503 984 
1236 1305 
1921 973 
1870 571 
768 892 
993 1851 
35 332 
1567 151 
1310 1587 
1504 113 
267 847 
1236 1324 
1487 1503 
1790 219 
622 1159 
1372 1647 
1650 289 
927 1376 
1579 295 
1623 664 
724 958 
1043 291 
704 748 
836 981 
1078 2000 
1283 1406 
51 1253 
1475 1819 
454 901 
1520 162 
247 597 
861 1207 
1931 762 
1389 1493 
1625 151 
666 788 
1545 1513 
1047 1141 
1167 76 
86 789 
666 1462 
1574 1601 
1753 169 
368 647 
1062 514 
1584 30 
88 628 
849 873 
120 538 
658 1558 
359 601 
815 65 
111 266 
911 1786 
590 920 
1925 553 
973 1931 
394 539 
318 669 
685 1083 
774 1409 
1587 1930 
194 1111 
1399 1781 
1860 696 
724 1860 
1077 1628 
1051 1444 
962 1780 
368 1699 
1848 1312 
25 887 
1972 48 
189 610 
1779 1819 
119 773 
1176 1229 
1518 5 
653 1165 
1356 1932 
1273 1310 
333 522 
1341 108 
208 441 
1076 1192 
1879 1296 
120 461 
850 999 
1109 1450 
658 1049 
1835 200 
1757 1839 
1874 259 
429 1528 
222 875 
220 1937 
1300 1593 
238 1353 
1471 1939 
1989 352 
1387 1600 
1670 1858 
545 198 
701 896 
1841 50 
326 613 
1501 1591 
814 1882 
1932 188 
1832 371 
674 793 
396 1703 
1721 1931 
257 568 
537 1639 
1907 68 
628 1523 
1625 1259 
1650 667 
23 721 
925 1922 
1632 69 
1506 1927 
1928 243 
389 553 
1152 1930 
320 361 
699 1389 
838 959 
630 766 
804 1009 
1309 1525 
1255 1838 
512 165 
1502 1535 
1611 259 
1044 1797 
1032 40 
68 192 
1327 1493 
1567 1760 
182 603 
1396 1562 
1619 724 
490 892 
1754 1299 
1644 1771 
189 399 
522 619 
1338 99 
1564 1979 
42 525 
1430 1523 
28 243 
1178 1279 
1786 377 
1303 1851 
25 193 
659 936 
1683 290 
1695 1958 
229 90 
872 1443 
1496 1661 
1959 1996 
137 270 
347 384 
1115 1190 
575 786 
1657 1085 
203 1587 
1215 1464 
351 159 
307 1753 
138 439 
655 887 
919 1653 
1941 210 
484 496 
1199 1470 
1168 1593 
692 707 
772 1349 
1688 181 
701 1485 
740 947 
1446 1905 
237 514 
1456 1507 
831 1517 
1574 1867 
56 1414 
93 534 
605 1204 
1725 1007 
1538 359 
1228 347 
1209 1641 
388 42 
462 935 
1034 1578 
14 1644 
1772 500 
1281 1361 
1370 153 
358 568 
582 938 
12 329 
871 974 
1422 162 
711 972 
1892 1949 
86 688 
1389 1573 
410 484 
1213 1313 
1630 809 
1091 1186 
1259 1153 
1447 274 
314 737 
842 1343 
1596 1633 
1000 1696 
852 1116 
1228 376 
1263 1505 
772 1329 
171 413 
1852 1880 
509 750 
1505 1575 
1788 1868 
555 1155 
1965 53 
1810 525 
1617 289 
897 1080 
1165 1916 
217 413 
248 1207 
1343 1609 
135 548 
986 1348 
1435 462 
1467 1483 
142 420 
1400 1607 
1824 118 
1949 50 
482 687 
1433 257 
1450 1986 
972 1090 
1145 1174 
1244 1846 
1709 772 
902 955 
1420 1784 
780 833 
841 1564 
1774 859 
904 1207 
1740 458 
194 655 
711 870 
1977 145 
1898 1935 
330 1703 
30 1195 
1248 1374 
1736 197 
857 1144 
1794 165 
590 1717 
398 453 
319 1604 
170 360 
411 508 
1396 13 
23 497 
1069 1281 
797 99 
1038 1450 
43 445 
917 993 
1015 1620 
728 1167 
1460 725 
492 634 
798 887 
1293 360 
755 1494 
513 1092 
1142 1485 
1712 1145 
1177 1447 
1605 21 
462 890 
1645 281 
527 786 
1243 1829 
146 350 
978 1229 
1369 1541 
1948 461 
703 1478 
1497 449 
663 942 
1793 36 
727 1276 
1571 1677 
1934 351 
694 437 
663 719 
876 375 
1997 443 
1350 486 
617 642 
910 1321 
1668 827 
1454 1779 
505 1048 
1077 1694 
203 398 
1968 138 
1138 355 
1934 1963 
352 472 
476 535 
156 336 
1681 637 
905 1006 
1802 902 
496 829 
1571 1995 
1178 950 
63 190 
529 616 
887 1287 
793 1627 
1839 1095 
1159 1408 
1435 1857 
338 739 
1949 325 
668 1082 
66 540 
1420 413 
65 153 
1232 1127 
1276 357 
599 1085 
1166 1432 
1999 438 
1678 341 
385 593 
722 1850 
380 441 
245 977 
1304 672 
1671 894 
1045 1172 
1150 65 
401 847 
1872 865 
77 32 
602 941 
1787 680 
772 1248 
62 440 
655 681 
917 1277 
1322 1946 
851 1922 
296 79 
82 641 
1031 1523 
1615 1595 
515 656 
1047 596 
1077 32 
1556 146 
1011 1972 
673 759 
807 946 
1130 1912 
1995 988 
1591 1824 
1909 783 
1314 488 
932 982 
316 1139 
1916 1302 
1773 135 
142 619 
886 1252 
1039 1937 
227 367 
1597 1968 
940 1633 
886 1767 
626 1670 
1860 131 
352 952 
969 1261 
120 462 
896 1136 
267 539 
822 1544 
1711 1960 
508 723 
805 1540 
1964 430 
490 1386 
1536 619 
53 537 
1330 1904 
380 445 
1288 1347 
1375 1669 
712 332 
568 1070 
1455 1530 
1602 1875 
1197 1746 
1791 1650 
1805 425 
494 1960 
188 544 
634 911 
1041 1504 
1004 1787 
179 216 
1109 44 
336 574 
629 666 
1702 1679 
122 385 
1809 329 
331 404 
967 1163 
1309 556 
581 925 
1245 1307 
1394 1588 
55 582 
1005 1152 
1190 1857 
1945 913 
314 969 
1092 1876 
784 1719 
291 217 
824 1228 
393 1480 
1788 2 
1056 1990 
932 987 
1437 1853 
9 664 
1128 31 
34 129 
1795 1652 
476 425 
1062 285 
520 188 
1042 1126 
1181 1901 
139 213 
273 1484 
662 1317 
419 755 
1174 1512 
1544 960 
170 180 
1052 1024 
1368 1661 
1760 374 
531 1407 
36 466 
1260 1479 
786 790 
972 1160 
1697 280 
444 545 
1035 1085 
110 241 
1250 495 
737 1569 
179 297 
797 17 
633 769 
1128 1416 
501 1555 
1995 295 
731 1263 
1264 127 
263 867 
1585 451 
565 1556 
1725 1997 
1006 335 
1566 686 
765 946 
1452 220 
1072 697 
1050 1462 
260 959 
1667 231 
868 894 
915 1234 
1890 1038 
1192 1541 
1970 103 
1236 410 
466 1737 
373 814 
1500 1603 
449 666 
904 1649 
339 393 
1807 978 
1268 1273 
1861 419 
1220 221 
680 846 
1727 1798 
1564 200 
573 1536 
1537 1774 
27 90 
818 1020 
1080 1854 
119 173 
371 862 
58 661 
697 1186 
1405 879 
1433 602 
1625 436 
908 1198 
1212 1650 
111 626 
1239 93 
327 905 
925 944 
1132 1200 
1269 1499 
692 1333 
1743 491 
770 829 
1557 1940 
36 371 
876 1139 
1196 1786 
386 511 
679 1493 
1801 329 
1113 1210 
149 733 
1481 256 
334 607 
1551 1370 
1385 1393 
1649 307 
994 412 
477 652 
1568 16 
205 522 
221 1299 
308 369 
530 1129 
1140 666 
857 1109 
1208 1137 
375 819 
1228 578 
1847 449 
503 698 
1638 859 
91 818 
1164 255 
644 931 
1378 1393 
877 1676 
1981 405 
668 851 
1989 1104 
1403 1814 
1153 1186 
1908 272 
1224 45 
1133 1783 
185 298 
1286 1622 
628 921 
1103 1272 
153 1573 
699 1225 
1300 1902 
325 886 
1490 1761 
1063 1917 
868 1061 
98 807 
1344 1759 
1457 1990 
996 1395 
934 961 
1194 1958 
272 374 
425 933 
1003 1654 
1765 25 
498 858 
907 966 
1910 109 
41 1358 
1017 1057 
746 836 
1175 1498 
1213 1577 
1751 1977 
238 1200 
1341 14 
303 618 
633 1497 
1531 133 
764 1049 
581 677 
1282 1579 
300 1078 
1579 1105 
603 743 
1535 1581 
1963 234 
1439 1514 
1532 1571 
892 952 
1547 1568 
210 586 
792 1011 
1064 1129 
219 496 
1310 1703 
1715 91 
664 1265 
1676 1978 
1235 453 
926 987 
1561 1769 
921 1197 
1199 733 
1125 1563 
23 1213 
1874 791 
1617 834 
905 425 
545 13 
394 871 
1370 373 
865 1054 
1406 1798 
233 1177 
1750 1388 
831 1045 
1159 1700 
1407 1638 
1662 1729 
1128 1358 
1171 1285 
1106 379 
706 991 
1977 161 
616 727 
1473 1478 
1981 1078 
1216 1605 
1915 812 
1607 295 
389 613 
1779 1789 
314 571 
50 1715 
1930 586 
1780 112 
121 1651 
47 744 
788 723 
807 954 
1713 1771 
117 765 
858 1092 
1138 1252 
1311 605 
1101 1848 
409 487 
1130 1215 
1543 1758 
76 1098 
1993 344 
557 1443 
385 698 
1380 59 
171 978 
991 1674 
1922 1956 
342 1304 
1935 273 
1600 613 
252 348 
878 1898 
1957 1989 
425 1390 
1090 1240 
1340 192 
1002 1027 
1125 606 
611 1028 
1185 141 
264 1410 
1665 996 
275 377 
1992 62 
571 1354 
1451 1563 
1900 1981 
86 253 
467 645 
943 987 
1085 1806 
1913 126 
502 1135 
1228 577 
1177 1483 
1988 102 
338 616 
812 971 
1356 1973 
341 725 
1721 1759 
1835 529 
1607 678 
1282 1706 
1839 76 
81 216 
1285 104 
626 1493 
1735 1510 
