1 2 
2 2 
2 3 
3 4 
5 5 
5 5 
6 6 
6 7 
7 7 
9 9 
9 9 
10 10 
11 11 
12 12 
12 12 
13 14 
14 14 
15 15 
15 16 
16 16 
16 17 
18 18 
18 18 
19 19 
20 22 
22 23 
23 23 
23 23 
23 24 
24 25 
25 26 
26 26 
27 27 
28 28 
28 28 
29 29 
29 29 
29 29 
30 31 
31 31 
32 32 
33 33 
34 34 
34 34 
34 35 
35 36 
37 37 
37 39 
39 40 
40 41 
43 43 
43 43 
43 44 
45 45 
46 46 
47 47 
47 47 
48 49 
49 50 
50 51 
51 51 
51 51 
51 53 
54 54 
54 54 
54 55 
55 55 
56 56 
57 57 
57 58 
58 59 
60 60 
60 61 
61 62 
62 62 
62 62 
62 62 
63 63 
64 64 
65 65 
65 66 
66 67 
67 67 
67 68 
69 69 
69 69 
70 70 
70 71 
71 71 
71 71 
72 72 
72 73 
73 73 
73 73 
74 74 
74 74 
75 75 
75 75 
75 76 
76 76 
76 77 
77 77 
78 78 
78 78 
79 79 
80 80 
80 81 
81 82 
82 82 
83 83 
83 83 
84 85 
85 85 
85 85 
86 86 
86 86 
86 87 
87 88 
88 88 
88 88 
89 89 
89 90 
90 91 
91 91 
91 92 
92 92 
92 92 
92 93 
93 93 
93 93 
93 94 
94 94 
94 94 
94 94 
94 95 
95 95 
96 97 
97 97 
97 97 
97 98 
98 98 
98 98 
98 99 
99 99 
99 100 
100 100 
100 101 
101 101 
102 102 
102 102 
102 103 
103 103 
105 105 
105 105 
106 107 
107 107 
107 108 
108 109 
109 109 
109 110 
110 111 
111 111 
112 112 
112 113 
113 113 
114 114 
115 115 
116 116 
116 117 
117 117 
118 119 
120 121 
121 121 
121 121 
121 121 
121 122 
123 123 
123 124 
124 124 
124 124 
125 126 
126 127 
127 127 
128 128 
129 130 
131 131 
131 131 
131 131 
133 133 
133 133 
134 135 
135 135 
135 135 
136 136 
136 136 
137 137 
137 137 
138 138 
139 140 
140 142 
142 144 
144 144 
145 145 
145 146 
146 146 
147 148 
148 148 
148 149 
149 149 
149 149 
150 150 
151 152 
152 153 
153 153 
153 153 
153 154 
155 155 
155 155 
156 156 
156 157 
157 157 
157 158 
158 158 
158 158 
159 159 
159 159 
160 160 
160 160 
160 161 
161 162 
162 163 
163 164 
165 166 
166 167 
167 167 
168 168 
168 168 
168 168 
170 170 
171 171 
171 172 
172 172 
173 173 
174 174 
174 175 
175 175 
175 175 
176 176 
177 177 
177 177 
177 179 
179 179 
180 181 
181 181 
181 181 
182 182 
182 183 
183 183 
184 184 
184 185 
185 185 
185 185 
186 186 
187 187 
188 188 
188 188 
188 189 
189 189 
189 189 
189 190 
191 191 
191 191 
192 193 
193 193 
194 195 
195 195 
195 195 
196 196 
198 198 
198 199 
200 200 
200 200 
200 200 
201 201 
201 201 
202 202 
202 202 
203 203 
203 203 
204 204 
204 204 
204 205 
205 205 
206 206 
207 207 
207 208 
208 208 
208 209 
209 209 
209 210 
210 210 
211 211 
211 212 
213 213 
213 213 
214 215 
215 215 
215 215 
215 216 
217 217 
217 218 
218 218 
218 218 
219 219 
219 220 
220 221 
221 221 
221 222 
222 222 
223 224 
225 225 
225 225 
225 226 
226 226 
226 227 
227 227 
227 228 
229 229 
229 229 
229 230 
230 231 
231 231 
232 232 
232 233 
234 234 
234 235 
236 236 
236 236 
236 237 
237 237 
238 239 
239 239 
239 239 
239 240 
241 241 
242 242 
242 242 
242 243 
243 243 
243 244 
244 244 
244 244 
245 245 
245 246 
246 246 
246 246 
246 247 
247 248 
249 249 
250 250 
250 251 
251 251 
251 251 
252 252 
252 253 
254 255 
255 255 
256 256 
256 257 
257 257 
257 258 
258 258 
259 259 
260 260 
260 261 
261 261 
262 263 
263 263 
263 263 
263 263 
264 264 
265 265 
267 267 
267 267 
268 269 
269 269 
269 270 
270 270 
270 270 
270 272 
273 274 
274 274 
274 275 
275 275 
276 276 
276 277 
277 277 
277 277 
278 278 
278 279 
279 279 
279 280 
280 280 
283 283 
283 284 
284 284 
285 285 
286 286 
287 287 
288 288 
289 289 
289 290 
290 290 
290 290 
290 290 
291 291 
291 292 
292 292 
293 293 
293 293 
293 293 
293 293 
293 294 
294 295 
296 296 
296 297 
297 298 
300 300 
300 300 
300 300 
300 301 
301 301 
301 301 
302 302 
303 303 
304 305 
305 305 
306 306 
306 307 
308 308 
308 310 
310 311 
311 311 
311 312 
313 313 
313 313 
313 313 
314 314 
315 315 
316 316 
316 317 
317 317 
318 318 
318 318 
318 318 
318 319 
319 320 
320 320 
321 321 
322 322 
323 323 
323 323 
323 323 
323 324 
325 325 
325 326 
326 327 
327 327 
327 328 
328 328 
328 328 
329 329 
329 329 
329 330 
330 330 
331 331 
331 331 
332 332 
332 333 
334 334 
334 334 
335 335 
335 335 
336 336 
336 336 
336 337 
337 337 
337 337 
338 339 
339 339 
340 340 
340 341 
341 342 
343 344 
344 344 
344 345 
345 345 
345 346 
346 346 
347 348 
348 348 
348 348 
349 349 
349 349 
349 350 
351 351 
351 352 
353 353 
353 353 
354 354 
354 355 
355 355 
355 357 
358 359 
359 359 
360 360 
360 360 
360 361 
361 361 
362 362 
362 362 
362 363 
363 363 
363 364 
364 366 
368 368 
369 369 
369 370 
370 371 
371 371 
371 371 
371 372 
372 372 
374 375 
375 375 
376 377 
377 377 
377 377 
378 379 
379 380 
380 381 
381 382 
382 384 
384 384 
385 385 
385 386 
386 386 
386 387 
388 388 
388 388 
389 389 
390 390 
390 390 
391 391 
392 392 
392 392 
392 392 
392 393 
393 393 
393 394 
394 394 
394 394 
395 396 
396 396 
396 397 
397 398 
398 399 
399 400 
400 400 
400 401 
401 401 
401 401 
401 402 
402 402 
402 402 
402 402 
403 403 
403 403 
404 404 
404 405 
405 405 
406 406 
406 407 
407 407 
407 407 
408 408 
408 408 
409 409 
409 410 
410 410 
411 411 
412 412 
412 412 
412 412 
412 413 
413 414 
414 414 
414 414 
415 415 
416 416 
417 418 
418 418 
419 419 
419 420 
420 420 
420 420 
421 421 
421 421 
423 423 
423 423 
424 424 
424 425 
425 425 
425 426 
426 426 
427 427 
427 428 
428 428 
429 429 
429 430 
430 431 
431 431 
432 432 
432 433 
433 433 
433 433 
434 434 
434 434 
434 435 
435 435 
436 436 
436 437 
438 438 
439 440 
440 441 
442 442 
442 443 
443 444 
444 444 
444 445 
445 445 
445 446 
446 446 
447 448 
448 448 
449 451 
451 451 
452 452 
452 453 
453 453 
453 453 
453 454 
454 454 
455 455 
455 457 
457 457 
458 458 
458 458 
459 459 
459 459 
460 460 
461 462 
462 462 
462 462 
463 463 
463 463 
464 464 
464 465 
465 465 
466 466 
466 467 
468 468 
468 468 
468 469 
469 470 
470 470 
470 470 
471 471 
471 471 
472 472 
472 472 
472 472 
473 473 
474 475 
475 476 
476 477 
477 477 
477 477 
478 478 
479 479 
479 480 
480 480 
480 481 
481 481 
481 482 
482 482 
483 483 
483 483 
483 484 
484 484 
484 484 
485 485 
486 486 
486 487 
487 487 
487 487 
488 488 
488 488 
489 489 
489 489 
489 490 
490 490 
491 491 
492 492 
492 494 
494 494 
495 495 
495 495 
496 496 
496 496 
497 497 
497 497 
498 498 
498 499 
499 499 
499 499 
499 500 
500 501 
501 501 
502 502 
502 503 
503 503 
504 504 
504 504 
504 505 
505 505 
505 506 
506 507 
508 508 
508 509 
510 510 
510 510 
510 511 
511 511 
512 512 
512 512 
512 512 
514 514 
514 515 
515 515 
516 517 
517 517 
517 517 
518 519 
519 519 
519 521 
522 522 
522 523 
523 525 
525 525 
526 526 
526 527 
528 529 
529 530 
530 530 
531 531 
531 531 
532 532 
532 532 
532 532 
532 532 
533 533 
533 534 
534 534 
534 534 
534 534 
535 535 
535 536 
536 536 
536 537 
538 539 
539 540 
540 540 
541 541 
541 542 
542 543 
543 543 
543 543 
543 543 
543 543 
543 543 
544 544 
544 544 
544 544 
545 545 
545 546 
546 546 
546 547 
547 547 
548 548 
548 549 
551 551 
551 551 
551 552 
552 552 
552 552 
552 553 
553 553 
553 553 
554 554 
554 554 
554 555 
556 557 
558 558 
558 559 
559 559 
560 560 
560 560 
560 561 
561 561 
561 561 
561 563 
563 563 
563 563 
563 563 
564 564 
564 564 
565 566 
567 567 
568 568 
568 568 
568 569 
569 569 
569 570 
570 570 
571 572 
572 572 
572 572 
572 573 
575 575 
576 576 
576 576 
577 578 
578 578 
579 579 
579 579 
580 580 
580 580 
581 582 
584 584 
585 585 
585 586 
586 586 
587 587 
587 587 
588 588 
588 589 
590 590 
591 591 
592 592 
592 593 
593 594 
594 594 
595 595 
595 596 
596 596 
596 596 
596 597 
597 597 
598 599 
599 600 
601 601 
603 603 
603 603 
603 603 
603 604 
604 604 
604 605 
605 605 
607 607 
607 607 
607 608 
608 608 
609 609 
609 609 
609 610 
610 610 
611 611 
611 612 
613 613 
613 614 
615 615 
615 615 
615 616 
617 617 
617 617 
618 619 
619 620 
620 620 
621 622 
623 623 
623 624 
624 624 
625 625 
626 626 
626 627 
628 628 
629 629 
630 630 
630 632 
632 632 
632 633 
633 633 
633 633 
634 634 
635 635 
636 636 
636 637 
637 637 
637 637 
637 637 
638 638 
639 639 
639 639 
640 641 
641 641 
643 643 
643 644 
644 644 
644 644 
645 645 
645 645 
645 645 
646 646 
646 646 
647 648 
648 649 
649 650 
650 650 
651 651 
651 651 
651 651 
651 652 
652 652 
652 653 
653 653 
653 653 
654 654 
654 655 
656 656 
656 656 
657 657 
658 658 
659 659 
659 659 
660 660 
660 660 
660 661 
661 662 
662 662 
662 662 
662 663 
663 663 
664 664 
665 666 
666 666 
666 667 
667 668 
668 669 
669 670 
670 672 
672 672 
672 672 
673 673 
673 674 
674 674 
675 675 
675 675 
675 675 
676 676 
677 677 
677 677 
677 678 
678 678 
678 678 
679 680 
680 681 
682 682 
682 683 
683 684 
684 685 
685 686 
686 686 
686 686 
686 686 
687 687 
687 688 
688 688 
688 688 
689 689 
690 690 
690 691 
692 693 
693 693 
693 693 
693 694 
694 694 
695 696 
697 697 
698 698 
698 699 
699 699 
699 701 
701 701 
701 701 
702 702 
702 702 
702 702 
703 703 
704 704 
705 705 
705 705 
705 706 
706 706 
706 707 
707 707 
707 708 
708 708 
709 710 
710 710 
710 711 
711 711 
712 712 
712 712 
712 713 
713 714 
714 715 
715 715 
715 716 
716 717 
717 717 
718 718 
718 719 
719 719 
719 719 
719 719 
720 720 
720 720 
721 722 
722 722 
722 722 
722 722 
722 722 
723 723 
723 724 
724 724 
724 724 
724 725 
725 725 
725 725 
726 726 
726 726 
727 727 
728 728 
729 729 
730 730 
730 731 
731 731 
731 732 
732 733 
733 733 
733 733 
734 735 
735 735 
735 735 
735 737 
737 737 
738 738 
739 739 
739 739 
742 742 
742 742 
743 744 
744 744 
745 745 
745 746 
747 747 
747 748 
748 749 
749 749 
749 750 
750 750 
751 752 
752 752 
752 752 
753 753 
753 754 
754 754 
754 754 
755 755 
756 757 
757 758 
758 759 
759 759 
760 760 
761 761 
761 761 
761 762 
762 762 
762 764 
764 764 
765 765 
765 765 
766 766 
767 767 
767 767 
768 768 
768 768 
768 770 
770 772 
772 772 
773 773 
773 773 
773 773 
774 774 
774 774 
774 775 
776 776 
776 776 
777 777 
777 778 
778 779 
779 779 
780 780 
780 780 
780 781 
781 781 
782 782 
783 784 
784 785 
785 785 
785 786 
786 786 
787 787 
788 789 
789 789 
789 790 
790 791 
791 791 
791 791 
792 792 
793 793 
793 793 
793 793 
793 794 
794 794 
794 794 
795 795 
795 795 
795 795 
796 796 
796 797 
797 797 
797 798 
798 798 
798 799 
800 800 
800 800 
801 802 
802 802 
802 802 
802 802 
803 803 
804 805 
805 805 
805 805 
806 806 
808 808 
808 809 
810 810 
810 810 
810 811 
812 812 
812 813 
813 813 
813 813 
813 813 
813 813 
814 814 
815 816 
816 816 
817 817 
818 819 
819 819 
819 819 
820 820 
820 820 
821 821 
821 821 
822 822 
822 823 
823 823 
824 824 
824 824 
826 826 
827 827 
829 829 
830 830 
831 831 
831 831 
832 832 
833 833 
834 834 
835 835 
835 835 
835 836 
836 836 
837 837 
837 837 
838 838 
838 838 
838 839 
839 840 
840 840 
841 841 
841 842 
842 843 
843 844 
844 844 
844 844 
845 845 
846 846 
847 847 
847 848 
848 848 
849 849 
849 850 
850 850 
851 851 
851 851 
852 852 
852 852 
854 854 
854 854 
855 855 
855 856 
856 856 
856 856 
856 856 
856 857 
857 857 
857 858 
858 858 
858 859 
859 859 
859 860 
860 860 
861 861 
861 862 
862 862 
862 862 
862 862 
863 863 
864 864 
865 865 
865 865 
865 866 
866 866 
867 867 
867 867 
868 869 
869 869 
870 870 
870 870 
872 873 
873 873 
873 873 
874 874 
874 874 
874 875 
875 875 
875 875 
875 875 
876 876 
876 876 
876 877 
877 878 
878 880 
880 880 
880 881 
881 881 
881 881 
881 882 
882 882 
882 882 
883 883 
883 884 
884 884 
885 885 
885 885 
885 885 
886 887 
887 887 
888 888 
888 889 
889 889 
889 889 
889 890 
890 890 
890 891 
892 892 
892 893 
893 893 
894 894 
894 895 
895 895 
895 896 
896 896 
896 896 
897 897 
897 899 
899 899 
900 900 
900 901 
902 902 
903 903 
904 905 
905 905 
905 906 
907 907 
907 907 
908 909 
909 909 
910 910 
911 911 
911 911 
911 912 
913 913 
914 914 
914 915 
915 917 
917 918 
918 918 
919 920 
920 920 
920 920 
920 921 
921 921 
922 922 
922 922 
924 924 
924 924 
925 926 
926 926 
926 927 
927 927 
928 928 
929 929 
930 930 
930 930 
930 931 
931 931 
932 932 
932 934 
935 935 
936 936 
936 936 
937 938 
938 938 
939 939 
940 940 
940 940 
942 942 
942 942 
942 942 
943 943 
944 944 
944 945 
945 945 
945 945 
945 946 
946 946 
946 947 
947 948 
948 949 
949 949 
950 951 
951 951 
952 953 
953 954 
954 954 
955 955 
955 955 
955 955 
955 956 
956 957 
957 957 
958 958 
959 959 
960 961 
963 963 
963 963 
963 963 
964 964 
964 965 
965 966 
966 967 
968 968 
968 968 
969 969 
969 970 
970 970 
971 971 
972 972 
972 973 
973 973 
973 973 
975 975 
975 975 
976 976 
976 978 
978 978 
980 980 
981 982 
982 982 
982 982 
982 983 
983 983 
983 983 
983 983 
983 983 
983 984 
984 984 
984 984 
984 985 
985 985 
985 985 
985 985 
985 986 
986 986 
986 987 
987 987 
988 988 
989 990 
990 991 
991 992 
992 992 
993 993 
993 994 
994 994 
996 997 
997 997 
997 997 
997 998 
998 998 
999 999 
999 999 
1000 1000 
1000 1001 
1002 1002 
1002 1002 
1003 1003 
1003 1003 
1003 1004 
1004 1005 
1005 1006 
1006 1006 
1007 1007 
1007 1007 
1008 1008 
1008 1009 
1009 1009 
1009 1009 
1010 1010 
1010 1010 
1010 1011 
1011 1011 
1012 1012 
1013 1013 
1013 1013 
1013 1013 
1014 1014 
1014 1015 
1015 1017 
1017 1017 
1017 1017 
1017 1018 
1019 1019 
1019 1019 
1019 1020 
1020 1020 
1020 1021 
1021 1021 
1021 1022 
1022 1022 
1022 1022 
1023 1023 
1023 1024 
1024 1024 
1025 1026 
1026 1026 
1026 1027 
1028 1028 
1028 1028 
1028 1029 
1029 1029 
1029 1030 
1030 1030 
1030 1031 
1031 1031 
1032 1032 
1033 1034 
1034 1035 
1036 1036 
1036 1037 
1038 1038 
1038 1039 
1039 1040 
1041 1041 
1042 1042 
1042 1042 
1043 1043 
1043 1043 
1044 1045 
1045 1045 
1046 1047 
1047 1047 
1048 1048 
1048 1048 
1048 1048 
1049 1049 
1049 1049 
1049 1050 
1050 1051 
1051 1051 
1051 1052 
1052 1052 
1053 1053 
1054 1054 
1055 1055 
1055 1055 
1055 1055 
1055 1056 
1056 1056 
1057 1057 
1057 1057 
1057 1058 
1058 1058 
1059 1060 
1060 1060 
1061 1062 
1062 1063 
1063 1063 
1063 1064 
1064 1064 
1064 1064 
1065 1065 
1065 1065 
1065 1066 
1066 1066 
1067 1067 
1067 1067 
1068 1068 
1069 1069 
1069 1069 
1069 1069 
1070 1070 
1070 1070 
1070 1071 
1072 1072 
1072 1072 
1073 1073 
1074 1074 
1074 1074 
1075 1075 
1075 1076 
1076 1076 
1076 1077 
1077 1077 
1077 1077 
1077 1078 
1078 1078 
1079 1079 
1079 1079 
1079 1079 
1080 1080 
1080 1080 
1080 1080 
1081 1081 
1081 1082 
1082 1083 
1083 1083 
1085 1085 
1085 1085 
1085 1086 
1086 1087 
1088 1088 
1088 1088 
1088 1089 
1089 1090 
1090 1090 
1090 1091 
1091 1091 
1092 1092 
1092 1093 
1093 1094 
1094 1095 
1095 1095 
1096 1096 
1096 1097 
1097 1098 
1099 1099 
1100 1100 
1100 1100 
1100 1102 
1102 1103 
1103 1103 
1103 1104 
1104 1105 
1106 1107 
1107 1108 
1108 1108 
1109 1110 
1110 1110 
1111 1111 
1111 1112 
1112 1113 
1113 1113 
1114 1114 
1114 1115 
1115 1115 
1115 1116 
1116 1116 
1116 1117 
1117 1117 
1118 1118 
1118 1118 
1119 1120 
1120 1120 
1120 1122 
1122 1123 
1123 1123 
1123 1123 
1123 1123 
1123 1124 
1124 1124 
1125 1126 
1126 1126 
1126 1126 
1126 1126 
1126 1127 
1127 1127 
1128 1128 
1128 1129 
1129 1129 
1129 1129 
1130 1131 
1131 1132 
1132 1132 
1133 1133 
1133 1134 
1134 1134 
1135 1135 
1135 1135 
1135 1135 
1136 1136 
1136 1136 
1136 1137 
1137 1137 
1138 1138 
1140 1141 
1141 1141 
1141 1141 
1142 1142 
1142 1142 
1143 1143 
1143 1143 
1144 1144 
1144 1145 
1145 1145 
1145 1145 
1146 1146 
1146 1146 
1147 1147 
1148 1148 
1148 1149 
1149 1149 
1150 1150 
1150 1150 
1151 1151 
1152 1152 
1152 1152 
1152 1153 
1153 1153 
1153 1153 
1153 1153 
1154 1154 
1154 1154 
1155 1155 
1156 1156 
1156 1156 
1157 1157 
1158 1158 
1158 1159 
1159 1159 
1160 1160 
1160 1160 
1161 1162 
1162 1162 
1162 1162 
1164 1164 
1164 1164 
1165 1166 
1166 1166 
1166 1167 
1167 1167 
1167 1167 
1168 1169 
1169 1169 
1170 1170 
1170 1170 
1170 1171 
1171 1171 
1172 1172 
1172 1172 
1173 1173 
1173 1173 
1173 1173 
1174 1175 
1175 1175 
1176 1176 
1177 1177 
1177 1178 
1178 1178 
1179 1179 
1179 1179 
1180 1181 
1181 1181 
1181 1181 
1182 1182 
1182 1183 
1183 1183 
1184 1184 
1184 1185 
1185 1186 
1186 1186 
1187 1187 
1187 1187 
1188 1189 
1189 1189 
1190 1190 
1190 1191 
1191 1192 
1192 1192 
1193 1193 
1194 1194 
1194 1195 
1195 1195 
1196 1196 
1197 1197 
1197 1197 
1197 1197 
1198 1198 
1198 1198 
1199 1199 
1200 1200 
1201 1201 
1201 1202 
1203 1203 
1203 1204 
1204 1204 
1205 1205 
1205 1206 
1206 1206 
1206 1206 
1206 1207 
1207 1207 
1209 1209 
1209 1209 
1210 1210 
1210 1211 
1211 1211 
1212 1212 
1212 1212 
1212 1212 
1212 1213 
1213 1213 
1213 1213 
1214 1214 
1214 1214 
1215 1215 
1215 1216 
1216 1216 
1217 1217 
1217 1218 
1218 1218 
1219 1219 
1220 1220 
1220 1221 
1221 1222 
1222 1222 
1222 1222 
1223 1223 
1223 1223 
1224 1224 
1224 1225 
1225 1225 
1225 1225 
1226 1226 
1227 1227 
1227 1228 
1228 1228 
1229 1229 
1230 1230 
1230 1231 
1231 1232 
1233 1233 
1233 1233 
1235 1235 
1236 1236 
1237 1237 
1238 1238 
1238 1239 
1239 1240 
1240 1240 
1241 1241 
1242 1242 
1242 1243 
1243 1244 
1244 1244 
1244 1244 
1244 1245 
1246 1246 
1246 1246 
1247 1247 
1247 1248 
1248 1248 
1249 1249 
1249 1250 
1251 1251 
1251 1251 
1251 1252 
1253 1253 
1253 1254 
1254 1254 
1255 1255 
1255 1256 
1257 1258 
1259 1259 
1260 1260 
1260 1263 
1264 1264 
1264 1264 
1265 1265 
1265 1266 
1266 1266 
1266 1268 
1268 1268 
1268 1269 
1269 1269 
1269 1269 
1269 1269 
1270 1270 
1271 1271 
1272 1272 
1272 1272 
1272 1273 
1273 1274 
1274 1274 
1275 1276 
1276 1277 
1277 1277 
1277 1277 
1278 1278 
1278 1279 
1279 1279 
1279 1279 
1279 1280 
1280 1280 
1281 1281 
1281 1281 
1281 1282 
1282 1282 
1282 1283 
1283 1284 
1284 1284 
1284 1284 
1285 1286 
1286 1287 
1287 1288 
1288 1288 
1288 1288 
1289 1289 
1289 1289 
1289 1290 
1290 1291 
1291 1291 
1291 1291 
1291 1291 
1292 1292 
1292 1292 
1293 1294 
1294 1294 
1294 1295 
1295 1296 
1296 1296 
1296 1297 
1297 1297 
1299 1299 
1300 1300 
1301 1301 
1301 1301 
1301 1301 
1303 1303 
1303 1303 
1304 1304 
1304 1304 
1304 1305 
1305 1306 
1306 1307 
1307 1308 
1308 1308 
1309 1310 
1310 1311 
1311 1311 
1311 1311 
1312 1313 
1313 1313 
1313 1314 
1314 1315 
1315 1316 
1316 1316 
1316 1317 
1317 1317 
1317 1318 
1318 1318 
1318 1318 
1319 1319 
1319 1319 
1319 1320 
1320 1320 
1321 1321 
1322 1322 
1322 1322 
1322 1322 
1323 1325 
1325 1325 
1325 1327 
1327 1327 
1327 1327 
1328 1328 
1328 1328 
1329 1329 
1330 1330 
1330 1330 
1330 1331 
1331 1331 
1331 1332 
1332 1332 
1332 1332 
1333 1334 
1335 1335 
1336 1337 
1338 1338 
1338 1339 
1339 1339 
1339 1340 
1340 1340 
1341 1341 
1341 1342 
1342 1342 
1342 1342 
1342 1342 
1342 1343 
1343 1343 
1343 1343 
1344 1345 
1345 1346 
1346 1346 
1346 1346 
1347 1347 
1347 1348 
1350 1350 
1351 1351 
1351 1351 
1352 1353 
1353 1354 
1354 1354 
1354 1355 
1355 1355 
1355 1356 
1356 1356 
1357 1357 
1357 1358 
1358 1358 
1359 1360 
1360 1360 
1361 1362 
1362 1362 
1362 1363 
1363 1363 
1364 1364 
1364 1364 
1364 1364 
1364 1365 
1365 1365 
1366 1366 
1366 1366 
1367 1367 
1367 1368 
1368 1369 
1369 1369 
1370 1370 
1370 1370 
1370 1371 
1371 1371 
1371 1372 
1372 1373 
1373 1374 
1374 1374 
1375 1375 
1376 1376 
1377 1377 
1377 1377 
1378 1378 
1379 1379 
1379 1379 
1380 1380 
1381 1381 
1381 1382 
1382 1382 
1383 1383 
1385 1385 
1385 1385 
1385 1386 
1386 1386 
1386 1386 
1387 1388 
1388 1388 
1388 1391 
1391 1392 
1392 1392 
1392 1393 
1393 1393 
1394 1394 
1394 1394 
1395 1395 
1395 1395 
1395 1395 
1397 1398 
1398 1398 
1398 1398 
1398 1399 
1399 1399 
1399 1400 
1400 1400 
1400 1400 
1400 1401 
1401 1402 
1402 1402 
1403 1403 
1403 1403 
1403 1403 
1404 1404 
1405 1405 
1406 1406 
1406 1406 
1407 1407 
1407 1407 
1408 1408 
1408 1409 
1409 1409 
1409 1409 
1410 1410 
1411 1411 
1411 1412 
1412 1413 
1413 1414 
1416 1417 
1417 1418 
1418 1418 
1418 1418 
1418 1419 
1419 1420 
1421 1421 
1421 1421 
1421 1421 
1422 1422 
1423 1423 
1424 1425 
1425 1425 
1425 1425 
1426 1426 
1426 1426 
1427 1428 
1428 1428 
1428 1428 
1429 1429 
1429 1429 
1429 1430 
1430 1430 
1430 1430 
1431 1431 
1431 1432 
1432 1432 
1432 1432 
1433 1433 
1433 1433 
1434 1434 
1437 1437 
1438 1438 
1438 1438 
1439 1441 
1442 1442 
1442 1443 
1443 1443 
1443 1444 
1445 1445 
1445 1445 
1446 1446 
1446 1446 
1447 1447 
1448 1448 
1448 1449 
1449 1449 
1449 1449 
1449 1449 
1450 1450 
1451 1451 
1452 1453 
1454 1454 
1454 1454 
1454 1455 
1455 1455 
1456 1456 
1457 1457 
1458 1458 
1458 1459 
1459 1459 
1460 1461 
1462 1462 
1463 1463 
1464 1465 
1466 1466 
1466 1466 
1466 1467 
1468 1468 
1468 1471 
1471 1471 
1472 1472 
1473 1473 
1473 1474 
1474 1475 
1475 1475 
1476 1476 
1476 1476 
1477 1477 
1477 1477 
1478 1478 
1478 1478 
1478 1478 
1479 1479 
1480 1481 
1481 1481 
1481 1482 
1482 1482 
1482 1482 
1482 1482 
1483 1483 
1483 1484 
1485 1485 
1485 1486 
1486 1486 
1486 1486 
1487 1488 
1488 1488 
1490 1490 
1490 1490 
1490 1490 
1491 1491 
1491 1491 
1492 1492 
1493 1493 
1494 1495 
1495 1495 
1496 1496 
1496 1496 
1496 1497 
1497 1497 
1497 1497 
1498 1498 
1498 1498 
1499 1499 
1499 1499 
1499 1500 
1500 1501 
1501 1502 
1502 1502 
1503 1503 
1503 1503 
1503 1503 
1503 1504 
1504 1504 
1504 1504 
1504 1504 
1504 1505 
1505 1505 
1506 1506 
1507 1507 
1507 1507 
1507 1508 
1508 1508 
1509 1509 
1509 1509 
1509 1510 
1510 1511 
1511 1511 
1511 1512 
1512 1513 
1513 1513 
1514 1514 
1514 1515 
1515 1516 
1516 1517 
1517 1518 
1518 1519 
1520 1520 
1521 1521 
1521 1522 
1522 1522 
1523 1523 
1523 1524 
1524 1524 
1524 1524 
1524 1524 
1526 1526 
1526 1527 
1527 1527 
1527 1528 
1528 1528 
1528 1529 
1529 1530 
1530 1530 
1531 1531 
1531 1531 
1532 1532 
1532 1532 
1532 1532 
1533 1533 
1534 1534 
1534 1535 
1535 1535 
1535 1536 
1536 1537 
1537 1537 
1537 1537 
1537 1537 
1538 1538 
1539 1539 
1539 1539 
1540 1540 
1540 1540 
1541 1541 
1541 1541 
1542 1542 
1543 1544 
1544 1544 
1544 1545 
1545 1545 
1545 1546 
1547 1547 
1547 1547 
1547 1547 
1548 1548 
1548 1548 
1549 1549 
1550 1550 
1550 1551 
1551 1552 
1552 1552 
1553 1553 
1553 1554 
1554 1554 
1554 1556 
1557 1557 
1557 1557 
1557 1558 
1558 1558 
1558 1558 
1558 1559 
1559 1560 
1560 1560 
1561 1562 
1562 1563 
1563 1563 
1563 1564 
1564 1567 
1567 1567 
1567 1567 
1567 1567 
1568 1568 
1569 1569 
1569 1569 
1570 1571 
1571 1571 
1572 1572 
1572 1572 
1572 1573 
1573 1574 
1574 1575 
1576 1577 
1577 1579 
1579 1579 
1579 1579 
1579 1580 
1580 1580 
1581 1581 
1581 1582 
1582 1582 
1583 1583 
1583 1583 
1584 1584 
1584 1585 
1585 1585 
1586 1587 
1587 1588 
1589 1590 
1590 1590 
1591 1592 
1592 1592 
1593 1593 
1593 1593 
1594 1594 
1594 1594 
1594 1594 
1595 1595 
1595 1595 
1595 1596 
1596 1596 
1596 1596 
1597 1597 
1597 1598 
1598 1598 
1598 1598 
1599 1599 
1599 1599 
1599 1599 
1600 1601 
1601 1601 
1601 1601 
1601 1602 
1603 1603 
1603 1603 
1603 1603 
1604 1604 
1604 1604 
1604 1605 
1605 1606 
1607 1607 
1608 1609 
1609 1609 
1609 1609 
1609 1609 
1609 1610 
1610 1610 
1611 1611 
1611 1612 
1613 1614 
1614 1615 
1615 1615 
1615 1615 
1616 1616 
1617 1617 
1617 1618 
1619 1619 
1619 1619 
1620 1620 
1621 1621 
1621 1621 
1621 1622 
1622 1623 
1623 1623 
1624 1624 
1624 1625 
1625 1625 
1625 1625 
1625 1625 
1626 1626 
1626 1626 
1627 1628 
1628 1628 
1629 1629 
1630 1630 
1632 1632 
1633 1633 
1633 1634 
1634 1634 
1634 1635 
1635 1636 
1636 1636 
1636 1637 
1638 1638 
1639 1640 
1641 1641 
1642 1642 
1644 1644 
1645 1645 
1645 1645 
1645 1645 
1646 1646 
1646 1646 
1646 1646 
1647 1648 
1648 1649 
1650 1650 
1651 1651 
1652 1653 
1653 1653 
1653 1653 
1653 1653 
1654 1654 
1654 1654 
1654 1654 
1655 1655 
1655 1656 
1656 1657 
1657 1657 
1658 1658 
1658 1658 
1659 1659 
1660 1660 
1661 1661 
1661 1662 
1662 1662 
1662 1663 
1664 1664 
1664 1664 
1664 1665 
1666 1666 
1666 1666 
1667 1667 
1667 1668 
1668 1668 
1669 1669 
1670 1670 
1670 1670 
1671 1672 
1672 1673 
1673 1673 
1673 1674 
1675 1675 
1675 1676 
1676 1677 
1677 1678 
1678 1678 
1678 1679 
1680 1681 
1681 1681 
1682 1682 
1683 1683 
1684 1684 
1684 1684 
1684 1685 
1685 1685 
1685 1687 
1687 1687 
1687 1688 
1688 1689 
1690 1690 
1690 1691 
1691 1691 
1691 1691 
1692 1692 
1692 1692 
1692 1693 
1693 1693 
1694 1694 
1694 1695 
1695 1695 
1696 1696 
1697 1697 
1697 1697 
1698 1698 
1699 1699 
1699 1700 
1700 1700 
1700 1700 
1701 1701 
1701 1702 
1702 1702 
1703 1703 
1703 1704 
1704 1704 
1704 1704 
1706 1706 
1706 1707 
1707 1707 
1708 1708 
1709 1710 
1710 1710 
1710 1710 
1711 1711 
1712 1712 
1712 1712 
1712 1712 
1713 1714 
1714 1714 
1714 1714 
1714 1715 
1715 1716 
1716 1716 
1717 1717 
1717 1717 
1717 1717 
1718 1718 
1718 1718 
1719 1719 
1719 1720 
1720 1721 
1721 1721 
1721 1722 
1722 1723 
1724 1725 
1725 1725 
1725 1725 
1726 1726 
1726 1727 
1728 1728 
1728 1728 
1729 1729 
1730 1730 
1730 1730 
1730 1730 
1730 1730 
1731 1732 
1732 1733 
1733 1733 
1734 1734 
1734 1734 
1736 1736 
1736 1736 
1737 1737 
1737 1738 
1738 1739 
1739 1739 
1740 1741 
1741 1741 
1742 1742 
1742 1742 
1742 1743 
1743 1744 
1744 1745 
1745 1746 
1747 1747 
1747 1747 
1748 1748 
1748 1748 
1748 1749 
1749 1749 
1749 1750 
1750 1750 
1750 1751 
1751 1751 
1751 1752 
1753 1753 
1753 1753 
1753 1754 
1755 1756 
1756 1756 
1757 1757 
1757 1758 
1758 1759 
1759 1759 
1759 1760 
1760 1761 
1761 1761 
1762 1762 
1762 1762 
1763 1763 
1764 1764 
1765 1765 
1765 1766 
1766 1766 
1767 1767 
1767 1767 
1767 1768 
1768 1769 
1769 1769 
1770 1770 
1771 1771 
1773 1773 
1773 1773 
1773 1773 
1774 1774 
1774 1774 
1775 1775 
1775 1776 
1776 1776 
1776 1776 
1777 1777 
1778 1778 
1779 1779 
1779 1779 
1780 1780 
1780 1780 
1780 1781 
1781 1781 
1781 1783 
1783 1783 
1784 1785 
1785 1785 
1785 1786 
1786 1786 
1787 1787 
1788 1788 
1789 1789 
1790 1790 
1791 1792 
1792 1792 
1793 1793 
1793 1794 
1794 1794 
1794 1796 
1796 1797 
1797 1797 
1797 1798 
1798 1798 
1798 1798 
1799 1799 
1799 1800 
1800 1800 
1800 1800 
1801 1801 
1801 1801 
1801 1804 
1804 1804 
1805 1805 
1806 1807 
1807 1807 
1808 1808 
1808 1808 
1808 1809 
1809 1809 
1809 1809 
1809 1809 
1809 1809 
1809 1810 
1810 1811 
1811 1812 
1812 1812 
1812 1812 
1813 1813 
1813 1813 
1813 1813 
1814 1814 
1815 1817 
1817 1817 
1818 1818 
1818 1819 
1820 1820 
1821 1821 
1821 1822 
1822 1822 
1823 1823 
1824 1826 
1826 1827 
1827 1827 
1828 1830 
1830 1831 
1831 1831 
1833 1833 
1834 1834 
1834 1834 
1834 1835 
1836 1836 
1836 1837 
1837 1838 
1838 1838 
1839 1839 
1839 1840 
1840 1840 
1841 1841 
1841 1841 
1841 1841 
1842 1842 
1842 1842 
1843 1843 
1843 1844 
1844 1844 
1845 1845 
1846 1847 
1847 1848 
1848 1849 
1849 1850 
1850 1850 
1851 1851 
1852 1852 
1853 1853 
1853 1854 
1854 1855 
1855 1855 
1856 1856 
1856 1857 
1858 1858 
1858 1859 
1859 1859 
1859 1859 
1860 1860 
1860 1860 
1861 1861 
1862 1863 
1863 1863 
1863 1864 
1866 1866 
1866 1867 
1869 1869 
1869 1869 
1869 1870 
1870 1870 
1870 1870 
1871 1872 
1872 1872 
1872 1872 
1873 1873 
1874 1874 
1874 1874 
1874 1876 
1876 1876 
1876 1877 
1877 1877 
1877 1878 
1879 1879 
1879 1880 
1880 1880 
1882 1882 
1883 1883 
1883 1884 
1884 1884 
1885 1885 
1886 1886 
1886 1886 
1886 1887 
1887 1887 
1888 1889 
1890 1890 
1890 1891 
1891 1892 
1892 1893 
1893 1893 
1894 1894 
1894 1895 
1896 1896 
1897 1897 
1897 1898 
1899 1899 
1899 1899 
1900 1901 
1901 1902 
1902 1902 
1903 1903 
1903 1903 
1903 1904 
1904 1905 
1905 1905 
1905 1906 
1906 1906 
1907 1907 
1907 1907 
1907 1907 
1907 1907 
1908 1908 
1908 1908 
1908 1908 
1911 1911 
1912 1912 
1913 1913 
1913 1913 
1914 1914 
1915 1915 
1915 1915 
1915 1915 
1915 1916 
1917 1917 
1917 1917 
1918 1918 
1919 1919 
1919 1919 
1919 1919 
1920 1920 
1920 1920 
1921 1921 
1921 1921 
1921 1921 
1921 1921 
1922 1922 
1922 1922 
1923 1923 
1923 1924 
1924 1924 
1924 1924 
1925 1925 
1926 1927 
1927 1927 
1927 1927 
1928 1928 
1928 1928 
1928 1928 
1929 1929 
1929 1930 
1930 1931 
1931 1931 
1931 1932 
1932 1933 
1933 1933 
1933 1934 
1935 1935 
1935 1936 
1936 1937 
1938 1938 
1939 1939 
1939 1939 
1940 1940 
1941 1942 
1942 1943 
1943 1943 
1945 1945 
1945 1946 
1946 1947 
1947 1947 
1947 1947 
1948 1948 
1948 1948 
1949 1949 
1950 1950 
1950 1951 
1951 1951 
1951 1953 
1953 1953 
1953 1953 
1954 1954 
1954 1955 
1955 1955 
1955 1955 
1956 1956 
1956 1956 
1956 1957 
1957 1957 
1958 1958 
1958 1958 
1959 1959 
1960 1960 
1960 1961 
1962 1962 
1963 1964 
1964 1964 
1965 1965 
1965 1965 
1966 1966 
1967 1967 
1967 1967 
1967 1968 
1968 1968 
1969 1971 
1971 1972 
1972 1972 
1972 1972 
1972 1972 
1973 1973 
1973 1974 
1974 1974 
1974 1974 
1974 1975 
1975 1976 
1976 1976 
1976 1976 
1976 1976 
1977 1977 
1977 1978 
1979 1979 
1979 1980 
1980 1980 
1981 1981 
1982 1982 
1983 1983 
1984 1984 
1985 1985 
1985 1985 
1986 1987 
1987 1987 
1988 1989 
1989 1991 
1991 1991 
1991 1991 
1992 1992 
1993 1993 
1993 1994 
1994 1994 
1995 1995 
1997 1998 
1998 1998 
1998 1999 
1999 1999 
1999 2000 
2000 2000 
301 490 
618 764 
1214 1374 
1658 857 
193 464 
762 1549 
327 433 
865 198 
698 1097 
514 1372 
1403 1666 
778 1442 
821 851 
292 875 
1430 1918 
718 363 
1288 1630 
880 1096 
1609 640 
1593 1704 
1976 1907 
938 1320 
1337 1377 
100 1377 
1251 290 
457 343 
867 907 
1110 1233 
1612 512 
953 660 
1292 841 
1147 1474 
975 1982 
205 430 
703 786 
392 522 
686 1100 
1432 1626 
949 546 
945 1834 
1783 1954 
639 1922 
921 930 
1064 1530 
1809 445 
1876 1608 
164 487 
704 1021 
1374 242 
1936 443 
77 414 
817 1870 
1946 225 
399 1020 
813 1447 
211 587 
1008 1219 
49 48 
874 1153 
1284 277 
738 802 
907 930 
1232 1531 
250 256 
305 761 
1260 469 
662 1077 
239 1402 
168 426 
508 1558 
1670 924 
259 1237 
1378 342 
401 185 
218 417 
430 1392 
1478 1949 
593 1869 
955 1624 
276 615 
985 1370 
1666 609 
1010 1117 
1629 136 
396 425 
1172 1533 
1529 1763 
1860 206 
463 735 
1069 1177 
856 963 
1043 486 
573 1077 
1401 1534 
100 263 
478 1434 
595 608 
869 1206 
1685 482 
865 1164 
1696 43 
243 419 
411 870 
1048 1841 
1659 1961 
103 428 
538 1856 
1920 802 
905 1238 
257 1056 
1329 1886 
1833 211 
214 1391 
1903 1974 
177 1057 
1181 1596 
1849 569 
984 120 
1508 1514 
1850 1872 
219 931 
1274 644 
764 732 
1273 1385 
1855 153 
827 994 
1395 1463 
1899 155 
396 463 
790 1404 
1589 181 
234 754 
922 965 
1249 1596 
1987 1127 
1551 1635 
1021 323 
329 651 
854 1108 
1549 241 
346 362 
1394 1463 
1706 183 
346 664 
1568 19 
74 267 
844 1373 
1430 1751 
662 1091 
1126 1265 
1647 80 
489 1287 
350 1128 
1153 1708 
1212 596 
813 1730 
1994 479 
693 315 
694 910 
999 236 
1971 472 
685 1088 
863 911 
1991 340 
1212 1244 
357 764 
412 1527 
599 615 
1906 190 
585 2000 
893 622 
88 249 
337 382 
410 659 
1022 1112 
1140 1598 
1431 1685 
1851 377 
760 875 
1311 1486 
543 1090 
1558 752 
1260 1430 
609 942 
472 1192 
176 852 
975 1700 
1757 1904 
263 292 
803 1229 
1395 159 
1052 1115 
1869 1874 
68 956 
1850 1976 
1080 1197 
1739 1908 
232 1504 
1230 148 
433 215 
1497 184 
1405 1737 
551 739 
852 882 
1191 1712 
2000 140 
390 1399 
1847 284 
325 985 
1057 1703 
160 553 
1235 1503 
1967 92 
217 496 
1221 1497 
1625 1031 
93 579 
1251 1921 
965 1289 
1928 714 
1129 1560 
1927 983 
1080 1503 
1622 1733 
135 280 
688 1809 
150 1117 
1162 1186 
1342 579 
1764 578 
942 1595 
1984 37 
1866 1507 
1959 1118 
1524 1938 
57 205 
407 609 
1040 1438 
408 1864 
795 1809 
1962 544 
1363 1801 
534 1931 
643 870 
1928 215 
316 662 
776 1385 
131 1330 
86 264 
519 793 
1080 1007 
1135 1342 
1882 94 
473 529 
1220 1840 
678 684 
805 99 
1126 1368 
144 1417 
1927 62 
855 1042 
1462 1532 
623 1005 
718 998 
575 597 
844 1177 
1738 228 
625 649 
1158 1406 
1734 117 
679 1487 
1579 1813 
1330 5 
1085 1491 
1054 229 
961 1160 
1849 1948 
1611 1777 
7 517 
1049 1516 
433 480 
730 786 
1003 1580 
353 837 
1183 1634 
311 1206 
1475 1815 
534 678 
712 1095 
269 272 
321 1515 
1550 28 
168 1381 
71 1943 
633 1033 
1641 221 
561 668 
1013 502 
589 1022 
1458 519 
651 1599 
47 85 
1445 1445 
677 948 
1115 1200 
85 142 
175 408 
1019 1088 
1120 543 
153 1116 
1132 62 
427 852 
1505 1948 
89 428 
1492 997 
1768 208 
717 727 
754 656 
1423 1693 
1587 1350 
44 939 
1136 1173 
1915 476 
1256 1693 
1830 424 
870 1189 
1291 189 
195 704 
824 994 
1017 608 
1869 886 
1200 1662 
138 587 
1596 983 
94 245 
472 1924 
110 1395 
1747 1934 
1948 258 
747 1646 
1173 56 
442 558 
781 944 
1080 1786 
98 432 
40 354 
552 668 
1531 77 
889 984 
1220 260 
924 1253 
1624 1807 
234 336 
782 441 
1184 1216 
1604 1679 
1681 386 
1785 644 
121 1020 
54 426 
1822 501 
729 1107 
1240 1766 
639 1369 
1837 1278 
1919 795 
993 1603 
54 1319 
1798 83 
641 1730 
1915 237 
1676 1953 
60 882 
244 1485 
1488 854 
1730 1736 
1811 74 
133 743 
794 1430 
1445 1767 
177 1225 
1595 1737 
100 317 
534 1920 
1783 204 
403 768 
1770 329 
360 588 
816 970 
980 204 
708 428 
519 730 
1563 1190 
1319 1400 
65 776 
1921 51 
381 617 
945 1069 
840 993 
1398 688 
820 1560 
1999 159 
471 768 
472 658 
1126 149 
646 1784 
361 1227 
968 1513 
905 1354 
561 836 
1484 1548 
1717 22 
593 663 
944 1022 
1601 1764 
1170 1189 
1748 12 
133 693 
306 471 
525 645 
651 1072 
1397 1496 
1848 694 
1903 436 
394 553 
1334 468 
683 369 
392 436 
644 968 
1085 1116 
1689 1 
410 1006 
1008 1537 
1197 1225 
735 1677 
948 54 
496 1704 
293 465 
1345 1388 
409 576 
637 1673 
1742 202 
835 1291 
1554 404 
403 468 
552 1266 
1718 1838 
594 943 
109 693 
175 572 
1141 267 
730 1340 
624 1055 
1067 1327 
1453 1610 
1809 543 
1192 1311 
1722 1860 
204 344 
1398 1407 
97 926 
1393 1400 
1792 1976 
1998 1057 
149 986 
1068 619 
1204 6 
800 1108 
1364 784 
789 1678 
1957 1968 
97 270 
1029 1410 
1870 884 
1081 1779 
483 1076 
1923 1986 
590 893 
1636 688 
625 1292 
1478 1800 
672 1347 
1691 1921 
245 503 
795 848 
1762 121 
635 1278 
1301 1431 
1723 1403 
1426 1958 
113 569 
1884 1328 
1956 61 
23 321 
1109 1366 
1931 861 
907 1443 
1501 98 
99 506 
1088 568 
636 805 
1114 1599 
794 1462 
1509 1532 
1585 105 
706 830 
1567 1288 
201 376 
609 1070 
242 555 
591 499 
905 1303 
1574 114 
552 873 
1135 1684 
270 858 
1036 1053 
1972 285 
796 1721 
98 699 
724 987 
1248 14 
1010 1153 
1951 663 
1082 421 
489 877 
298 372 
1856 822 
1263 563 
1002 1623 
1789 1840 
1899 369 
783 1228 
1567 386 
1095 1632 
353 124 
402 735 
1073 1655 
511 1889 
1945 652 
1281 277 
1184 121 
1179 651 
1123 1379 
498 1375 
1738 247 
375 655 
1601 1413 
680 1559 
1652 1753 
470 836 
148 423 
651 937 
1283 1585 
29 300 
568 581 
1277 1434 
1924 990 
1238 1553 
1698 296 
515 657 
954 1144 
1560 69 
93 460 
1684 722 
1173 515 
1018 45 
1712 544 
728 942 
1703 61 
672 844 
987 1254 
1274 377 
489 810 
813 823 
1592 1898 
269 313 
848 945 
312 488 
1853 748 
1296 1870 
719 1544 
1936 168 
719 1325 
1714 1999 
170 215 
1437 1733 
308 800 
1123 121 
301 1268 
78 1633 
115 1301 
1428 1522 
1692 1858 
1998 1480 
1486 43 
460 1037 
1205 1751 
745 1531 
833 1393 
62 701 
1351 1680 
77 1223 
1544 566 
649 972 
1218 1897 
366 1425 
1535 1539 
390 865 
1653 1788 
227 585 
1272 69 
590 957 
1967 57 
250 1193 
218 674 
1309 80 
219 274 
780 1883 
1951 28 
62 547 
775 1142 
241 1066 
1582 6 
140 200 
672 1421 
779 831 
1545 1547 
1588 760 
1615 1781 
295 300 
1380 705 
1682 1743 
533 1116 
1879 246 
239 1541 
1732 41 
1619 880 
1044 1339 
1704 35 
505 1356 
1579 471 
890 1915 
1403 499 
1011 1548 
1032 525 
947 1346 
964 983 
1730 988 
1056 1143 
1281 1614 
1915 1181 
1377 1537 
889 1666 
1715 22 
484 774 
480 563 
673 832 
1076 1077 
1166 1681 
396 414 
1227 761 
864 1020 
1195 1977 
71 93 
1378 1834 
5 1635 
1845 306 
494 1123 
963 1082 
1810 1313 
297 313 
535 1209 
1681 55 
844 389 
714 823 
840 1318 
280 293 
446 530 
111 129 
234 283 
1428 1584 
181 1156 
1929 791 
1813 226 
1076 881 
951 1297 
1329 1661 
74 722 
108 692 
765 200 
458 928 
1284 660 
1083 1527 
1670 76 
726 1466 
331 678 
1069 1268 
1572 457 
976 1146 
1850 1874 
701 1509 
73 806 
1933 37 
1036 1567 
1801 1859 
404 632 
1213 1402 
103 368 
402 1503 
1962 2 
1654 1940 
899 970 
534 969 
1362 465 
699 1459 
604 731 
745 1187 
153 305 
702 1428 
701 755 
793 1157 
385 848 
1024 355 
448 787 
1295 1477 
1874 851 
915 251 
980 1749 
209 511 
1141 336 
964 1481 
725 1052 
1063 1660 
1805 445 
997 1364 
1947 346 
1981 1836 
57 699 
1290 1748 
820 829 
1482 1717 
1976 378 
502 1346 
24 551 
955 964 
1645 1697 
9 682 
1284 394 
398 1700 
675 198 
1363 1716 
1750 1893 
541 177 
210 274 
1429 742 
29 1507 
1773 773 
985 293 
451 1573 
578 1136 
1804 1449 
1955 181 
866 471 
1150 1520 
894 1024 
1209 1546 
595 634 
1046 1442 
1553 1581 
1978 2000 
439 881 
1152 173 
203 267 
492 1418 
1776 1915 
468 881 
1584 1039 
1126 1599 
1801 1481 
80 1042 
1282 1011 
1246 1355 
518 1400 
1943 1345 
1443 125 
216 319 
1089 1246 
1272 1288 
1314 1332 
1466 1483 
172 400 
751 935 
1584 1592 
725 959 
1136 31 
645 973 
1269 431 
1229 1751 
827 1542 
1972 1154 
145 512 
1279 1339 
1654 242 
313 358 
874 1304 
1457 150 
296 1558 
1569 1859 
1055 1653 
1854 1942 
1964 354 
1917 1456 
239 575 
1757 693 
735 1479 
645 983 
1270 1668 
1851 208 
288 1051 
1383 1871 
1876 371 
458 610 
973 1185 
1199 1514 
737 831 
973 1535 
1138 420 
1572 1702 
348 392 
705 1026 
1197 87 
340 1678 
1973 918 
1460 1907 
723 316 
839 1169 
1338 1726 
1950 73 
188 558 
308 856 
1418 1603 
970 162 
526 1756 
155 161 
687 1411 
928 1425 
1476 1716 
392 1403 
1134 1204 
117 424 
1478 1094 
1198 1444 
47 232 
1295 1702 
270 785 
1625 209 
332 425 
354 1075 
1670 1858 
1908 63 
290 314 
1664 1746 
75 532 
1683 107 
953 1409 
1442 1697 
1785 188 
637 1206 
1167 116 
1319 791 
1423 1798 
816 972 
997 1092 
1258 1310 
1646 495 
889 1598 
1994 1051 
1180 1254 
675 915 
1182 1272 
1443 75 
230 1225 
67 128 
168 353 
1711 563 
615 727 
1212 1503 
1913 1005 
641 1055 
1611 1247 
65 116 
610 1781 
1794 1099 
277 1557 
1697 1883 
2 326 
1418 922 
1080 1090 
1603 119 
186 838 
1653 318 
1012 1579 
189 334 
862 1123 
1466 1029 
800 818 
911 1730 
773 859 
992 488 
1225 1438 
1821 207 
1146 1521 
1601 1893 
532 1076 
337 852 
348 1213 
1362 308 
597 754 
1000 1047 
1097 1300 
1394 1547 
33 252 
723 1690 
16 257 
613 946 
174 1070 
1364 90 
248 300 
677 1673 
293 546 
560 719 
739 1519 
284 884 
1332 1691 
1989 1317 
1386 189 
420 1159 
1240 1585 
97 210 
293 384 
390 747 
1367 380 
1361 1883 
1927 713 
1051 1465 
1792 1808 
1079 1694 
1993 386 
222 985 
1481 1992 
394 1558 
283 1493 
121 791 
1251 1846 
25 481 
805 891 
1386 693 
1607 55 
102 175 
1207 1266 
1818 290 
364 1426 
99 1342 
1975 854 
855 1002 
1172 1175 
1646 208 
242 1080 
1720 911 
1175 335 
401 433 
1206 1322 
458 896 
1707 427 
1473 1956 
516 607 
707 1197 
1638 1662 
838 1509 
213 644 
865 1120 
1182 182 
203 483 
862 1595 
191 388 
1495 1022 
514 698 
1151 297 
1892 182 
1874 111 
1621 29 
733 1019 
1129 1749 
1820 1977 
579 1222 
1675 159 
279 333 
1253 1313 
1146 1187 
1055 1092 
1759 1992 
479 108 
292 315 
559 661 
982 109 
294 862 
1353 1502 
920 1201 
7 682 
1014 362 
494 508 
1197 418 
485 497 
945 1852 
496 910 
1193 1296 
1503 1510 
28 1088 
37 229 
437 568 
902 1064 
1215 351 
797 1474 
1662 675 
1012 1370 
1503 273 
762 1289 
1939 1079 
1135 1844 
1971 787 
978 1728 
203 767 
901 1386 
1646 653 
1712 157 
470 908 
1113 1491 
1788 1212 
1493 221 
1569 1684 
13 187 
1921 406 
407 645 
1058 1150 
1678 1932 
735 1075 
1249 1912 
1086 397 
478 826 
866 973 
1155 1245 
1571 1907 
571 639 
1905 362 
1120 1327 
1416 1482 
1836 504 
545 1198 
1590 1742 
482 1185 
1558 1907 
221 610 
400 847 
251 838 
200 274 
317 495 
813 885 
1564 91 
1013 686 
935 1026 
1036 1346 
1597 71 
303 377 
559 720 
985 564 
849 936 
51 911 
145 645 
1386 1891 
521 867 
1799 1979 
263 1344 
1571 1975 
415 495 
1041 1266 
237 651 
1841 405 
1879 1228 
1418 1527 
1651 885 
997 1138 
544 127 
943 1357 
1433 1873 
875 955 
1617 94 
221 637 
1279 1454 
497 1798 
1213 1067 
1523 1288 
1365 788 
1214 1754 
124 435 
54 462 
784 808 
1524 5 
708 1184 
1847 2 
90 114 
479 850 
896 1646 
1167 1906 
712 1368 
1512 1813 
269 280 
1125 1459 
1888 1509 
1809 932 
1354 1810 
523 630 
1010 1048 
1135 1563 
457 1247 
1265 1617 
1844 431 
175 276 
1428 1599 
782 821 
1213 10 
906 434 
1290 1645 
429 882 
1133 1244 
1429 239 
946 1255 
245 777 
372 328 
761 588 
912 1136 
1636 28 
200 1750 
499 711 
759 328 
1194 1479 
1942 93 
963 475 
600 659 
822 1508 
837 1264 
177 497 
1167 1526 
1604 1645 
1765 263 
349 1280 
1362 1714 
171 255 
336 1291 
1358 1369 
361 1015 
1753 706 
1043 1286 
1809 930 
954 1063 
1331 1132 
327 409 
628 893 
1513 51 
82 885 
1216 1400 
1504 1837 
133 1950 
899 182 
348 660 
1074 1769 
486 1161 
761 1692 
1983 1359 
402 938 
1370 1725 
1819 1476 
1123 1658 
1812 46 
107 402 
731 999 
1104 1318 
1626 1818 
857 1841 
1675 270 
603 1877 
43 1656 
628 824 
1149 1342 
1598 1685 
279 510 
983 1259 
11 777 
1029 1919 
370 791 
1173 402 
470 1429 
229 819 
1090 1153 
722 1921 
92 548 
510 1887 
351 1504 
434 564 
1105 1439 
458 1141 
416 1382 
1079 1421 
311 862 
1292 1620 
1657 288 
389 1050 
201 792 
1476 1687 
623 676 
729 1424 
1710 572 
1455 278 
470 847 
26 1015 
1438 1209 
1872 993 
1616 100 
188 401 
469 1900 
1067 1371 
1422 1540 
728 840 
1059 336 
403 498 
737 874 
1194 765 
1307 1902 
11 500 
1281 1640 
131 145 
218 635 
97 261 
666 1311 
185 666 
1753 72 
576 922 
1270 1450 
1593 1807 
1877 4 
814 1703 
1892 360 
1279 1843 
1945 630 
926 1065 
1767 1077 
1869 1933 
345 1008 
1464 626 
678 694 
835 1331 
1569 1706 
112 1538 
462 1332 
6 76 
423 677 
1342 529 
722 1426 
23 742 
1808 1891 
1491 75 
1065 1521 
78 174 
227 1448 
1148 359 
1321 1398 
1545 1894 
49 552 
849 1003 
1598 12 
124 753 
1205 1400 
1433 1619 
1031 1063 
1165 1328 
1528 368 
1770 1055 
1317 15 
444 1002 
1908 477 
533 535 
882 1069 
1222 146 
259 780 
881 1537 
1107 1317 
1761 330 
646 1511 
731 750 
802 1026 
1426 1747 
231 1303 
1507 1848 
1597 1917 
1927 243 
455 604 
1224 1303 
1517 446 
1115 1233 
1594 660 
1409 1430 
1811 118 
332 800 
531 1351 
1797 1072 
1313 1385 
1437 673 
765 1798 
1814 1981 
1625 1691 
1991 491 
804 1537 
958 1100 
1587 712 
705 1057 
1831 1964 
1576 82 
287 355 
1304 778 
23 51 
345 1405 
715 913 
1348 1583 
109 702 
112 629 
670 738 
1499 785 
909 1214 
1421 1720 
1885 500 
607 922 
1827 570 
1000 1728 
1734 697 
1022 1213 
1354 1839 
1919 34 
1160 1541 
94 620 
856 917 
59 244 
942 1610 
1559 323 
859 942 
1026 1272 
1446 1477 
480 580 
1446 1821 
34 51 
798 1060 
1769 89 
1330 1960 
772 992 
1601 1596 
544 733 
737 1175 
1536 1831 
390 18 
810 1524 
225 1030 
1009 1622 
1899 1920 
128 162 
400 924 
926 1773 
314 752 
239 290 
1771 31 
277 403 
701 1196 
1410 641 
781 1335 
1383 451 
1655 213 
304 30 
1454 1557 
1482 477 
1537 1747 
1195 24 
596 394 
798 1471 
64 512 
753 956 
1243 1358 
1783 136 
955 425 
1168 1243 
900 1843 
545 1624 
1300 195 
72 466 
790 1013 
1212 1668 
452 503 
512 94 
156 987 
1482 1010 
286 300 
1230 1818 
492 1145 
1583 270 
491 577 
1355 1800 
420 603 
1844 546 
563 564 
722 1914 
27 131 
1695 1894 
484 1579 
1762 711 
1354 1570 
270 501 
1070 693 
1077 1343 
1447 1687 
1939 158 
233 452 
560 820 
1313 1402 
1530 1719 
1929 87 
243 1064 
1077 1306 
1500 65 
149 523 
656 735 
1025 1808 
1886 325 
1135 1544 
1615 362 
401 966 
453 1673 
1122 393 
1908 1070 
1279 630 
932 1028 
255 278 
843 92 
229 1241 
1897 220 
505 603 
750 1104 
1605 187 
1739 1774 
109 813 
1068 1684 
637 918 
1710 1301 
371 666 
880 1698 
200 874 
1150 1496 
1547 1179 
1220 186 
612 301 
1070 1255 
179 1609 
1905 1998 
47 301 
861 940 
1218 1427 
1592 1730 
67 363 
773 967 
1216 448 
540 1603 
624 707 
208 732 
963 1131 
1330 1773 
698 1454 
1753 796 
841 229 
1072 1342 
1504 1507 
1859 398 
215 686 
1196 1346 
1776 45 
249 462 
1032 39 
96 1277 
1713 121 
209 290 
681 920 
1490 1627 
1917 498 
531 1030 
985 568 
733 885 
926 1472 
992 1166 
1478 1721 
1913 329 
627 821 
1064 939 
1024 1619 
1797 154 
876 1704 
449 1020 
207 1477 
1536 1043 
360 487 
733 414 
1043 1091 
1901 536 
1551 168 
745 1074 
185 539 
1554 1787 
72 797 
1035 1038 
444 1092 
1514 1959 
532 637 
1069 1296 
78 773 
1174 1518 
1610 1792 
198 1133 
1160 1164 
1554 836 
1343 561 
605 653 
1856 135 
504 1785 
360 1644 
194 1458 
318 554 
613 690 
878 1448 
1572 83 
453 1224 
86 149 
324 902 
1113 719 
1239 1985 
847 930 
1449 1759 
1779 1617 
1667 504 
798 876 
1830 34 
705 984 
1029 1583 
859 869 
1385 1404 
1955 432 
1687 1947 
318 757 
845 1790 
325 999 
71 277 
483 881 
1047 1872 
353 643 
981 991 
1006 1682 
293 895 
1017 1779 
377 1377 
805 1041 
1148 1965 
591 720 
1653 331 
459 476 
634 55 
73 459 
860 982 
984 1530 
1785 1925 
654 710 
834 1156 
1236 1246 
137 158 
177 239 
620 669 
330 1399 
1800 364 
466 481 
1103 1523 
193 300 
1314 1412 
1787 721 
1890 1177 
111 215 
347 703 
1650 543 
1257 126 
620 824 
1387 102 
1038 1371 
603 690 
1045 1619 
1744 586 
1215 203 
375 1102 
15 1482 
1798 7 
637 1773 
616 1528 
29 900 
1150 1367 
1989 1095 
1179 1083 
1342 1607 
1979 813 
997 831 
1935 251 
883 97 
327 1265 
344 23 
1511 1575 
1605 1880 
1967 121 
1645 715 
1057 1296 
348 1615 
1955 135 
213 890 
1886 217 
300 440 
1181 67 
160 1172 
167 1320 
1382 1993 
1664 215 
677 724 
1366 989 
1773 384 
409 465 
626 812 
1299 1370 
1577 1332 
1381 1750 
768 102 
183 283 
536 1170 
1288 1364 
1616 95 
1878 1924 
105 1188 
1887 157 
686 1222 
1338 1714 
1564 1013 
1630 217 
799 1872 
780 1049 
1485 584 
1633 1973 
179 359 
710 773 
986 1137 
225 526 
545 785 
1842 1135 
1164 1304 
565 750 
121 316 
502 832 
1217 1601 
431 1181 
1203 1826 
453 1477 
1822 1897 
394 1382 
1714 969 
1497 1623 
1637 1919 
484 633 
689 1625 
26 1218 
872 1074 
1625 819 
1403 1572 
530 719 
1003 1100 
682 1223 
533 1362 
1398 1445 
1593 50 
105 363 
824 1561 
1658 1963 
549 1376 
1736 1939 
722 1490 
473 1079 
1688 1766 
497 1158 
189 1157 
1655 650 
1468 1728 
195 921 
1049 1817 
806 160 
1325 1594 
1706 1902 
76 1049 
1137 1328 
876 459 
1028 1557 
1903 598 
766 793 
1573 1972 
957 572 
1472 1653 
291 1126 
1278 1562 
1664 1253 
1277 1388 
69 666 
1117 1621 
225 238 
397 822 
1834 1974 
1048 667 
670 936 
1609 1834 
71 188 
1087 1496 
1511 1667 
382 1004 
1102 1960 
605 86 
454 1116 
1142 1659 
607 677 
1687 201 
1233 1657 
246 381 
762 563 
726 160 
1641 1954 
495 689 
1609 1827 
1128 227 
291 1733 
275 1834 
1995 146 
1602 130 
319 1526 
426 702 
789 849 
1905 462 
952 1211 
945 1019 
137 302 
568 675 
699 1486 
586 725 
1231 1609 
563 1496 
213 231 
697 1380 
1794 1322 
1142 1466 
1908 326 
584 1498 
414 875 
1636 75 
202 597 
672 1341 
1654 662 
1395 1925 
468 531 
842 1742 
1364 1506 
1512 1195 
1778 1937 
106 113 
611 716 
963 1533 
1685 488 
636 756 
777 920 
2 759 
913 1654 
705 1094 
1618 246 
802 1010 
1141 1431 
1766 420 
1009 1147 
47 1950 
181 243 
1004 153 
1260 687 
881 1129 
1459 1872 
419 1151 
1672 1957 
889 1056 
1325 264 
302 608 
632 1869 
1414 1590 
285 461 
1922 372 
749 1972 
133 547 
139 968 
1863 1198 
1919 51 
23 890 
1183 1504 
151 1269 
1079 1933 
60 1286 
82 393 
1827 1058 
1360 251 
650 1446 
994 1515 
1299 1322 
1580 955 
957 113 
780 1283 
1392 1581 
1778 722 
540 543 
1079 1483 
614 774 
1699 362 
1712 1838 
94 720 
1255 1318 
20 155 
659 1327 
1500 1365 
244 688 
1171 401 
605 1567 
781 1006 
1249 226 
1089 603 
820 1421 
54 127 
1221 370 
792 1347 
1502 1882 
102 774 
1108 313 
662 746 
1495 410 
483 1273 
1927 546 
1235 1671 
1701 1725 
1801 1879 
560 856 
1539 1964 
424 543 
607 927 
1917 91 
1268 89 
401 1403 
1289 1297 
1317 392 
1021 1171 
1485 1931 
253 337 
1170 551 
754 858 
991 1518 
1928 794 
1581 1998 
380 453 
851 1562 
1821 539 
1596 1841 
1994 391 
1244 50 
480 514 
1364 1741 
1750 797 
1237 103 
1497 14 
352 543 
758 1126 
156 708 
1275 1553 
1688 508 
779 227 
311 795 
1294 1342 
1379 1694 
25 334 
835 1491 
1690 1291 
1341 1923 
1953 499 
587 405 
702 1047 
1113 477 
1276 1532 
1123 1242 
637 960 
337 412 
1001 1455 
1751 1999 
355 887 
889 1482 
552 905 
1137 1503 
1593 1308 
1316 984 
1855 850 
1717 1305 
1906 1933 
427 603 
1929 124 
320 854 
1757 1874 
1922 467 
688 895 
983 543 
1085 1712 
1734 1305 
1455 1539 
1790 648 
878 883 
1276 470 
813 1250 
1781 1831 
256 275 
599 1710 
1774 18 
1118 1547 
873 1740 
672 1202 
1242 1603 
1793 1857 
1951 407 
1162 1224 
1921 318 
724 1251 
1421 1700 
341 876 
1164 1367 
83 477 
176 192 
931 1013 
1642 798 
862 1552 
1726 543 
646 864 
1124 1598 
1767 296 
946 1351 
1756 18 
572 1129 
1863 444 
551 1835 
1924 317 
1358 1853 
1206 1294 
1499 160 
179 664 
819 865 
1017 1103 
1291 982 
1050 1486 
1571 1656 
744 306 
542 451 
511 733 
1019 1678 
335 1264 
1406 909 
224 1924 
418 894 
1335 1776 
1654 695 
1800 287 
772 920 
978 540 
971 1684 
1780 445 
1717 1976 
752 1650 
1707 795 
955 1340 
809 1239 
1456 1475 
652 492 
636 794 
1152 172 
517 1890 
327 505 
643 1126 
1210 1284 
1860 758 
1252 1376 
344 1120 
1586 1780 
651 1100 
1328 183 
767 252 
795 1418 
66 707 
810 1123 
1842 845 
1091 1604 
1839 9 
1577 101 
1744 3 
39 1429 
385 1823 
1154 1365 
18 19 
454 1073 
60 463 
384 1291 
1663 1670 
436 1201 
205 1124 
1760 833 
1118 1144 
561 946 
91 175 
895 1065 
1558 648 
660 712 
739 1406 
1090 307 
1171 1567 
1976 85 
1499 62 
1244 1398 
1399 323 
416 1700 
98 638 
1432 1524 
92 134 
236 1207 
1804 1930 
293 278 
322 873 
1152 1392 
1880 148 
1081 1392 
1408 275 
323 541 
802 875 
1532 73 
1955 56 
488 983 
9 339 
447 582 
1149 1274 
93 1065 
144 907 
189 1347 
1386 1749 
322 1449 
1552 1629 
1399 1457 
1748 596 
892 1528 
1676 1726 
329 945 
579 1623 
1997 1085 
1554 387 
1775 1226 
724 184 
1692 534 
576 619 
749 1369 
1449 1615 
1957 1634 
433 834 
914 1259 
1327 1526 
846 1690 
222 601 
838 421 
580 1534 
1806 1884 
339 663 
866 885 
1009 412 
472 496 
776 1540 
519 780 
823 1374 
1761 12 
101 127 
263 892 
123 337 
1217 29 
1394 1504 
1620 1719 
752 875 
1541 1673 
74 392 
408 895 
168 632 
841 1454 
831 1595 
10 532 
596 345 
542 607 
1522 586 
211 212 
263 1152 
927 929 
1240 1820 
46 982 
870 1055 
1886 527 
1060 1407 
1418 1749 
1809 1859 
856 1653 
1758 1893 
1494 318 
754 949 
1014 1438 
1813 839 
1301 1316 
557 1360 
552 1408 
209 1054 
1695 494 
768 1222 
570 1599 
185 349 
92 98 
861 653 
482 543 
626 1203 
1908 1899 
1159 1517 
1527 954 
1718 1840 
1027 1169 
674 1780 
1903 26 
706 202 
1360 1842 
580 811 
837 1833 
499 927 
1034 1143 
62 334 
585 1028 
1794 1913 
559 789 
413 503 
537 656 
1669 510 
724 950 
966 1096 
1303 1653 
543 1246 
1543 289 
260 1133 
1277 124 
413 1197 
1343 1817 
191 260 
1550 1852 
1023 1155 
1552 1579 
1664 1896 
193 715 
868 1292 
219 1918 
658 716 
1452 680 
1266 1664 
293 1003 
1178 1199 
1582 142 
153 1145 
1287 1781 
1204 1625 
1968 1987 
911 1341 
1391 1538 
1734 984 
1251 345 
1696 696 
1264 1985 
152 158 
489 611 
702 707 
1304 138 
802 830 
1017 1233 
1432 1535 
1988 218 
1691 1973 
1210 1945 
166 522 
887 1017 
1510 88 
791 1725 
349 485 
676 770 
1932 702 
1507 884 
1110 1178 
1632 767 
1210 286 
801 1719 
88 563 
1045 204 
1241 199 
1704 889 
1468 1048 
1279 645 
530 1600 
633 869 
1956 412 
1443 1675 
757 1083 
1915 167 
761 938 
1394 1609 
1691 1928 
793 1192 
1421 115 
481 749 
1468 876 
1099 1409 
1953 70 
1980 34 
983 1078 
53 242 
415 1853 
185 349 
1297 1400 
1791 1808 
69 1212 
73 1425 
1755 421 
564 1504 
1984 936 
1034 301 
454 882 
899 951 
1661 1823 
863 1499 
421 1271 
1316 1796 
846 1428 
1683 1930 
442 921 
1433 1912 
548 1967 
1483 406 
419 986 
1665 434 
873 1563 
1958 531 
434 638 
1003 1320 
1613 1921 
289 448 
1628 1967 
5 97 
204 1488 
1731 95 
1039 1331 
1407 1490 
393 532 
1289 311 
1042 1049 
1412 1824 
617 949 
1166 1745 
1982 58 
126 553 
657 726 
1385 388 
925 157 
279 395 
1153 1170 
1281 274 
773 1545 
1902 731 
1130 351 
374 487 
1254 1388 
1753 1955 
99 1711 
553 717 
862 1773 
978 722 
744 1343 
483 567 
1055 1149 
1931 525 
1167 355 
1649 1110 
904 1123 
1372 191 
445 624 
976 1490 
1710 200 
1242 1666 
532 1244 
1280 432 
1496 1862 
909 969 
1064 1809 
472 535 
544 349 
391 650 
1366 223 
900 434 
93 725 
1226 1775 
1991 402 
544 1009 
16 856 
1152 1304 
890 1162 
1601 1702 
1729 1841 
163 265 
678 1441 
1907 86 
94 232 
934 1282 
734 888 
1700 122 
604 819 
874 1332 
210 348 
536 776 
1461 1987 
1520 290 
386 633 
932 1141 
1594 1191 
255 576 
621 1011 
1322 1812 
246 793 
1371 1672 
1859 997 
1111 1717 
661 1103 
36 15 
1007 1176 
1187 1198 
1524 1907 
1938 318 
924 1048 
196 613 
1762 23 
1547 453 
1914 435 
986 1114 
1419 1634 
843 1126 
753 774 
1062 1215 
443 875 
1030 1093 
835 1432 
685 1172 
1693 1905 
1940 158 
940 371 
1145 1411 
64 244 
959 153 
588 897 
1146 1148 
1498 1842 
29 813 
1642 1855 
1023 1548 
1763 1880 
67 1407 
14 1131 
375 1511 
411 1134 
1767 201 
1420 1615 
1661 95 
464 332 
785 1205 
1873 1145 
675 1817 
1886 851 
207 1186 
1330 1626 
1053 1809 
512 779 
793 1112 
1759 1765 
237 603 
667 712 
765 1736 
102 1707 
1828 1574 
1088 1357 
749 1732 
388 423 
554 623 
1075 1169 
1450 1482 
490 551 
1206 1214 
1352 1956 
377 947 
1158 817 
1343 835 
1183 1968 
3 812 
1153 1736 
79 1181 
504 1884 
477 1537 
1634 231 
675 706 
1813 1379 
594 1119 
1170 1490 
1495 1544 
9 66 
455 1580 
1062 1178 
1843 560 
963 1966 
1481 1743 
58 481 
592 1379 
1269 1223 
1604 310 
644 988 
1433 1866 
687 815 
1522 258 
1409 303 
1928 328 
569 719 
1346 246 
418 246 
459 468 
438 1071 
595 1540 
359 396 
717 999 
1355 75 
123 819 
1212 837 
982 1066 
1182 1156 
1289 300 
639 1293 
1422 335 
646 897 
1505 1524 
412 808 
1417 1786 
1794 222 
226 1621 
654 1291 
1809 975 
1458 1946 
76 1501 
512 596 
617 1894 
393 1002 
1247 1718 
1907 131 
515 1327 
1393 1597 
1269 1759 
1926 567 
587 1594 
149 400 
857 16 
305 444 
1031 1516 
98 862 
1162 673 
1357 1648 
105 1760 
1999 838 
1000 1319 
1579 1870 
609 1568 
146 399 
713 1248 
1315 1887 
1021 407 
794 1129 
1144 1812 
1965 455 
1729 517 
580 1923 
289 510 
1307 1356 
1606 1769 
313 1471 
1699 1725 
983 1432 
1513 669 
914 361 
1028 1776 
1969 320 
1966 338 
1793 810 
1269 1508 
1718 1808 
572 1331 
1409 1814 
711 918 
1159 1948 
1594 1715 
107 257 
261 452 
629 1009 
1922 1941 
1550 442 
1651 158 
408 1189 
189 919 
1315 1499 
261 1154 
1646 1658 
144 265 
1797 188 
385 137 
998 1789 
1321 1284 
1752 1956 
310 725 
1209 1866 
1954 438 
1669 1093 
1373 1557 
1958 594 
236 885 
951 1761 
291 509 
1408 1841 
1947 501 
686 1406 
1449 517 
786 1124 
1285 101 
414 547 
1301 1741 
388 796 
855 1014 
1567 759 
1534 578 
1336 1885 
131 558 
1311 1451 
1812 690 
1060 1645 
1701 1381 
1708 883 
1429 1747 
336 976 
1611 1911 
70 1628 
161 290 
793 1645 
1977 251 
1156 1217 
263 859 
1333 1633 
1921 220 
1901 805 
930 1717 
269 877 
944 1858 
522 942 
1013 1098 
1122 1569 
998 1319 
1804 1965 
1413 1590 
1863 534 
1019 1351 
1721 1943 
196 1974 
1211 1244 
330 1061 
1072 1797 
1355 1366 
1473 1867 
1972 435 
615 1318 
1497 32 
268 955 
284 247 
596 1052 
1078 240 
1692 1983 
1042 1085 
423 715 
371 1739 
1067 1316 
1532 323 
653 1048 
1322 1724 
1951 615 
1201 1478 
1692 1539 
1836 894 
1030 1737 
1779 256 
601 755 
896 1096 
742 1870 
1980 334 
971 1081 
1353 1972 
172 487 
536 1269 
1949 526 
1395 1774 
504 1895 
1425 244 
856 1904 
653 867 
985 1532 
1725 34 
159 171 
318 770 
797 1449 
1583 1644 
1694 466 
772 262 
892 812 
1603 1714 
1758 1860 
191 475 
767 1454 
1662 1890 
896 1727 
202 1160 
1486 1638 
662 813 
968 810 
686 1446 
632 929 
1281 250 
1143 1876 
1375 1537 
1556 1142 
1947 917 
1187 1238 
1648 226 
1063 903 
936 1318 
84 1476 
31 463 
1173 1176 
1190 1339 
507 724 
1796 252 
802 313 
1248 1876 
920 1371 
1877 181 
371 1471 
78 747 
814 1282 
1594 1748 
1136 1370 
1475 1625 
858 958 
1667 710 
774 972 
464 1995 
659 148 
762 293 
887 86 
195 88 
136 484 
123 560 
701 1488 
404 1340 
1531 554 
1920 91 
1306 1626 
81 369 
1051 1322 
412 592 
1771 487 
553 1017 
1449 1604 
70 320 
1364 1812 
1935 1985 
1582 1230 
1338 1775 
1907 170 
165 1674 
1742 1780 
63 135 
230 860 
1225 43 
329 405 
1710 1799 
561 88 
842 1069 
1132 1222 
752 1636 
135 484 
499 684 
1311 35 
561 1822 
1838 816 
856 1839 
1991 1127 
440 748 
1269 1111 
1398 1628 
180 1264 
429 617 
652 340 
1425 1660 
914 1756 
83 985 
1115 1448 
1639 829 
1128 1712 
768 379 
1086 1363 
1813 739 
867 683 
857 517 
633 1451 
873 975 
1697 1805 
1490 1913 
420 996 
1143 402 
92 371 
940 1467 
844 1038 
1768 850 
1162 1563 
85 294 
1166 1473 
1976 131 
1807 723 
1007 1194 
1621 116 
766 1308 
17 570 
722 726 
1595 1609 
1699 1863 
137 592 
880 990 
1203 1466 
1762 1974 
720 1541 
611 1028 
1478 1896 
973 1614 
225 257 
446 453 
534 1523 
1979 1980 
556 888 
1023 1272 
12 1492 
254 821 
920 1145 
1231 1965 
81 267 
940 1854 
155 276 
335 718 
826 1325 
1547 1767 
33 1227 
1312 1730 
331 1294 
1716 235 
392 1127 
1339 1350 
1078 1207 
1701 157 
184 652 
888 1268 
156 174 
1279 1524 
1677 1974 
474 983 
1310 1395 
1540 173 
344 1277 
1572 719 
1509 486 
860 1236 
1308 236 
1106 1861 
1974 40 
406 1211 
167 1609 
709 982 
1154 1985 
490 1621 
1730 554 
789 206 
541 1776 
379 858 
1506 43 
1695 505 
1066 1748 
1826 1993 
195 218 
236 1728 
62 1801 
572 803 
1219 363 
429 1323 
1793 258 
1294 1528 
1958 1991 
32 1186 
1742 528 
1065 1114 
1401 1567 
341 674 
1521 1654 
1741 328 
1223 1419 
339 1545 
1745 1953 
166 1045 
931 1179 
1972 79 
171 489 
1153 554 
903 1271 
1074 1714 
1774 1919 
1668 1722 
152 425 
1111 1542 
1548 328 
1498 1657 
1721 110 
710 360 
548 1167 
1228 1780 
1800 1960 
569 1134 
1505 85 
1173 1777 
1911 1928 
1935 665 
744 16 
136 323 
510 1356 
1388 1903 
462 686 
1765 532 
742 1103 
1915 1529 
1799 1916 
506 896 
27 1557 
808 1786 
163 1535 
1058 1502 
1861 1939 
331 94 
1498 1599 
1504 647 
1100 112 
897 1591 
1877 1953 
656 691 
654 1118 
1947 107 
604 1282 
1190 1845 
1411 323 
412 1007 
1280 279 
407 1301 
1709 117 
147 532 
