1 1 
1 2 
2 2 
2 2 
3 3 
3 3 
4 4 
4 4 
4 5 
5 5 
5 6 
7 7 
8 8 
9 9 
9 9 
9 10 
10 10 
10 11 
11 11 
11 12 
12 13 
14 14 
15 15 
16 16 
16 16 
17 17 
17 18 
18 18 
19 19 
19 19 
19 19 
19 20 
20 20 
21 21 
21 21 
22 22 
22 22 
23 23 
23 23 
23 24 
24 24 
25 25 
25 26 
26 26 
27 27 
29 29 
29 29 
29 30 
30 31 
31 32 
32 32 
33 33 
33 33 
34 34 
34 35 
35 35 
35 36 
36 37 
37 37 
37 38 
38 39 
39 40 
42 42 
43 44 
44 44 
45 46 
46 47 
47 48 
48 48 
49 49 
49 49 
50 50 
50 51 
51 52 
52 52 
52 53 
53 53 
53 54 
54 54 
54 55 
55 55 
55 55 
56 56 
56 57 
57 57 
57 57 
58 58 
58 58 
58 59 
59 59 
59 59 
60 60 
60 60 
60 61 
61 62 
62 63 
63 63 
63 63 
63 64 
64 64 
64 64 
64 64 
65 65 
65 66 
66 66 
66 67 
67 68 
68 69 
69 69 
69 70 
70 71 
71 72 
73 73 
74 75 
76 76 
76 77 
78 78 
78 78 
79 79 
79 79 
80 80 
80 81 
81 81 
81 82 
82 83 
84 84 
84 85 
85 85 
86 86 
87 87 
88 88 
88 89 
89 89 
89 90 
90 90 
91 92 
92 92 
92 92 
93 93 
93 94 
94 94 
95 95 
96 96 
97 98 
98 98 
99 99 
99 99 
99 99 
100 101 
102 102 
102 102 
103 103 
103 103 
104 104 
104 105 
105 105 
106 106 
106 106 
106 106 
107 107 
107 108 
109 109 
110 110 
110 111 
111 111 
111 111 
111 112 
112 112 
112 113 
113 113 
113 113 
114 114 
114 115 
115 115 
115 116 
116 116 
116 116 
116 116 
117 117 
117 118 
118 119 
119 119 
119 119 
120 120 
121 122 
122 122 
122 122 
122 123 
125 125 
125 125 
126 126 
126 126 
126 126 
126 126 
127 127 
127 127 
127 128 
128 128 
128 128 
128 128 
128 129 
129 129 
129 129 
129 129 
129 130 
130 130 
131 131 
131 131 
131 132 
132 132 
133 133 
134 134 
134 134 
135 135 
135 136 
136 136 
136 136 
136 137 
138 138 
138 140 
140 141 
141 141 
142 142 
142 143 
143 143 
143 144 
144 144 
145 145 
145 146 
146 146 
147 148 
149 149 
149 149 
150 150 
151 151 
151 151 
152 152 
153 153 
154 154 
154 154 
154 154 
154 155 
156 156 
156 157 
157 157 
158 158 
159 159 
160 160 
161 161 
162 162 
162 162 
163 163 
163 164 
164 165 
165 165 
165 165 
166 167 
167 167 
168 169 
169 169 
169 169 
169 170 
171 172 
172 172 
172 172 
172 172 
173 173 
174 174 
174 175 
175 175 
176 176 
177 177 
178 178 
178 179 
179 179 
180 180 
180 181 
181 181 
181 181 
182 182 
182 183 
183 183 
184 184 
184 186 
186 186 
186 186 
187 187 
187 188 
188 188 
188 188 
189 189 
189 189 
189 189 
189 190 
190 190 
191 191 
191 191 
192 192 
192 193 
193 193 
193 194 
194 194 
194 194 
195 195 
195 196 
196 197 
198 198 
198 198 
199 199 
199 200 
200 200 
200 201 
201 201 
201 201 
201 202 
202 202 
203 203 
203 204 
204 204 
205 206 
207 207 
207 207 
208 209 
209 209 
209 210 
210 211 
211 211 
212 212 
212 212 
213 213 
213 213 
214 214 
214 214 
214 215 
215 216 
218 219 
219 219 
220 221 
221 222 
222 222 
223 223 
224 224 
224 225 
225 226 
226 226 
227 227 
227 227 
227 228 
228 228 
228 229 
229 229 
230 230 
230 231 
231 231 
231 233 
233 234 
234 235 
235 236 
237 237 
237 238 
239 239 
239 240 
241 241 
242 242 
243 243 
244 244 
245 245 
245 246 
246 246 
247 247 
248 248 
248 248 
248 249 
249 249 
249 249 
249 249 
250 250 
250 251 
252 252 
252 252 
252 253 
253 253 
253 253 
254 254 
254 254 
254 255 
255 255 
256 257 
257 257 
258 259 
259 260 
260 261 
261 262 
263 263 
263 263 
263 264 
264 264 
265 265 
266 266 
267 267 
268 268 
268 268 
268 268 
269 269 
269 269 
270 270 
271 271 
271 271 
271 272 
272 272 
273 273 
274 274 
274 275 
275 275 
276 276 
277 277 
277 277 
278 278 
279 279 
279 279 
280 281 
281 281 
281 282 
282 282 
283 283 
284 284 
285 285 
285 285 
286 286 
286 286 
287 288 
288 289 
289 290 
291 291 
291 292 
292 293 
293 294 
294 294 
295 296 
296 296 
296 297 
297 297 
297 297 
298 298 
298 298 
299 299 
299 301 
301 301 
301 302 
303 303 
304 305 
305 306 
306 306 
306 307 
307 307 
307 308 
308 308 
308 309 
309 309 
310 310 
310 311 
311 311 
311 312 
312 312 
312 312 
313 313 
313 315 
315 315 
315 316 
316 316 
316 316 
316 317 
317 317 
318 318 
318 319 
319 319 
320 320 
320 320 
320 321 
321 321 
321 321 
323 323 
323 323 
323 323 
324 324 
324 324 
324 324 
325 326 
326 326 
327 327 
327 327 
328 328 
328 328 
328 328 
328 329 
329 329 
330 330 
331 331 
331 331 
331 331 
332 333 
333 333 
333 333 
334 334 
335 335 
336 336 
336 336 
337 337 
338 338 
339 339 
340 340 
341 341 
341 342 
342 342 
343 343 
343 344 
344 345 
345 346 
346 346 
346 347 
347 347 
347 348 
349 349 
349 349 
350 350 
350 350 
350 350 
350 351 
352 352 
352 353 
354 354 
354 354 
354 355 
356 356 
357 357 
358 358 
358 358 
358 358 
359 359 
359 359 
359 360 
360 360 
361 361 
361 361 
361 363 
363 363 
364 364 
364 364 
364 365 
366 366 
367 367 
368 368 
368 368 
369 369 
369 370 
370 372 
372 372 
372 372 
373 373 
373 374 
374 374 
375 376 
376 376 
377 377 
378 378 
378 379 
380 380 
380 381 
381 381 
381 381 
382 382 
383 383 
383 383 
383 384 
384 385 
385 385 
386 386 
386 387 
387 388 
388 388 
388 389 
389 389 
390 390 
391 391 
392 392 
392 392 
392 393 
393 393 
394 394 
394 394 
395 395 
395 396 
396 397 
397 397 
397 398 
398 399 
399 399 
399 400 
400 401 
401 402 
404 404 
404 405 
405 406 
406 406 
407 407 
408 408 
409 409 
409 410 
410 410 
411 411 
411 411 
411 411 
411 412 
412 412 
413 413 
413 414 
414 414 
415 415 
415 415 
416 416 
416 416 
417 417 
418 419 
420 420 
420 420 
420 421 
421 421 
421 421 
422 422 
422 422 
422 423 
423 423 
423 424 
424 425 
426 426 
426 427 
427 427 
428 429 
429 429 
430 430 
430 431 
431 431 
431 432 
433 433 
435 435 
435 435 
436 436 
436 436 
436 436 
437 437 
437 437 
437 438 
438 438 
439 439 
439 439 
440 440 
440 441 
441 441 
441 442 
442 443 
443 444 
445 445 
446 446 
446 446 
446 447 
447 447 
447 447 
448 448 
448 448 
448 448 
449 450 
450 451 
451 452 
453 453 
453 453 
454 455 
456 456 
456 457 
457 457 
457 458 
458 458 
458 458 
458 459 
459 460 
460 461 
461 462 
462 462 
462 462 
463 464 
464 464 
464 466 
466 466 
466 466 
467 467 
467 468 
468 468 
469 469 
469 469 
469 469 
469 469 
469 469 
469 470 
470 471 
471 472 
472 472 
472 473 
473 473 
473 475 
475 475 
475 475 
475 476 
477 477 
477 477 
477 478 
478 479 
479 479 
480 480 
480 480 
480 480 
481 481 
481 481 
481 482 
482 482 
482 483 
483 483 
484 485 
485 485 
485 486 
486 487 
487 487 
487 488 
489 489 
489 489 
489 489 
490 490 
490 490 
490 490 
490 491 
491 491 
492 492 
492 492 
492 492 
493 493 
493 494 
494 494 
495 495 
495 496 
496 496 
497 497 
499 499 
499 500 
500 501 
501 502 
502 502 
503 503 
503 504 
504 505 
505 505 
505 506 
506 506 
506 506 
506 506 
506 506 
506 507 
507 507 
508 508 
508 508 
508 508 
510 510 
511 511 
512 512 
512 512 
512 515 
516 516 
516 516 
517 517 
518 518 
518 518 
520 520 
520 521 
521 521 
521 522 
522 522 
522 522 
523 523 
524 524 
524 524 
524 524 
524 525 
525 525 
525 525 
525 526 
526 526 
526 527 
527 528 
528 529 
529 529 
530 530 
530 530 
530 531 
531 532 
532 532 
533 533 
534 534 
534 534 
534 534 
534 534 
535 535 
535 535 
535 535 
536 536 
537 537 
538 538 
539 540 
540 541 
541 542 
542 542 
542 543 
543 543 
544 544 
546 548 
548 549 
550 550 
550 552 
553 553 
554 554 
554 554 
554 554 
554 554 
555 555 
555 556 
556 557 
557 558 
558 559 
559 559 
559 560 
560 560 
561 561 
561 562 
562 563 
563 564 
564 565 
565 565 
565 565 
566 567 
567 568 
569 569 
569 569 
569 570 
570 571 
571 572 
572 573 
573 573 
573 574 
574 574 
575 575 
576 577 
577 577 
577 577 
577 578 
578 578 
579 579 
579 580 
580 580 
581 581 
582 582 
582 582 
582 583 
583 583 
584 584 
584 584 
584 585 
585 585 
585 586 
586 587 
587 587 
587 588 
588 588 
588 588 
588 589 
589 590 
590 590 
590 590 
591 591 
592 592 
593 593 
593 593 
593 595 
595 595 
596 596 
596 596 
596 596 
596 596 
596 597 
598 598 
598 598 
598 599 
599 599 
599 599 
600 600 
600 601 
601 602 
602 602 
603 603 
603 603 
603 603 
603 604 
604 604 
605 605 
606 606 
606 607 
607 607 
607 607 
607 608 
608 608 
609 609 
609 609 
610 610 
610 610 
610 610 
611 611 
611 612 
612 612 
613 613 
613 613 
614 614 
614 615 
615 615 
615 615 
616 616 
616 616 
617 617 
618 618 
618 618 
618 619 
619 619 
620 620 
621 622 
622 623 
623 623 
623 624 
624 625 
626 626 
626 626 
627 628 
628 628 
628 629 
629 629 
630 630 
630 630 
631 631 
632 632 
632 632 
633 633 
633 634 
634 634 
634 635 
636 636 
636 636 
637 637 
637 637 
638 638 
638 638 
639 639 
640 640 
640 640 
641 641 
641 642 
642 643 
643 643 
643 643 
644 645 
645 645 
646 646 
646 646 
646 646 
647 647 
647 647 
647 648 
648 648 
648 648 
648 649 
650 651 
651 651 
651 651 
651 651 
652 652 
652 653 
653 653 
655 655 
655 656 
656 657 
657 657 
657 658 
658 658 
658 659 
660 660 
661 661 
661 661 
661 661 
662 662 
662 662 
663 663 
663 663 
663 666 
666 666 
666 667 
667 667 
668 668 
668 668 
669 669 
669 669 
669 670 
670 670 
670 671 
671 671 
671 672 
672 672 
672 672 
672 672 
673 673 
673 673 
673 673 
674 674 
674 675 
675 675 
676 676 
676 677 
678 678 
679 679 
679 679 
680 681 
681 681 
681 682 
683 683 
683 684 
684 684 
685 685 
685 685 
686 686 
687 687 
687 687 
687 687 
688 688 
688 688 
688 689 
690 690 
690 690 
691 691 
691 691 
692 692 
693 694 
694 694 
695 696 
696 696 
696 696 
696 696 
696 696 
696 696 
697 698 
698 698 
699 700 
700 700 
701 701 
701 702 
702 702 
703 703 
704 705 
705 705 
705 705 
705 706 
706 706 
707 707 
707 708 
708 708 
709 709 
709 709 
710 710 
711 711 
711 712 
712 712 
713 713 
713 714 
714 714 
714 715 
715 716 
717 717 
717 718 
718 718 
718 718 
718 719 
719 719 
720 721 
721 721 
721 721 
722 722 
722 723 
723 723 
724 724 
724 724 
724 725 
725 726 
727 727 
727 727 
727 728 
728 729 
730 730 
730 730 
731 731 
731 732 
732 732 
732 732 
732 733 
733 733 
733 734 
734 734 
734 735 
736 736 
737 738 
738 739 
739 739 
740 740 
740 740 
740 741 
742 742 
743 743 
743 743 
743 744 
744 744 
744 744 
745 745 
745 746 
747 747 
748 748 
749 749 
751 751 
752 753 
753 753 
753 753 
754 754 
754 755 
755 755 
756 756 
757 757 
758 758 
758 758 
758 759 
759 760 
760 760 
761 761 
761 762 
762 763 
764 764 
765 766 
767 768 
768 768 
769 769 
769 770 
770 770 
770 771 
771 772 
772 772 
773 773 
773 774 
775 775 
775 776 
776 776 
776 776 
777 777 
777 778 
778 778 
778 779 
780 780 
780 780 
781 781 
781 782 
782 782 
782 782 
782 783 
783 784 
784 785 
785 786 
786 786 
787 787 
787 787 
787 787 
788 788 
788 788 
788 788 
788 788 
789 789 
789 790 
790 792 
792 792 
792 793 
794 794 
794 794 
795 795 
795 795 
795 795 
796 796 
797 797 
797 798 
798 798 
798 799 
799 799 
799 799 
800 800 
800 800 
800 801 
801 801 
801 802 
802 802 
802 803 
803 803 
803 804 
804 804 
804 805 
806 806 
807 808 
808 808 
808 808 
809 810 
810 811 
811 812 
812 812 
813 813 
813 813 
813 813 
814 814 
815 816 
816 817 
817 817 
817 818 
818 819 
819 819 
819 820 
820 820 
820 820 
821 821 
821 821 
821 822 
822 822 
822 824 
825 826 
827 827 
827 828 
828 828 
828 828 
828 828 
829 829 
829 829 
830 831 
831 831 
832 832 
832 833 
833 834 
834 835 
835 835 
836 837 
837 837 
837 837 
837 837 
837 838 
838 838 
838 839 
839 840 
840 841 
841 841 
841 842 
842 843 
843 844 
844 844 
844 844 
844 845 
845 845 
846 847 
848 848 
848 848 
848 848 
849 849 
849 850 
850 850 
851 851 
852 852 
852 853 
853 854 
854 855 
855 855 
855 856 
856 856 
856 857 
857 857 
858 858 
859 859 
859 859 
860 861 
861 862 
862 862 
863 863 
863 863 
863 864 
864 864 
864 865 
865 865 
865 865 
866 866 
867 867 
867 867 
867 868 
868 868 
868 869 
869 869 
872 873 
873 874 
874 874 
875 875 
876 876 
876 876 
877 877 
877 877 
878 878 
878 879 
879 879 
879 880 
880 880 
881 881 
882 882 
883 884 
884 884 
885 885 
886 886 
887 888 
888 888 
888 889 
890 890 
890 890 
891 891 
891 892 
892 893 
895 895 
895 895 
896 896 
896 896 
896 898 
898 898 
898 898 
899 899 
899 899 
900 900 
900 900 
901 901 
902 903 
904 904 
904 904 
904 905 
905 905 
905 907 
907 907 
907 908 
908 908 
909 909 
909 909 
909 910 
910 910 
911 911 
911 911 
911 911 
911 912 
912 912 
913 913 
914 914 
914 915 
915 916 
916 916 
916 916 
917 917 
918 918 
918 918 
918 919 
919 919 
919 919 
919 920 
920 920 
920 921 
922 922 
922 922 
922 922 
922 923 
923 923 
923 923 
923 923 
924 924 
924 924 
924 925 
925 926 
926 926 
926 927 
927 927 
927 927 
927 927 
928 928 
928 928 
928 928 
929 929 
930 930 
930 930 
930 930 
931 931 
932 932 
932 933 
933 934 
934 934 
934 935 
935 935 
935 935 
936 936 
936 936 
937 938 
938 938 
938 939 
940 940 
941 941 
941 941 
941 942 
942 943 
943 943 
945 945 
945 945 
945 945 
945 946 
946 947 
947 947 
948 948 
948 948 
948 949 
949 950 
950 950 
950 950 
952 952 
952 952 
952 953 
954 954 
954 954 
955 955 
955 955 
956 956 
957 957 
957 957 
957 958 
958 959 
959 959 
959 959 
960 960 
962 962 
962 962 
962 963 
963 963 
963 963 
964 964 
964 965 
965 965 
965 966 
966 967 
967 967 
967 968 
968 969 
969 969 
970 971 
971 971 
972 972 
972 972 
973 973 
973 973 
974 974 
974 975 
975 975 
975 975 
975 975 
975 976 
976 976 
977 977 
978 978 
979 979 
979 979 
980 980 
980 980 
980 981 
982 983 
983 984 
984 984 
984 985 
985 985 
985 986 
986 986 
986 987 
987 987 
988 988 
989 989 
991 991 
991 992 
992 993 
993 993 
993 994 
994 994 
994 994 
994 995 
995 996 
996 996 
996 997 
997 998 
998 998 
999 999 
1000 1000 
1001 1001 
1001 1002 
1002 1002 
1003 1003 
1003 1003 
1004 1004 
1005 1006 
1006 1006 
1006 1007 
1007 1008 
1008 1008 
1009 1009 
1009 1009 
1009 1010 
1010 1010 
1011 1012 
1012 1012 
1013 1013 
1014 1014 
1015 1016 
1016 1017 
1017 1017 
1017 1017 
1018 1018 
1018 1018 
1018 1019 
1019 1019 
1021 1021 
1022 1022 
1022 1023 
1023 1024 
1025 1025 
1025 1026 
1027 1027 
1028 1028 
1028 1028 
1029 1029 
1030 1030 
1030 1030 
1031 1031 
1031 1032 
1032 1032 
1033 1033 
1033 1033 
1034 1034 
1034 1034 
1035 1035 
1035 1036 
1036 1036 
1036 1036 
1037 1037 
1038 1038 
1039 1039 
1039 1039 
1041 1041 
1041 1041 
1042 1042 
1042 1042 
1042 1042 
1042 1042 
1042 1042 
1043 1044 
1044 1044 
1044 1044 
1045 1045 
1045 1046 
1046 1047 
1047 1047 
1047 1048 
1049 1049 
1049 1050 
1050 1050 
1050 1050 
1051 1052 
1052 1052 
1052 1052 
1052 1052 
1052 1053 
1053 1053 
1053 1054 
1054 1055 
1055 1056 
1056 1056 
1056 1057 
1058 1058 
1058 1058 
1058 1058 
1059 1060 
1060 1060 
1060 1060 
1062 1062 
1062 1062 
1062 1062 
1062 1062 
1063 1063 
1063 1063 
1063 1065 
1065 1066 
1067 1067 
1068 1068 
1068 1068 
1068 1068 
1069 1070 
1071 1071 
1071 1072 
1072 1072 
1072 1072 
1072 1072 
1072 1073 
1073 1073 
1073 1074 
1074 1075 
1075 1075 
1075 1075 
1075 1076 
1076 1076 
1077 1077 
1077 1077 
1077 1077 
1078 1078 
1079 1079 
1079 1079 
1079 1079 
1079 1080 
1080 1080 
1081 1082 
1082 1082 
1082 1083 
1083 1084 
1084 1084 
1085 1085 
1085 1085 
1085 1086 
1086 1086 
1087 1087 
1087 1088 
1088 1089 
1089 1089 
1089 1089 
1089 1090 
1090 1090 
1090 1091 
1091 1091 
1092 1092 
1092 1093 
1094 1094 
1095 1096 
1096 1096 
1096 1096 
1097 1097 
1097 1097 
1097 1097 
1098 1098 
1098 1098 
1098 1098 
1099 1099 
1099 1099 
1100 1100 
1102 1102 
1102 1102 
1103 1103 
1103 1103 
1104 1104 
1104 1105 
1105 1105 
1105 1106 
1106 1106 
1107 1107 
1107 1107 
1108 1108 
1109 1109 
1109 1110 
1110 1111 
1111 1111 
1112 1112 
1112 1112 
1112 1113 
1113 1113 
1113 1114 
1114 1114 
1114 1115 
1115 1115 
1115 1115 
1116 1116 
1116 1117 
1118 1118 
1118 1118 
1119 1119 
1119 1119 
1119 1120 
1120 1120 
1120 1121 
1121 1122 
1122 1123 
1123 1123 
1123 1123 
1124 1124 
1124 1124 
1125 1125 
1125 1126 
1126 1126 
1127 1127 
1128 1128 
1128 1129 
1129 1129 
1129 1130 
1130 1130 
1131 1133 
1133 1133 
1133 1134 
1134 1134 
1134 1134 
1135 1136 
1136 1137 
1137 1138 
1138 1138 
1139 1139 
1140 1141 
1141 1141 
1141 1142 
1142 1142 
1143 1143 
1143 1143 
1143 1143 
1143 1143 
1143 1144 
1144 1145 
1145 1145 
1145 1146 
1146 1147 
1147 1147 
1147 1148 
1148 1148 
1148 1149 
1150 1150 
1150 1150 
1152 1152 
1152 1153 
1153 1153 
1154 1154 
1154 1155 
1155 1155 
1155 1155 
1155 1156 
1156 1156 
1157 1158 
1158 1158 
1158 1158 
1159 1159 
1160 1160 
1160 1160 
1161 1161 
1162 1162 
1162 1164 
1164 1166 
1166 1167 
1168 1168 
1169 1169 
1169 1169 
1170 1170 
1170 1170 
1171 1171 
1172 1172 
1173 1173 
1175 1175 
1175 1176 
1177 1178 
1178 1178 
1178 1179 
1179 1179 
1179 1179 
1180 1180 
1180 1180 
1180 1180 
1181 1181 
1181 1181 
1181 1182 
1182 1183 
1184 1184 
1184 1184 
1184 1184 
1184 1184 
1185 1185 
1185 1186 
1186 1186 
1187 1188 
1188 1188 
1188 1190 
1190 1190 
1191 1191 
1191 1191 
1192 1193 
1193 1193 
1193 1194 
1194 1194 
1195 1195 
1196 1196 
1197 1197 
1197 1197 
1197 1198 
1198 1199 
1199 1199 
1200 1200 
1200 1200 
1200 1201 
1201 1201 
1201 1202 
1202 1203 
1203 1203 
1203 1204 
1205 1206 
1207 1207 
1207 1208 
1208 1208 
1208 1208 
1209 1211 
1211 1211 
1211 1212 
1212 1213 
1214 1214 
1214 1216 
1216 1216 
1217 1217 
1218 1218 
1219 1219 
1219 1219 
1219 1219 
1220 1220 
1220 1220 
1221 1221 
1221 1222 
1222 1222 
1223 1223 
1223 1223 
1224 1224 
1225 1225 
1225 1225 
1226 1226 
1226 1226 
1227 1227 
1228 1228 
1228 1228 
1229 1229 
1230 1230 
1230 1230 
1231 1232 
1232 1232 
1232 1232 
1232 1233 
1233 1233 
1235 1235 
1235 1235 
1235 1236 
1236 1236 
1237 1238 
1238 1238 
1238 1238 
1238 1238 
1239 1239 
1240 1240 
1241 1241 
1241 1241 
1242 1242 
1242 1242 
1243 1245 
1245 1245 
1245 1246 
1246 1247 
1247 1247 
1247 1247 
1248 1248 
1248 1249 
1249 1250 
1250 1251 
1252 1252 
1252 1252 
1253 1253 
1253 1253 
1253 1254 
1254 1254 
1254 1255 
1255 1255 
1255 1256 
1257 1257 
1257 1258 
1258 1258 
1259 1259 
1259 1259 
1260 1260 
1260 1260 
1260 1261 
1261 1262 
1262 1262 
1263 1263 
1264 1264 
1264 1264 
1264 1264 
1264 1264 
1265 1265 
1266 1267 
1267 1267 
1268 1268 
1268 1268 
1269 1269 
1269 1269 
1269 1269 
1269 1270 
1270 1270 
1271 1271 
1272 1272 
1272 1272 
1272 1273 
1273 1274 
1274 1275 
1275 1276 
1276 1277 
1277 1278 
1279 1279 
1279 1280 
1280 1280 
1280 1280 
1281 1281 
1281 1282 
1282 1282 
1283 1283 
1283 1284 
1284 1285 
1285 1285 
1285 1285 
1286 1286 
1287 1287 
1287 1287 
1288 1290 
1290 1291 
1291 1291 
1291 1292 
1292 1292 
1293 1293 
1294 1294 
1294 1294 
1296 1296 
1296 1296 
1297 1297 
1298 1298 
1299 1300 
1300 1300 
1301 1302 
1303 1303 
1304 1304 
1304 1304 
1305 1305 
1305 1305 
1305 1306 
1307 1309 
1309 1309 
1309 1310 
1310 1311 
1312 1312 
1312 1313 
1313 1313 
1313 1314 
1314 1315 
1316 1316 
1316 1317 
1317 1317 
1317 1318 
1318 1318 
1318 1318 
1318 1319 
1321 1321 
1321 1321 
1323 1323 
1323 1323 
1324 1324 
1324 1324 
1324 1324 
1325 1325 
1325 1326 
1327 1327 
1328 1328 
1328 1329 
1329 1329 
1329 1329 
1330 1330 
1330 1330 
1330 1331 
1331 1332 
1332 1333 
1333 1333 
1334 1335 
1335 1336 
1336 1336 
1336 1336 
1337 1337 
1337 1337 
1337 1338 
1338 1338 
1338 1339 
1340 1340 
1340 1340 
1341 1341 
1341 1341 
1341 1342 
1343 1343 
1344 1344 
1344 1344 
1344 1344 
1344 1344 
1346 1346 
1346 1347 
1347 1347 
1347 1347 
1347 1348 
1349 1349 
1349 1350 
1350 1350 
1350 1351 
1352 1352 
1353 1353 
1353 1354 
1355 1355 
1356 1356 
1356 1356 
1357 1357 
1357 1357 
1357 1357 
1357 1358 
1358 1359 
1359 1359 
1359 1360 
1360 1360 
1360 1361 
1361 1361 
1362 1362 
1362 1363 
1363 1363 
1363 1363 
1364 1364 
1364 1364 
1364 1365 
1365 1365 
1365 1365 
1366 1366 
1366 1366 
1367 1367 
1368 1368 
1368 1368 
1368 1369 
1369 1369 
1369 1369 
1369 1369 
1369 1370 
1370 1370 
1371 1371 
1371 1371 
1372 1372 
1373 1373 
1373 1374 
1374 1374 
1376 1377 
1378 1378 
1378 1380 
1380 1380 
1380 1380 
1381 1381 
1381 1381 
1383 1383 
1383 1383 
1383 1384 
1384 1386 
1386 1387 
1389 1389 
1389 1389 
1390 1390 
1390 1390 
1390 1391 
1391 1391 
1391 1392 
1392 1392 
1393 1393 
1393 1393 
1393 1395 
1395 1395 
1395 1395 
1396 1396 
1396 1396 
1397 1397 
1397 1397 
1398 1398 
1398 1398 
1399 1399 
1399 1399 
1399 1399 
1399 1399 
1400 1400 
1401 1401 
1401 1401 
1401 1401 
1401 1401 
1401 1401 
1402 1402 
1402 1403 
1403 1404 
1404 1404 
1404 1405 
1405 1405 
1405 1405 
1406 1406 
1406 1406 
1406 1407 
1407 1407 
1408 1408 
1408 1408 
1409 1409 
1409 1409 
1410 1410 
1411 1411 
1412 1412 
1413 1413 
1414 1414 
1414 1415 
1415 1415 
1416 1416 
1416 1418 
1418 1418 
1418 1419 
1420 1420 
1420 1422 
1422 1423 
1423 1423 
1424 1424 
1424 1425 
1425 1425 
1426 1426 
1427 1428 
1428 1428 
1429 1429 
1430 1430 
1430 1431 
1431 1431 
1432 1432 
1432 1432 
1432 1433 
1433 1433 
1433 1433 
1433 1433 
1434 1434 
1434 1434 
1435 1435 
1436 1436 
1436 1436 
1437 1437 
1437 1437 
1438 1438 
1438 1439 
1439 1439 
1439 1439 
1439 1440 
1440 1440 
1441 1441 
1441 1441 
1441 1442 
1442 1442 
1443 1443 
1443 1443 
1443 1444 
1444 1444 
1445 1445 
1446 1446 
1447 1447 
1448 1448 
1448 1448 
1449 1449 
1450 1451 
1452 1452 
1452 1452 
1453 1453 
1453 1454 
1454 1455 
1456 1456 
1456 1456 
1456 1457 
1457 1457 
1457 1457 
1457 1458 
1459 1459 
1459 1459 
1460 1461 
1461 1462 
1463 1463 
1463 1463 
1464 1464 
1464 1465 
1465 1465 
1465 1466 
1467 1467 
1467 1468 
1468 1468 
1468 1469 
1469 1470 
1470 1471 
1471 1471 
1471 1472 
1472 1472 
1472 1472 
1473 1473 
1474 1474 
1474 1474 
1475 1475 
1475 1475 
1476 1477 
1477 1477 
1478 1478 
1478 1478 
1479 1479 
1479 1479 
1479 1479 
1480 1481 
1482 1482 
1482 1483 
1483 1484 
1485 1485 
1486 1486 
1487 1487 
1488 1489 
1490 1490 
1491 1491 
1492 1492 
1492 1492 
1492 1493 
1493 1493 
1494 1495 
1495 1495 
1495 1495 
1496 1496 
1496 1496 
1497 1497 
1497 1498 
1498 1498 
1499 1499 
1499 1499 
1499 1500 
1500 1500 
1500 1500 
1501 1501 
1501 1501 
1502 1502 
1502 1502 
1503 1503 
1503 1503 
1504 1504 
1504 1504 
1505 1505 
1505 1506 
1506 1506 
1507 1507 
1507 1507 
1507 1507 
1507 1508 
1508 1508 
1509 1509 
1509 1510 
1510 1510 
1510 1511 
1511 1511 
1512 1513 
1513 1514 
1514 1515 
1515 1515 
1515 1516 
1516 1516 
1518 1519 
1519 1521 
1521 1522 
1523 1523 
1523 1524 
1524 1524 
1525 1525 
1526 1526 
1526 1526 
1526 1526 
1527 1527 
1528 1528 
1528 1530 
1530 1530 
1530 1531 
1531 1531 
1532 1533 
1533 1533 
1533 1533 
1533 1534 
1534 1534 
1534 1534 
1535 1536 
1536 1537 
1537 1537 
1538 1538 
1538 1539 
1539 1539 
1539 1540 
1540 1540 
1541 1541 
1541 1543 
1543 1543 
1544 1545 
1545 1546 
1547 1547 
1547 1547 
1547 1548 
1548 1548 
1548 1548 
1548 1548 
1549 1549 
1549 1550 
1550 1550 
1551 1551 
1551 1551 
1552 1552 
1552 1552 
1552 1552 
1552 1552 
1553 1553 
1555 1555 
1556 1556 
1557 1557 
1557 1557 
1557 1557 
1558 1559 
1559 1559 
1559 1559 
1560 1560 
1561 1561 
1561 1562 
1562 1562 
1563 1564 
1564 1564 
1565 1565 
1565 1566 
1567 1567 
1567 1568 
1568 1568 
1569 1569 
1570 1570 
1572 1572 
1572 1572 
1572 1573 
1573 1573 
1573 1574 
1574 1574 
1574 1575 
1575 1576 
1576 1576 
1576 1577 
1577 1578 
1578 1578 
1578 1579 
1579 1580 
1580 1580 
1581 1581 
1581 1581 
1581 1582 
1582 1582 
1582 1582 
1583 1583 
1583 1583 
1584 1584 
1585 1585 
1585 1585 
1586 1587 
1587 1588 
1588 1589 
1589 1589 
1589 1590 
1590 1590 
1590 1590 
1591 1592 
1593 1594 
1594 1595 
1595 1595 
1595 1595 
1595 1595 
1596 1596 
1596 1597 
1597 1597 
1598 1598 
1598 1598 
1599 1599 
1599 1599 
1599 1599 
1599 1600 
1600 1600 
1601 1601 
1601 1601 
1601 1602 
1602 1602 
1604 1604 
1604 1605 
1606 1606 
1606 1607 
1607 1607 
1607 1608 
1608 1608 
1609 1609 
1609 1610 
1611 1611 
1611 1611 
1611 1611 
1611 1612 
1612 1613 
1614 1614 
1614 1614 
1615 1615 
1616 1616 
1616 1617 
1617 1617 
1618 1618 
1618 1619 
1619 1619 
1619 1620 
1620 1620 
1621 1621 
1621 1621 
1621 1621 
1621 1622 
1623 1623 
1623 1624 
1624 1624 
1625 1625 
1625 1625 
1625 1626 
1627 1627 
1627 1627 
1627 1628 
1628 1628 
1629 1629 
1630 1630 
1630 1630 
1630 1630 
1631 1632 
1632 1633 
1634 1634 
1635 1635 
1636 1637 
1637 1637 
1637 1637 
1638 1638 
1638 1639 
1640 1640 
1640 1640 
1640 1642 
1642 1642 
1642 1642 
1643 1644 
1645 1646 
1646 1647 
1647 1648 
1648 1648 
1648 1648 
1649 1650 
1651 1651 
1652 1652 
1652 1652 
1653 1653 
1653 1653 
1654 1654 
1655 1655 
1655 1655 
1655 1655 
1656 1656 
1656 1657 
1658 1658 
1658 1658 
1658 1659 
1659 1659 
1659 1660 
1660 1660 
1660 1661 
1661 1662 
1663 1663 
1663 1664 
1664 1664 
1664 1665 
1665 1665 
1666 1666 
1666 1666 
1668 1668 
1668 1668 
1668 1669 
1669 1669 
1670 1670 
1671 1671 
1671 1672 
1672 1672 
1673 1673 
1674 1674 
1674 1674 
1675 1675 
1675 1675 
1676 1677 
1677 1678 
1678 1678 
1679 1679 
1679 1680 
1680 1680 
1681 1681 
1681 1681 
1682 1682 
1682 1682 
1683 1683 
1683 1683 
1683 1683 
1683 1684 
1684 1684 
1684 1684 
1685 1685 
1685 1685 
1685 1686 
1687 1687 
1687 1688 
1688 1689 
1689 1689 
1690 1690 
1690 1691 
1691 1691 
1691 1691 
1691 1692 
1692 1692 
1692 1692 
1693 1693 
1694 1694 
1694 1694 
1694 1694 
1695 1695 
1696 1696 
1696 1696 
1696 1697 
1697 1698 
1698 1698 
1699 1701 
1701 1702 
1702 1702 
1702 1703 
1703 1703 
1704 1704 
1704 1705 
1705 1706 
1707 1707 
1707 1708 
1709 1709 
1710 1710 
1710 1710 
1710 1710 
1710 1711 
1712 1712 
1712 1712 
1713 1713 
1714 1715 
1715 1715 
1715 1716 
1716 1716 
1716 1717 
1717 1718 
1718 1719 
1719 1720 
1720 1721 
1721 1721 
1721 1722 
1722 1723 
1724 1724 
1724 1725 
1726 1726 
1726 1727 
1727 1728 
1729 1729 
1729 1730 
1730 1730 
1731 1731 
1733 1733 
1733 1733 
1734 1734 
1734 1735 
1735 1735 
1735 1735 
1735 1735 
1736 1737 
1737 1737 
1737 1737 
1738 1738 
1738 1739 
1739 1740 
1740 1741 
1741 1741 
1741 1743 
1744 1744 
1744 1745 
1745 1746 
1746 1746 
1747 1747 
1747 1747 
1748 1748 
1748 1748 
1748 1749 
1749 1750 
1750 1750 
1751 1751 
1751 1751 
1752 1752 
1753 1753 
1754 1755 
1756 1757 
1757 1757 
1757 1758 
1759 1759 
1759 1760 
1760 1761 
1761 1761 
1762 1762 
1762 1763 
1763 1763 
1763 1764 
1764 1764 
1765 1765 
1765 1765 
1765 1766 
1766 1766 
1767 1767 
1767 1769 
1769 1769 
1769 1770 
1770 1770 
1772 1772 
1772 1772 
1773 1773 
1773 1773 
1774 1774 
1775 1775 
1775 1776 
1776 1776 
1778 1778 
1779 1779 
1779 1779 
1780 1780 
1780 1780 
1781 1781 
1782 1782 
1783 1783 
1783 1785 
1785 1785 
1785 1785 
1785 1786 
1786 1786 
1786 1786 
1787 1787 
1787 1787 
1787 1787 
1788 1789 
1789 1789 
1789 1790 
1790 1790 
1790 1791 
1792 1792 
1792 1792 
1792 1792 
1792 1793 
1793 1794 
1795 1795 
1795 1796 
1797 1797 
1797 1797 
1797 1798 
1798 1799 
1799 1799 
1799 1800 
1800 1800 
1800 1800 
1800 1800 
1802 1802 
1802 1802 
1802 1803 
1803 1803 
1803 1803 
1803 1804 
1804 1804 
1805 1805 
1805 1805 
1806 1807 
1807 1807 
1807 1808 
1809 1809 
1809 1809 
1810 1810 
1810 1810 
1810 1810 
1811 1811 
1811 1812 
1812 1812 
1813 1813 
1813 1813 
1814 1814 
1814 1815 
1815 1815 
1816 1816 
1816 1816 
1816 1817 
1817 1817 
1817 1818 
1818 1818 
1819 1819 
1820 1820 
1821 1821 
1821 1821 
1822 1822 
1822 1823 
1823 1823 
1823 1823 
1823 1824 
1824 1824 
1824 1825 
1825 1825 
1825 1825 
1825 1826 
1826 1826 
1828 1829 
1829 1829 
1831 1831 
1832 1833 
1833 1833 
1835 1835 
1835 1835 
1836 1836 
1837 1837 
1837 1837 
1837 1837 
1838 1838 
1839 1839 
1840 1840 
1841 1841 
1841 1841 
1842 1842 
1842 1843 
1843 1844 
1844 1845 
1845 1845 
1845 1846 
1846 1846 
1846 1848 
1848 1848 
1849 1849 
1849 1849 
1849 1849 
1849 1850 
1850 1850 
1851 1851 
1852 1852 
1852 1852 
1852 1852 
1853 1853 
1854 1854 
1854 1854 
1854 1855 
1855 1855 
1855 1855 
1856 1856 
1856 1856 
1856 1856 
1856 1856 
1856 1857 
1857 1858 
1858 1858 
1859 1859 
1859 1859 
1860 1861 
1862 1862 
1862 1863 
1863 1863 
1863 1864 
1864 1864 
1865 1866 
1866 1866 
1868 1868 
1869 1869 
1870 1870 
1870 1870 
1870 1871 
1872 1872 
1872 1872 
1873 1873 
1874 1874 
1875 1875 
1875 1875 
1876 1876 
1876 1877 
1877 1877 
1877 1878 
1878 1878 
1878 1878 
1879 1879 
1879 1879 
1880 1880 
1880 1880 
1880 1880 
1881 1882 
1882 1882 
1883 1883 
1883 1884 
1884 1885 
1885 1885 
1886 1886 
1887 1887 
1887 1888 
1888 1888 
1888 1889 
1889 1890 
1890 1891 
1892 1893 
1893 1893 
1893 1894 
1894 1895 
1895 1895 
1895 1895 
1895 1895 
1896 1896 
1896 1896 
1897 1897 
1897 1898 
1898 1898 
1898 1898 
1899 1900 
1900 1901 
1901 1903 
1904 1904 
1904 1905 
1905 1906 
1906 1907 
1907 1908 
1908 1909 
1910 1910 
1910 1910 
1910 1911 
1912 1912 
1912 1912 
1913 1913 
1913 1914 
1914 1914 
1914 1914 
1915 1915 
1915 1916 
1916 1917 
1917 1917 
1918 1918 
1918 1918 
1919 1921 
1922 1922 
1924 1924 
1924 1924 
1925 1925 
1926 1927 
1927 1927 
1928 1928 
1928 1929 
1929 1929 
1930 1930 
1930 1931 
1931 1931 
1932 1932 
1932 1933 
1933 1933 
1934 1934 
1934 1935 
1935 1935 
1935 1936 
1936 1936 
1937 1937 
1937 1938 
1939 1940 
1940 1940 
1940 1941 
1941 1941 
1941 1941 
1941 1942 
1942 1942 
1942 1942 
1943 1943 
1944 1944 
1944 1944 
1945 1945 
1945 1945 
1945 1946 
1948 1948 
1948 1948 
1948 1949 
1949 1950 
1950 1951 
1951 1951 
1951 1951 
1951 1951 
1952 1952 
1952 1953 
1953 1955 
1955 1956 
1956 1956 
1956 1956 
1957 1957 
1957 1957 
1958 1959 
1959 1959 
1959 1960 
1960 1960 
1960 1961 
1961 1961 
1962 1962 
1962 1962 
1963 1963 
1963 1964 
1965 1965 
1965 1965 
1966 1967 
1967 1967 
1968 1968 
1968 1968 
1968 1969 
1969 1969 
1969 1971 
1971 1971 
1971 1971 
1972 1972 
1972 1973 
1973 1973 
1973 1974 
1974 1974 
1975 1975 
1976 1976 
1977 1977 
1978 1978 
1978 1978 
1978 1978 
1978 1979 
1979 1981 
1981 1981 
1982 1982 
1982 1983 
1984 1985 
1986 1986 
1987 1987 
1987 1988 
1988 1988 
1988 1989 
1989 1990 
1990 1991 
1991 1992 
1992 1992 
1992 1993 
1993 1993 
1994 1994 
1995 1995 
1995 1995 
1996 1996 
1996 1997 
1997 1998 
1998 1998 
1999 1999 
1999 1999 
2000 2000 
2000 2000 
114 976 
1401 126 
535 884 
959 1944 
672 1128 
1423 1810 
501 1297 
1369 1915 
1963 399 
462 578 
1219 508 
605 1721 
462 595 
79 104 
1169 1781 
1870 1235 
1371 1838 
1989 480 
943 1637 
1740 792 
1716 830 
317 1577 
456 1565 
414 1098 
1142 1276 
663 1012 
1479 49 
530 1769 
323 401 
550 786 
1262 1671 
1868 631 
1702 1951 
129 489 
1548 1942 
129 248 
328 1085 
49 775 
876 1694 
1791 521 
1526 1745 
469 956 
1224 212 
813 1692 
1134 1272 
149 503 
757 1507 
1752 350 
372 1280 
1547 111 
569 1931 
109 429 
1392 1800 
111 963 
1415 573 
673 753 
1942 480 
918 279 
1145 1367 
1509 1099 
1504 477 
530 93 
969 1105 
841 531 
598 1678 
1821 607 
1429 668 
1579 496 
1496 1539 
18 23 
1039 1723 
668 1120 
1410 201 
1434 612 
862 962 
1123 301 
339 1175 
1176 236 
898 1044 
1079 266 
679 1703 
1741 1785 
240 649 
1440 200 
344 586 
1226 1960 
350 374 
1018 1092 
1575 415 
571 1359 
1573 1901 
65 263 
394 1126 
1324 162 
404 1702 
1869 125 
497 518 
738 1198 
1698 94 
611 770 
836 896 
950 1780 
60 490 
971 632 
720 751 
1358 373 
841 684 
1885 608 
921 1146 
1916 1164 
1694 573 
638 221 
856 1849 
1089 1179 
657 668 
1066 1770 
789 828 
1488 1759 
9 315 
1182 1888 
696 882 
1694 315 
1434 1682 
1974 832 
1002 1653 
825 1038 
1895 319 
461 1458 
1557 1924 
92 920 
327 405 
1800 623 
667 898 
998 422 
1091 1552 
266 87 
552 868 
1569 1870 
40 194 
1465 64 
1082 1510 
312 787 
1349 1438 
1253 224 
286 1595 
134 893 
1526 1718 
1829 1887 
254 1618 
222 324 
821 1325 
196 773 
1595 1674 
9 1599 
1911 661 
1378 1576 
607 808 
1454 1457 
1465 1502 
161 563 
1097 1003 
33 116 
758 1062 
1398 32 
34 166 
282 651 
1405 345 
725 938 
1753 143 
732 1243 
1609 1855 
1 228 
813 274 
1199 1568 
1601 109 
431 1285 
1432 1513 
1905 1910 
813 1008 
1710 157 
1433 506 
931 1336 
1715 1837 
1272 1439 
696 627 
1039 1180 
1743 1773 
1879 898 
63 307 
801 1822 
2 265 
317 618 
877 881 
1498 1895 
162 588 
685 1755 
1852 317 
377 763 
1272 1342 
1916 1945 
1987 21 
22 392 
544 822 
1102 1457 
1746 358 
667 1971 
297 632 
975 1702 
1740 364 
1776 1951 
1432 1817 
99 1497 
1675 1729 
753 1023 
1330 200 
372 639 
648 700 
1569 1049 
651 1671 
1981 732 
1652 615 
973 1305 
143 1062 
1420 113 
142 301 
581 722 
1072 1230 
472 1247 
1445 808 
1220 1399 
388 905 
29 445 
603 828 
1323 1442 
180 571 
595 1090 
1551 1724 
811 1589 
437 495 
590 892 
1014 1275 
1836 508 
536 606 
1075 118 
533 980 
1516 1661 
479 1329 
534 1852 
107 1131 
61 127 
233 1424 
973 1490 
1837 950 
1822 718 
1143 1663 
1666 1799 
111 183 
441 781 
1624 199 
600 711 
1042 1273 
1643 1877 
1282 296 
442 443 
832 950 
1454 1706 
924 1561 
822 1144 
1612 628 
1127 1397 
733 1311 
1530 1842 
374 448 
993 624 
820 1446 
151 1506 
1765 778 
1191 1327 
1726 1931 
569 941 
1143 167 
568 1536 
724 910 
1181 357 
625 715 
1028 1932 
1218 1467 
1823 488 
1241 1397 
1682 1977 
193 1258 
1329 1510 
1560 1734 
1992 867 
1067 1267 
320 1090 
1497 1822 
798 850 
1444 189 
453 610 
1368 93 
223 341 
469 1666 
666 1789 
1792 103 
475 1849 
250 885 
1123 1731 
169 792 
814 57 
136 724 
1245 51 
373 778 
1223 1393 
1927 1087 
1539 1880 
716 928 
1439 229 
294 1852 
779 333 
1292 1651 
1876 1918 
268 1106 
1242 1546 
1996 643 
1180 280 
727 991 
26 563 
855 1908 
588 1401 
1625 1725 
241 1399 
1476 1617 
1870 747 
817 1232 
341 508 
614 690 
1433 72 
1452 102 
599 1698 
194 252 
98 620 
1296 1025 
1492 385 
616 1006 
316 945 
1179 1504 
1688 114 
632 867 
1290 204 
713 1366 
1170 1593 
1595 641 
735 1611 
1785 162 
787 1084 
1762 323 
1366 54 
500 540 
1693 663 
794 1279 
1640 56 
214 929 
440 1447 
1099 1324 
1564 1648 
1245 1759 
1854 618 
797 1455 
359 1856 
22 358 
525 705 
926 252 
350 896 
911 1105 
1201 1798 
198 338 
1534 1090 
223 249 
1472 1737 
1762 291 
369 482 
917 1428 
100 298 
386 1430 
1941 382 
810 936 
1431 596 
1613 1811 
643 1228 
1470 1307 
1886 918 
1615 704 
60 367 
421 1211 
1343 605 
1036 1097 
126 1371 
55 91 
438 1032 
208 453 
1507 1547 
1574 1951 
354 653 
1443 1500 
819 1050 
273 368 
596 916 
1216 1079 
1276 1774 
271 309 
115 669 
1839 281 
643 1279 
1266 1987 
715 1042 
1709 1773 
1228 1264 
37 688 
1114 1166 
211 275 
938 1068 
1863 111 
821 1103 
732 1033 
845 1143 
565 1383 
1548 1775 
98 1114 
1914 1969 
1269 1668 
1924 360 
1044 1330 
253 1676 
1772 516 
1912 536 
754 204 
1426 1714 
469 172 
324 1293 
1747 131 
356 696 
727 1581 
254 388 
696 749 
541 1039 
1912 53 
143 1096 
1459 323 
1088 1154 
1503 723 
1219 402 
1096 1684 
1735 125 
1371 1869 
1901 747 
1037 1336 
1722 273 
1373 1866 
386 718 
721 324 
430 934 
1208 95 
837 858 
957 1996 
397 525 
1655 79 
81 511 
975 227 
799 980 
1751 1807 
1930 14 
126 128 
674 708 
814 85 
384 1960 
191 1223 
1260 1707 
1803 342 
1046 1055 
1118 1735 
19 235 
302 780 
859 1119 
102 296 
311 1072 
1110 1439 
1155 837 
1249 1330 
88 364 
1532 1855 
22 782 
1152 1247 
1533 1629 
1779 985 
1427 1499 
772 1305 
817 972 
1252 1469 
1545 1929 
1844 206 
980 1105 
1658 1872 
584 690 
1472 1495 
369 657 
1309 1374 
799 1786 
250 1837 
53 1792 
481 1072 
194 218 
383 321 
1412 1655 
436 1053 
1587 57 
1384 112 
1255 803 
1091 1344 
1474 380 
675 1290 
1668 1393 
705 928 
1212 1765 
30 58 
249 524 
1264 1420 
1958 1264 
695 1143 
1343 707 
269 429 
1323 1841 
1898 548 
297 472 
186 833 
130 248 
502 922 
979 1637 
247 467 
797 1255 
1710 289 
1022 1672 
582 583 
743 798 
1049 573 
1414 1748 
132 327 
792 876 
1572 734 
732 770 
263 901 
271 993 
1495 1848 
253 336 
1336 1260 
1461 30 
136 1153 
1191 1824 
67 201 
1787 58 
178 1412 
448 782 
1414 1850 
128 661 
1364 1661 
1843 1940 
347 863 
1306 619 
673 1269 
1317 1368 
255 591 
341 787 
920 1282 
1453 319 
1592 226 
746 1384 
254 310 
610 1076 
1404 147 
298 399 
1735 482 
762 1548 
1287 1760 
973 1159 
129 634 
1127 1533 
1893 457 
1184 1362 
60 425 
1228 1875 
744 1281 
1866 477 
1944 313 
924 1389 
1992 1630 
1991 5 
388 666 
1595 705 
1710 19 
1378 306 
61 744 
1103 88 
1269 685 
945 1062 
555 1853 
1418 1805 
598 1049 
1941 1030 
1086 1842 
518 661 
801 847 
952 1273 
1825 634 
1634 1978 
743 848 
1235 16 
891 1072 
59 804 
1075 1479 
458 623 
1493 1948 
964 1441 
1321 1390 
550 984 
1310 1354 
1552 263 
535 1129 
1300 1456 
90 446 
1380 1556 
1975 451 
831 869 
985 1370 
1750 394 
762 1162 
1338 521 
687 1620 
731 33 
354 1724 
311 587 
1405 116 
1143 1525 
1617 889 
437 681 
436 629 
808 965 
343 435 
459 773 
1352 1960 
154 433 
1089 1126 
1955 267 
524 1344 
995 1016 
1632 1674 
242 1153 
1952 167 
884 1060 
1783 172 
994 172 
748 529 
149 1734 
422 1017 
1313 1552 
1668 489 
788 948 
1396 1507 
178 375 
1260 1325 
1652 1733 
1675 922 
1058 423 
1125 798 
193 268 
1113 1269 
1685 1687 
15 561 
593 393 
462 978 
1973 416 
786 971 
1269 1291 
1813 436 
795 493 
1285 85 
975 5 
8 457 
1705 1994 
1242 714 
1456 1660 
1689 582 
1071 1105 
1232 1659 
359 985 
1102 553 
1123 1240 
25 194 
295 535 
588 686 
767 1045 
1291 1318 
1599 525 
795 1402 
1607 145 
356 1277 
1637 827 
1029 1565 
1831 196 
610 1249 
1413 1787 
1943 1333 
39 396 
703 806 
911 953 
1160 159 
1195 1459 
11 36 
1109 1194 
1270 1800 
340 851 
989 1065 
1685 253 
389 856 
1656 1154 
1584 1660 
1918 574 
1219 1764 
1878 503 
1031 515 
661 1050 
1434 188 
21 447 
1595 1787 
1810 1870 
65 507 
534 911 
1269 1344 
1992 863 
949 1475 
585 618 
916 1106 
1418 1436 
460 1658 
1910 506 
1672 1675 
154 855 
1692 48 
1649 1841 
63 1435 
543 672 
1601 237 
749 4 
601 358 
733 1265 
29 486 
946 974 
1052 815 
1018 1328 
1873 119 
494 583 
610 630 
829 1082 
1251 1369 
1481 490 
1200 1437 
6 155 
219 1226 
1499 1936 
745 910 
315 1089 
1155 1178 
1350 1741 
1803 487 
292 936 
1534 1610 
821 1797 
63 411 
1673 1691 
600 1220 
1935 24 
427 733 
829 548 
1659 1816 
1854 1856 
895 1933 
350 438 
730 954 
1265 1480 
1553 248 
313 470 
803 1591 
1611 549 
589 708 
1357 1380 
1430 1254 
1567 444 
1582 1585 
18 39 
666 802 
1196 44 
1277 1304 
1739 1898 
157 1974 
160 490 
541 567 
800 1112 
1179 1932 
2 421 
469 880 
1541 1754 
156 293 
1409 1573 
550 915 
1820 237 
1264 299 
534 622 
1340 1621 
1880 499 
1433 1562 
129 1971 
764 355 
522 526 
19 420 
538 92 
468 865 
592 788 
907 1639 
1655 1751 
1772 1849 
407 1044 
1909 802 
1078 1479 
1785 736 
1945 764 
1006 1882 
1948 1033 
1774 1919 
456 820 
1171 1241 
1300 107 
212 778 
1620 285 
711 1880 
1940 1944 
1363 534 
1503 183 
32 182 
926 1088 
1908 1120 
1321 59 
151 1650 
1787 35 
71 363 
1866 485 
1087 1530 
1346 1630 
895 742 
824 1035 
1238 1239 
1664 5 
752 1746 
952 1747 
1833 1056 
1181 1318 
143 999 
361 466 
899 1291 
1889 361 
506 1250 
334 674 
1109 1413 
1645 492 
587 1359 
1608 57 
1050 430 
585 645 
740 127 
213 469 
1030 1566 
1888 526 
965 154 
609 683 
1396 1761 
382 1897 
554 1790 
456 932 
1085 1124 
1503 8 
151 756 
257 271 
799 911 
968 1646 
1770 1823 
1895 1767 
44 409 
1128 1148 
1976 222 
1071 1255 
1398 1792 
169 520 
1238 501 
1451 1574 
1577 1912 
149 873 
891 1067 
1353 1457 
1668 615 
924 1078 
7 264 
156 1646 
1809 46 
106 945 
1087 1468 
1961 69 
1809 1895 
590 812 
1252 1301 
193 386 
475 506 
1095 1984 
64 1370 
1772 52 
1473 1874 
1112 1177 
1365 1683 
219 1062 
1921 141 
604 1113 
1512 1802 
226 1456 
1609 1812 
1063 1750 
126 246 
492 1357 
1965 381 
1238 1409 
224 1816 
1200 542 
1118 89 
416 1019 
1854 179 
1665 186 
799 1098 
1471 1877 
122 175 
850 1403 
1810 435 
1601 1665 
506 981 
1012 1146 
20 1599 
66 131 
228 1344 
986 1363 
1690 392 
412 1197 
1986 706 
1052 1880 
1893 1951 
751 863 
1284 1804 
71 891 
1056 1416 
136 1096 
1063 1430 
1928 1952 
231 895 
1359 729 
1171 210 
258 275 
1208 1751 
880 587 
943 1683 
1221 1337 
1344 1361 
1616 1925 
939 1268 
1294 1862 
1942 136 
714 730 
994 1432 
1813 56 
996 111 
138 768 
994 1134 
1357 1905 
1526 1602 
1864 269 
1465 1514 
673 783 
1942 838 
861 76 
336 721 
1186 966 
1452 1633 
1729 1821 
848 1083 
105 377 
411 487 
1381 1516 
839 1077 
1511 1803 
17 238 
1016 1600 
1969 195 
399 530 
1663 89 
130 1580 
47 50 
76 675 
274 904 
932 1247 
1619 916 
1352 1443 
1556 984 
1281 1363 
1989 3 
499 1329 
1346 1437 
1498 1655 
35 381 
655 1399 
1783 1846 
318 584 
1705 347 
668 1981 
867 1263 
1486 1973 
1258 1321 
55 1050 
1156 1396 
691 433 
986 1115 
1978 1669 
590 1416 
1653 68 
1736 1873 
127 406 
687 800 
469 874 
427 685 
868 1003 
1155 1425 
279 1038 
1449 1895 
1904 968 
219 334 
1116 1495 
680 923 
1756 1966 
994 1120 
1611 928 
1398 1631 
352 80 
121 297 
298 863 
1123 1145 
1235 1619 
1766 1941 
1638 1180 
1832 1898 
1282 136 
818 1689 
1070 1168 
1341 787 
1446 1701 
477 948 
262 248 
349 400 
706 1350 
1757 635 
705 1036 
353 826 
1099 318 
526 1272 
796 846 
1852 1859 
1340 1982 
169 565 
987 1036 
1100 1730 
229 1377 
1614 464 
648 909 
1678 186 
277 203 
1524 1957 
1978 165 
310 1063 
1431 1482 
1730 865 
1022 1802 
66 310 
657 992 
1008 1726 
144 1119 
1356 305 
878 1584 
184 200 
1044 1092 
1391 112 
1035 878 
211 297 
987 1122 
1684 1551 
1583 642 
524 648 
769 923 
428 942 
1549 113 
140 283 
366 1658 
1925 176 
502 521 
909 365 
755 788 
1511 231 
558 922 
1350 63 
813 1018 
1545 1691 
587 759 
844 857 
1668 1344 
577 795 
361 413 
859 926 
1238 395 
404 1274 
1456 1722 
510 849 
1490 385 
215 308 
443 1581 
298 500 
66 637 
578 35 
135 1492 
1812 1968 
293 758 
1986 734 
1119 1390 
595 1298 
29 1851 
110 754 
1271 1539 
1961 740 
1597 789 
1349 1559 
1017 1393 
1537 389 
426 128 
546 559 
1137 1608 
469 651 
1659 1858 
730 1057 
1878 64 
366 1555 
2000 1186 
1511 330 
1337 1782 
103 436 
1253 1062 
23 890 
1514 788 
1271 1280 
1886 1907 
1440 1524 
1815 181 
201 564 
1219 205 
323 940 
1469 1656 
167 1472 
1917 328 
376 1041 
1133 1581 
1715 655 
1337 822 
1813 1073 
1501 19 
458 2000 
95 233 
383 702 
1053 1744 
447 554 
734 776 
811 820 
837 1365 
78 760 
1117 996 
1411 12 
199 364 
1812 1880 
239 1184 
1682 1786 
459 470 
742 862 
878 1259 
709 1924 
246 359 
1012 192 
361 452 
1184 316 
337 596 
626 1897 
534 685 
1339 1509 
1621 125 
411 1154 
1432 530 
556 1658 
1786 346 
525 1460 
1689 415 
875 1079 
1961 1597 
477 1807 
1136 106 
146 435 
1333 1848 
1735 255 
1364 153 
788 609 
1680 1918 
26 114 
117 738 
890 1681 
199 318 
505 910 
1408 215 
331 1143 
1605 700 
1550 270 
954 1471 
1496 179 
561 788 
1197 1305 
102 282 
517 1422 
1718 129 
174 784 
1150 577 
84 707 
473 1316 
1883 78 
149 1581 
1785 1914 
1934 1965 
506 521 
839 1674 
13 423 
941 1627 
82 172 
1666 357 
1036 1141 
1402 1003 
1141 1720 
64 312 
326 788 
1112 1397 
1550 1710 
1896 656 
1098 1364 
1464 662 
829 1002 
1317 43 
67 1186 
1863 1409 
1504 1596 
1611 740 
1009 1578 
1704 1807 
1951 284 
1169 1331 
709 411 
413 660 
931 1097 
1607 1701 
745 933 
1523 192 
628 1948 
481 1080 
956 1023 
1642 955 
1599 1004 
1219 212 
495 1598 
1997 73 
482 1401 
1623 740 
1741 1928 
312 1515 
323 743 
1316 1513 
1872 656 
1369 52 
795 1493 
380 491 
637 696 
1638 899 
1121 1241 
1541 553 
719 1318 
1666 1910 
1009 1368 
190 228 
676 1324 
1549 92 
687 1647 
1763 423 
1093 1457 
1359 603 
1703 686 
979 1924 
804 1082 
23 364 
1482 1885 
126 1026 
1840 1889 
723 726 
795 1337 
1353 1724 
1940 535 
644 1401 
126 1582 
80 1401 
943 2 
441 935 
198 1047 
1492 1501 
1951 1264 
1548 1628 
1927 432 
775 813 
1393 1793 
414 603 
638 154 
1715 99 
523 576 
641 1299 
64 249 
915 1625 
1640 54 
89 123 
1056 1735 
582 864 
1075 1695 
916 1032 
1543 1674 
367 1227 
1216 1188 
669 1438 
1463 1786 
1796 148 
977 1365 
1437 554 
1030 1226 
1360 1056 
1557 1841 
714 733 
1288 1583 
1695 184 
510 816 
249 477 
490 596 
974 1406 
1721 1158 
1578 1904 
945 1221 
1009 1158 
1694 538 
896 271 
492 670 
900 1976 
253 1534 
36 261 
995 1222 
1625 920 
994 1660 
1664 1818 
1837 87 
383 919 
1486 69 
358 450 
736 1264 
1357 1821 
1999 691 
730 1178 
1392 1696 
1785 1840 
173 397 
604 1761 
1931 1010 
1687 248 
569 743 
1683 959 
1248 1551 
1588 1710 
1883 1982 
203 349 
694 963 
1538 1859 
241 1934 
1122 1133 
1229 1296 
1515 1611 
119 848 
593 669 
1332 849 
1523 311 
958 1585 
1814 884 
1006 1627 
1763 1972 
255 516 
1247 1955 
1152 112 
281 1264 
1969 647 
780 949 
182 831 
986 1564 
1634 731 
1576 11 
645 883 
227 406 
607 913 
1073 1361 
1857 503 
1681 969 
1404 1842 
447 703 
1175 1838 
1945 491 
940 64 
164 172 
1013 1286 
411 579 
1219 1814 
1942 478 
524 819 
1202 1428 
853 1155 
1170 1856 
25 852 
312 984 
1397 1471 
1614 934 
1405 2 
927 1190 
1561 1998 
1844 1935 
52 1203 
1681 1802 
1823 34 
928 1041 
1600 1712 
417 1470 
1588 435 
589 1142 
1621 658 
1691 1068 
1362 1477 
1766 596 
689 42 
947 1778 
1683 65 
458 1762 
331 1005 
1085 1922 
141 163 
391 1032 
504 911 
1432 131 
315 461 
1027 1231 
1262 1386 
1526 1 
1479 1651 
905 1208 
457 1856 
358 874 
1155 1859 
157 316 
333 1074 
1140 630 
1719 1906 
1988 420 
671 957 
1389 329 
423 467 
1654 633 
681 941 
1759 711 
727 1748 
1463 1811 
481 1734 
211 1203 
1697 721 
1294 178 
368 1443 
1731 442 
648 651 
692 919 
1373 439 
918 650 
790 1072 
1590 1072 
1915 89 
1371 1879 
581 1004 
1183 1334 
1525 1780 
1937 82 
840 1557 
108 687 
835 1946 
854 999 
972 226 
559 935 
1096 1362 
1815 117 
721 1142 
844 866 
914 1353 
1895 925 
1507 1534 
1596 17 
630 797 
950 1035 
154 1627 
1582 439 
663 446 
761 1340 
1896 1935 
58 505 
739 1557 
1733 623 
1313 1819 
1291 1787 
360 719 
1114 135 
852 1748 
225 1357 
1383 877 
975 1042 
186 1194 
1800 1843 
473 1679 
410 588 
907 1217 
486 1800 
1997 267 
900 973 
283 560 
1118 1629 
1082 1779 
1981 1988 
577 725 
1013 264 
706 712 
833 1846 
308 1959 
84 688 
49 122 
299 1971 
782 963 
1253 1302 
169 277 
1027 1060 
1347 1358 
1560 1735 
1852 1978 
1694 54 
289 555 
724 1391 
469 1173 
1765 321 
1433 885 
1120 1267 
1897 1456 
137 361 
409 270 
487 586 
679 1515 
1285 504 
636 1060 
1314 1346 
1452 1574 
1664 343 
787 1716 
1819 1739 
1829 321 
1395 580 
638 898 
908 769 
450 1254 
1444 1580 
1642 1793 
1184 441 
1042 1052 
1102 1562 
110 142 
406 614 
774 1685 
1741 1836 
617 640 
718 1408 
1604 481 
1168 76 
190 603 
281 967 
1403 1404 
1442 1761 
1561 701 
466 599 
1737 144 
324 340 
414 996 
997 1279 
1825 785 
945 1161 
1245 980 
1508 156 
415 899 
1116 1653 
1956 387 
1507 1825 
662 1260 
1570 1616 
1652 1816 
556 604 
54 272 
804 1241 
1436 1530 
1808 851 
1590 1782 
1098 94 
506 875 
1034 660 
1477 234 
1624 1721 
22 593 
972 1226 
1300 410 
1172 1786 
202 574 
607 303 
569 74 
437 511 
1681 1684 
1913 151 
191 251 
1399 90 
346 1642 
58 724 
1607 869 
1233 1254 
610 301 
306 639 
1006 1891 
107 264 
848 1347 
1411 1887 
16 626 
838 1081 
1611 1818 
38 243 
707 1744 
712 1468 
129 467 
1060 1318 
282 404 
1230 1323 
1492 1607 
1845 42 
249 333 
466 209 
492 1659 
1191 1552 
1648 1685 
1259 1862 
480 584 
1160 324 
1468 1553 
1917 1950 
534 613 
837 1452 
1775 453 
615 1565 
1679 279 
286 1022 
1757 681 
1137 1356 
1778 1858 
690 1075 
1499 789 
321 622 
1033 1627 
323 722 
755 1621 
1890 50 
570 692 
1047 864 
1686 727 
930 52 
198 468 
696 1502 
593 1596 
1690 1818 
451 1418 
1582 60 
437 1533 
175 392 
3 598 
1979 421 
1207 1599 
1973 1156 
1623 1849 
161 782 
930 1225 
1677 27 
651 1347 
1552 1656 
1500 807 
1365 765 
1115 1285 
1315 1875 
1478 1487 
980 834 
835 1195 
1574 16 
965 1008 
165 182 
284 352 
431 817 
1193 1203 
1935 174 
1162 37 
696 1433 
1642 69 
630 1323 
1710 1770 
1893 598 
1407 1505 
1721 1702 
822 1201 
1369 1696 
328 937 
1637 372 
440 1590 
303 483 
801 325 
512 687 
955 979 
1169 679 
1130 1839 
1988 912 
914 1185 
1222 1811 
391 1161 
478 1109 
1878 1957 
1073 1159 
426 1144 
1213 70 
1274 279 
1457 1628 
701 1065 
9 845 
1155 1207 
230 955 
1211 1824 
561 642 
1086 1568 
1045 1687 
53 948 
1218 53 
613 512 
923 1304 
1963 75 
227 534 
1509 1744 
122 210 
698 1790 
1825 1896 
184 580 
1330 1878 
1907 79 
1386 1000 
393 794 
798 1059 
1188 1356 
1617 1692 
1158 1261 
1733 657 
771 841 
1483 903 
1184 1548 
1926 959 
1214 1696 
181 372 
1107 1858 
1462 1143 
1309 1383 
1415 480 
1028 1824 
479 1141 
530 1880 
634 820 
1335 1555 
1805 63 
1253 115 
1803 1912 
507 621 
1233 1757 
1795 249 
1150 1625 
1895 954 
1463 962 
991 1143 
1716 1531 
1576 1463 
1129 1169 
1845 311 
643 977 
1799 1941 
1225 263 
1170 1270 
1586 349 
1604 1162 
1190 1640 
1849 271 
902 1957 
1030 1787 
187 1175 
5 305 
485 778 
854 952 
146 520 
1225 1713 
646 913 
1522 918 
1158 1441 
201 320 
1971 1998 
25 1341 
1133 1209 
1220 1583 
57 508 
907 1085 
901 1703 
259 278 
394 1998 
930 1590 
144 1103 
1387 1949 
975 216 
466 1683 
1764 1835 
1898 1094 
1200 1804 
10 413 
696 1368 
1993 1391 
1664 1894 
1572 577 
600 619 
743 1348 
1696 1712 
577 1882 
468 1550 
188 562 
864 1079 
209 463 
1373 1815 
113 200 
245 1073 
1436 1495 
1837 145 
328 669 
936 1363 
927 1856 
1910 326 
475 583 
1428 506 
331 609 
1434 1855 
97 773 
1041 1198 
1792 528 
1058 1094 
1837 345 
359 599 
1953 1541 
1499 1616 
1800 189 
678 1472 
795 1108 
1293 1336 
320 370 
448 1077 
1287 1185 
1559 19 
975 1814 
676 1991 
278 350 
351 540 
888 922 
938 1973 
502 524 
276 190 
1047 1475 
647 1419 
1485 1614 
287 381 
405 453 
458 490 
1962 480 
1211 1349 
758 776 
27 120 
128 708 
1433 169 
411 744 
1164 154 
1531 16 
272 472 
531 1341 
239 275 
1072 31 
776 1365 
1500 1978 
395 671 
1492 171 
383 699 
1543 1548 
1769 637 
1540 116 
460 1051 
1138 1602 
950 1802 
390 1260 
1294 1344 
909 228 
347 458 
469 582 
1021 207 
1964 1993 
296 1259 
647 992 
1287 1547 
224 930 
1642 1904 
4 1710 
756 1502 
895 421 
562 1085 
609 1041 
1404 1478 
532 1178 
1324 1798 
141 330 
820 1557 
1913 380 
260 336 
1193 1567 
1691 420 
1870 176 
1519 1797 
1835 446 
1019 1347 
1625 1052 
1738 1138 
827 859 
1872 381 
840 1707 
1932 469 
580 865 
1102 1868 
1936 1448 
418 570 
678 1694 
150 354 
1103 1147 
60 243 
867 1304 
1474 1746 
102 448 
1962 1395 
181 1601 
505 1595 
1781 159 
189 672 
1399 1894 
135 290 
326 1181 
1447 845 
1802 932 
1549 476 
808 1441 
1000 1197 
1604 119 
308 369 
1259 1369 
646 772 
783 879 
1594 426 
1408 1728 
1892 800 
542 710 
1017 1598 
701 1224 
1278 1644 
1691 128 
263 352 
346 438 
490 632 
646 741 
1287 1474 
575 672 
1052 1042 
1097 1134 
1313 1534 
1845 1238 
96 760 
1270 512 
705 737 
1854 1679 
436 670 
603 879 
1009 420 
1372 1879 
722 1115 
1184 1572 
526 618 
651 922 
1025 1479 
1576 66 
1042 59 
585 641 
872 907 
1378 1383 
1773 646 
945 1833 
393 967 
1007 566 
633 671 
1247 1752 
378 810 
838 1632 
1738 613 
788 905 
1136 1280 
229 235 
1466 1879 
37 1683 
193 381 
866 1235 
1792 4 
506 861 
1150 1336 
1487 1496 
1506 424 
611 1945 
10 265 
307 998 
1355 1420 
309 994 
1242 336 
1735 1979 
1730 713 
105 401 
1360 422 
527 1401 
1422 1855 
661 1489 
1516 1951 
285 1025 
1193 1360 
1887 344 
385 975 
1182 1230 
397 984 
1930 2000 
419 755 
1508 1717 
1914 724 
1044 1236 
1415 33 
923 1831 
201 348 
761 890 
1636 1055 
1326 1405 
1585 1779 
447 590 
679 1475 
175 188 
837 957 
110 599 
694 1948 
146 214 
673 1090 
1329 1499 
1672 1726 
1772 1972 
1 213 
856 880 
882 1380 
1407 1439 
1580 1999 
471 834 
1851 628 
1068 387 
947 1068 
1303 111 
430 958 
1395 1910 
911 1559 
1619 1630 
1805 1148 
1401 1816 
816 1063 
1338 1589 
537 619 
842 1680 
50 1502 
790 1097 
342 374 
475 584 
363 376 
1849 34 
1193 1391 
638 683 
1598 408 
492 1125 
1579 1268 
142 350 
1372 821 
1380 3 
1648 1850 
162 1678 
1792 687 
1875 1968 
294 1933 
329 253 
954 1250 
46 1713 
254 527 
640 256 
718 1861 
116 133 
648 801 
974 118 
220 543 
1046 1145 
1272 1494 
51 81 
487 1252 
497 1585 
492 1079 
1245 1764 
507 672 
905 1578 
96 904 
1526 120 
203 324 
1401 1552 
1767 56 
777 1820 
417 1222 
1333 1526 
1863 150 
1068 1865 
269 670 
993 1800 
1854 192 
1058 1917 
145 1464 
179 702 
242 1330 
1319 1765 
1807 1874 
688 1660 
1599 601 
221 658 
1052 1112 
383 1683 
1994 106 
172 246 
421 464 
616 744 
1048 106 
129 603 
869 1166 
1943 85 
301 479 
1712 1936 
803 370 
1828 1192 
904 988 
1202 1206 
838 1445 
1677 93 
106 653 
1995 1366 
187 1472 
1539 607 
1100 1110 
1528 331 
780 259 
964 626 
819 957 
1582 252 
335 781 
1258 1467 
612 1898 
346 1324 
1344 1557 
491 1267 
1396 1956 
214 967 
1083 1559 
1139 1303 
1485 1498 
17 415 
557 976 
1357 1821 
524 506 
718 876 
1483 1187 
1482 1758 
1268 1478 
676 920 
1139 1369 
78 1381 
163 745 
1507 1663 
225 753 
886 1104 
1281 416 
862 1614 
1433 335 
368 690 
1246 1548 
48 819 
1369 1685 
134 191 
1621 126 
672 1478 
329 508 
1116 1257 
1399 269 
1135 1280 
1747 1899 
785 886 
1693 1767 
106 1123 
1298 1410 
304 567 
593 1885 
38 227 
842 1852 
1148 1654 
1785 180 
1369 1737 
29 268 
447 1010 
1076 1491 
1750 1074 
1390 1655 
37 800 
1179 94 
189 1521 
1803 662 
734 771 
615 116 
859 653 
775 858 
930 1050 
1864 158 
661 1381 
1531 1312 
1527 1510 
1937 1221 
849 933 
1528 717 
777 1538 
431 1001 
24 99 
652 975 
1438 1441 
1519 1882 
1468 1523 
1952 177 
574 1079 
1939 1204 
1275 1518 
327 328 
392 1126 
1799 1809 
1864 250 
516 917 
1010 1347 
1748 183 
1856 761 
1657 1938 
928 1524 
1692 48 
202 758 
1467 1284 
1751 1896 
535 864 
1256 900 
1283 1878 
1825 331 
739 209 
31 268 
1294 1609 
1789 21 
285 389 
888 1188 
1283 1495 
731 867 
1332 818 
837 1240 
152 728 
927 1809 
90 420 
446 1107 
1134 1439 
1766 1825 
524 1111 
770 1197 
422 670 
86 908 
1002 1018 
1305 1474 
1572 760 
1261 1406 
1477 1624 
189 1042 
173 959 
1069 543 
1060 1776 
1862 244 
941 1737 
15 473 
1113 588 
528 1309 
1733 115 
1172 1940 
92 136 
1077 1684 
364 1237 
1356 1558 
1747 59 
537 1606 
1669 268 
602 1052 
1141 58 
1835 105 
942 1205 
1357 14 
602 844 
912 1437 
1948 47 
1418 667 
1058 1401 
297 748 
782 828 
1620 529 
881 1015 
1125 1471 
728 909 
1225 1999 
483 723 
529 934 
1395 1435 
1211 343 
1671 927 
964 153 
1408 1826 
1846 996 
1080 1153 
1229 1690 
525 384 
230 1337 
1906 98 
103 230 
399 489 
1328 1626 
843 1011 
1124 759 
805 1598 
855 1340 
1416 1597 
104 469 
631 853 
1129 1450 
1956 663 
963 1682 
115 499 
629 1327 
1856 652 
1285 1900 
1063 1212 
1335 817 
1573 1956 
1999 471 
848 1092 
1104 585 
766 1648 
113 616 
1547 516 
231 525 
693 843 
930 1098 
1857 174 
1715 257 
713 957 
1268 1493 
261 1621 
646 1077 
1257 214 
431 1184 
101 1637 
1922 669 
696 1406 
1797 427 
564 1581 
542 800 
965 1119 
1497 1615 
1957 1941 
856 1130 
1893 168 
1084 1559 
213 896 
918 1201 
1313 1595 
831 935 
1014 1118 
1817 888 
1167 1789 
328 1033 
398 575 
1406 1655 
1680 1717 
694 439 
1364 658 
412 941 
1691 1927 
1393 11 
358 472 
1152 1618 
697 863 
1875 554 
239 896 
1214 1670 
1881 852 
1058 1091 
1145 1296 
169 1341 
584 596 
606 868 
1688 244 
1107 1423 
1608 1810 
496 572 
207 976 
140 448 
1077 1859 
83 683 
1075 1945 
985 1505 
313 342 
554 672 
1508 1630 
482 780 
1134 1537 
333 493 
732 802 
1977 466 
522 768 
1106 464 
483 919 
1449 158 
378 1794 
165 666 
1491 577 
919 1052 
1236 624 
629 1992 
165 194 
832 865 
288 347 
446 603 
740 682 
1573 1888 
1640 1737 
19 138 
1587 360 
494 1399 
518 1963 
103 439 
829 900 
134 449 
494 1903 
291 1133 
1464 44 
714 1424 
1029 1113 
1351 812 
1409 1630 
813 946 
962 1089 
81 188 
794 1600 
613 645 
926 970 
1232 1367 
1453 306 
727 1089 
1570 1884 
454 481 
1062 1107 
1496 1121 
455 925 
1173 227 
1647 464 
700 803 
633 1124 
1590 518 
739 966 
1309 1341 
1635 26 
495 1184 
1538 1883 
237 1501 
23 70 
80 914 
1043 1321 
899 909 
923 1150 
1190 1238 
1729 991 
1749 63 
222 1699 
1698 702 
848 20 
62 131 
1149 55 
873 1227 
844 1817 
1823 462 
674 172 
320 1317 
1968 1826 
277 1967 
117 359 
400 837 
927 1147 
1297 1877 
963 1238 
1459 1810 
1220 1429 
294 119 
782 892 
1612 12 
1053 1203 
1856 1390 
1630 99 
821 982 
1823 835 
1799 7 
911 1084 
1148 308 
744 49 
152 429 
879 213 
181 721 
1399 1780 
1823 1338 
134 658 
1696 712 
718 1376 
198 993 
448 1018 
1185 1567 
189 445 
989 306 
321 388 
809 898 
1042 1374 
684 252 
1071 1506 
1564 1670 
1314 1364 
1763 532 
1054 11 
131 55 
512 857 
1062 122 
787 1099 
1179 24 
1962 129 
578 1324 
296 579 
1500 1572 
363 987 
1024 1535 
1803 1697 
1790 424 
617 1507 
316 554 
643 1540 
29 1363 
112 1833 
535 127 
691 705 
1114 1200 
1765 1484 
78 245 
986 390 
1810 590 
924 1068 
234 252 
971 868 
935 1738 
1930 485 
1232 1436 
180 349 
1045 1448 
1757 696 
967 1552 
597 1439 
1501 18 
1283 1941 
1967 77 
596 1147 
291 554 
611 1400 
122 277 
1360 1962 
272 560 
285 1112 
1929 132 
1562 1971 
969 1115 
328 1034 
1395 1860 
64 1001 
1727 1788 
9 1328 
772 1080 
441 673 
1990 55 
231 557 
828 923 
1505 337 
794 802 
904 1086 
373 475 
489 572 
1021 1217 
1780 195 
1547 1628 
1972 592 
1180 1749 
1804 23 
195 339 
599 1253 
1368 1424 
1968 890 
1058 1662 
1200 1959 
1968 904 
517 1312 
1619 1856 
1983 249 
1304 165 
1208 1533 
1720 33 
88 480 
1028 1031 
1257 1443 
615 719 
962 1286 
1331 320 
512 662 
1199 1510 
1748 637 
1233 1790 
408 1197 
1406 1978 
1829 316 
806 844 
1448 1079 
606 608 
1533 1551 
3 489 
628 1648 
1712 1760 
257 988 
1158 616 
753 792 
458 648 
784 1918 
934 952 
1262 777 
1007 1242 
522 620 
1077 1407 
1990 133 
1627 1704 
1988 919 
1098 1124 
1019 1053 
539 1440 
45 659 
922 1479 
125 164 
191 187 
596 962 
1704 1719 
1727 372 
1170 1194 
1855 411 
1072 1076 
1180 1544 
1552 1589 
1708 1876 
1461 99 
1054 1806 
473 1392 
698 579 
1361 1753 
1232 1312 
1575 1933 
154 1062 
119 163 
338 919 
1246 1254 
10 948 
274 1156 
877 923 
354 496 
908 1996 
177 410 
947 378 
1028 332 
960 1104 
1207 1347 
1888 673 
1036 1589 
1950 368 
808 1960 
73 197 
554 1130 
1214 1414 
1876 376 
1423 1944 
757 1402 
127 160 
204 709 
1042 1504 
407 1928 
245 522 
623 1350 
1443 113 
327 1252 
1380 1824 
247 522 
955 978 
1248 1536 
1601 1716 
1797 945 
1611 768 
1115 1191 
709 928 
979 1652 
1779 1431 
647 1108 
1563 281 
841 1441 
2000 652 
1515 1533 
1442 309 
395 573 
19 1318 
62 307 
9 92 
214 489 
1310 1995 
333 860 
1316 1890 
505 684 
612 1448 
394 1138 
1425 1638 
207 1826 
1849 170 
626 1711 
1914 485 
769 1160 
1181 1543 
122 998 
1355 1366 
202 542 
565 636 
793 1196 
1640 559 
1239 1527 
827 927 
1692 1684 
1934 68 
876 1503 
260 776 
99 1097 
1383 79 
588 1669 
1845 582 
877 1119 
1872 1096 
1338 392 
636 1147 
1623 1236 
1329 84 
126 596 
608 688 
1009 1201 
837 1017 
1180 1540 
591 799 
1047 354 
532 698 
1232 1473 
1500 1602 
1913 59 
307 1675 
688 912 
1296 116 
651 983 
1594 776 
1181 212 
569 555 
116 493 
865 1248 
1405 104 
292 299 
602 1199 
1089 1305 
1900 286 
828 1390 
1877 1993 
4 997 
1959 69 
128 781 
1111 1444 
207 484 
812 1813 
560 614 
972 1618 
86 288 
796 874 
646 732 
1188 201 
888 1635 
640 857 
1853 331 
1775 1953 
316 1389 
1763 32 
181 924 
186 534 
1317 523 
1426 1835 
828 929 
1884 520 
960 1017 
1143 508 
1318 1459 
1001 1521 
1995 1537 
1530 379 
565 879 
1568 254 
409 696 
1208 1622 
1769 21 
35 647 
655 952 
475 1457 
2 396 
565 1850 
128 558 
948 1370 
1653 1003 
416 559 
850 1398 
1578 1230 
1965 1111 
1846 20 
132 268 
636 844 
887 1381 
440 640 
1528 1255 
1929 437 
936 1075 
1475 1599 
1606 1978 
717 1160 
1216 1621 
350 1037 
1795 1915 
1987 57 
319 436 
1848 607 
758 804 
1269 1325 
1745 1773 
4 1178 
1673 1292 
618 828 
1949 1985 
691 1709 
1769 1969 
753 1425 
1707 1792 
1795 286 
663 938 
1967 130 
544 1039 
1223 1776 
935 1400 
1789 457 
677 1129 
1264 81 
533 1975 
422 1974 
598 916 
188 1658 
412 681 
717 1042 
1280 1805 
1956 1128 
1374 138 
675 1034 
710 927 
1995 1797 
610 1965 
634 754 
128 276 
1959 983 
1034 1157 
1817 10 
671 1783 
1816 398 
1263 189 
397 490 
1665 1235 
1292 1914 
462 1453 
1465 1871 
1937 1982 
209 312 
1841 855 
1031 959 
1223 1228 
922 1401 
1583 1606 
770 786 
1389 1863 
