1 1 
1 1 
1 2 
2 3 
3 3 
4 4 
4 4 
5 5 
5 7 
7 7 
8 8 
9 9 
9 10 
10 12 
12 12 
13 13 
13 13 
13 14 
14 14 
14 14 
14 14 
14 14 
15 15 
15 16 
16 17 
17 18 
18 18 
19 19 
19 19 
19 20 
20 21 
21 21 
22 22 
22 22 
22 23 
23 23 
23 23 
24 24 
24 24 
24 24 
25 25 
25 25 
25 26 
26 26 
27 27 
27 27 
28 28 
29 29 
30 30 
30 30 
31 31 
31 31 
31 31 
32 32 
33 33 
34 34 
34 35 
35 35 
35 36 
37 37 
37 38 
38 39 
39 40 
42 42 
42 42 
44 44 
45 45 
45 46 
46 46 
47 47 
47 47 
47 48 
48 48 
49 50 
50 51 
51 51 
51 52 
52 53 
54 54 
54 55 
55 55 
55 55 
56 56 
56 58 
58 58 
59 59 
59 60 
60 60 
60 61 
61 61 
61 62 
62 62 
63 63 
64 64 
64 64 
66 67 
67 67 
68 69 
69 69 
69 70 
70 70 
70 71 
71 71 
72 72 
73 73 
74 74 
74 74 
75 75 
75 75 
75 76 
76 76 
76 76 
76 77 
77 77 
78 80 
80 81 
81 81 
81 81 
81 82 
83 84 
84 84 
85 85 
86 86 
87 87 
87 88 
88 88 
88 90 
90 90 
90 91 
91 91 
92 92 
93 93 
93 94 
95 96 
96 97 
97 97 
98 98 
98 99 
99 99 
100 100 
100 100 
102 102 
102 102 
102 102 
102 103 
103 104 
104 105 
105 106 
106 106 
106 107 
107 108 
108 108 
108 108 
109 109 
110 110 
110 111 
111 111 
111 111 
112 112 
112 113 
113 113 
114 114 
114 115 
115 115 
116 116 
117 117 
118 118 
119 119 
119 120 
120 120 
120 120 
121 121 
121 122 
122 123 
123 123 
123 123 
123 124 
124 125 
125 125 
125 125 
125 125 
125 126 
126 126 
126 126 
127 127 
127 128 
128 128 
129 129 
130 131 
131 131 
131 132 
132 132 
132 132 
133 133 
133 134 
134 134 
134 135 
135 136 
136 136 
136 137 
137 137 
138 138 
138 138 
139 140 
140 140 
140 140 
141 141 
141 141 
141 142 
142 142 
142 142 
143 143 
144 144 
145 146 
146 146 
147 147 
148 148 
148 148 
148 150 
150 151 
151 151 
152 152 
152 152 
153 153 
154 155 
156 156 
156 156 
157 157 
158 158 
159 160 
161 161 
161 161 
163 163 
164 164 
164 165 
165 165 
166 166 
166 166 
167 167 
167 167 
168 169 
169 170 
170 171 
171 172 
172 173 
173 173 
173 173 
173 175 
175 175 
175 175 
176 176 
176 176 
176 177 
178 178 
179 179 
180 180 
180 180 
181 181 
181 182 
182 182 
183 183 
183 183 
184 184 
184 184 
185 185 
185 185 
186 186 
187 188 
188 189 
189 189 
189 189 
190 190 
191 192 
192 192 
193 193 
193 193 
194 194 
194 195 
195 195 
195 196 
196 196 
196 197 
197 198 
199 199 
199 199 
200 201 
202 202 
202 202 
202 202 
203 203 
204 205 
205 205 
206 206 
206 206 
206 207 
207 207 
207 207 
208 208 
208 209 
209 210 
210 210 
210 210 
210 211 
211 211 
212 213 
213 215 
216 216 
216 216 
216 217 
217 217 
218 218 
218 218 
218 218 
219 219 
219 219 
220 221 
221 222 
222 222 
222 222 
222 223 
224 224 
224 225 
225 226 
226 226 
226 227 
227 228 
228 228 
229 229 
229 229 
229 229 
230 230 
231 231 
231 232 
232 232 
232 232 
233 233 
233 233 
234 234 
234 235 
235 235 
235 235 
236 236 
236 236 
236 236 
237 237 
238 238 
238 239 
239 239 
239 240 
240 240 
240 241 
241 241 
241 242 
242 243 
243 243 
244 244 
244 244 
244 245 
245 245 
245 246 
247 248 
248 249 
249 250 
250 251 
253 253 
253 253 
253 254 
255 256 
257 257 
258 258 
258 258 
258 258 
259 259 
259 260 
260 260 
260 260 
260 261 
261 262 
262 262 
262 262 
262 262 
262 262 
262 262 
262 263 
263 263 
264 264 
265 265 
265 265 
265 266 
266 267 
267 267 
267 267 
267 268 
269 269 
269 270 
270 270 
270 271 
271 271 
271 271 
272 272 
272 272 
273 273 
273 274 
274 274 
274 275 
276 276 
276 277 
278 278 
278 278 
279 279 
280 280 
280 280 
280 281 
281 281 
282 282 
282 282 
283 283 
284 285 
285 285 
285 285 
286 287 
288 288 
288 288 
289 290 
290 290 
291 291 
291 291 
292 293 
293 293 
293 293 
293 294 
294 295 
295 295 
296 296 
296 296 
296 296 
296 297 
297 297 
297 298 
298 298 
298 299 
300 300 
300 301 
301 302 
302 302 
302 302 
303 303 
304 304 
305 305 
305 307 
307 307 
308 308 
309 309 
309 309 
309 309 
309 309 
311 311 
311 311 
311 312 
312 313 
314 314 
314 314 
314 314 
314 314 
314 315 
315 315 
315 315 
316 317 
317 317 
318 318 
319 319 
319 320 
320 321 
321 322 
322 323 
323 324 
324 324 
324 324 
325 325 
325 326 
326 328 
328 328 
329 330 
330 330 
331 331 
331 331 
331 331 
332 332 
332 333 
333 333 
335 335 
336 336 
337 337 
337 337 
338 338 
338 339 
339 340 
340 340 
340 340 
340 341 
341 341 
342 342 
342 343 
343 343 
344 344 
344 346 
346 346 
347 347 
347 348 
348 348 
348 349 
349 350 
350 350 
350 350 
350 351 
351 351 
351 352 
352 353 
353 353 
354 354 
355 356 
356 356 
357 358 
358 358 
358 358 
359 360 
360 360 
360 361 
361 361 
362 362 
363 363 
363 363 
363 364 
365 365 
366 366 
366 367 
368 368 
368 369 
369 369 
370 370 
370 371 
371 371 
371 372 
372 373 
373 373 
373 373 
373 374 
375 375 
375 375 
376 376 
376 376 
377 377 
378 381 
381 381 
382 382 
382 383 
383 383 
383 383 
383 384 
384 385 
385 386 
387 387 
387 387 
387 387 
387 388 
388 388 
389 389 
390 390 
391 391 
392 392 
393 393 
393 394 
394 395 
395 396 
397 398 
398 398 
399 399 
399 400 
400 401 
401 402 
403 403 
403 403 
404 404 
404 404 
405 405 
405 405 
405 405 
405 406 
406 406 
406 407 
407 407 
407 408 
408 410 
410 410 
410 410 
411 411 
411 411 
411 412 
413 413 
413 414 
414 414 
414 415 
415 415 
415 415 
415 416 
417 417 
417 417 
417 417 
419 419 
419 420 
421 421 
422 422 
424 424 
424 424 
425 425 
425 425 
425 426 
426 426 
426 426 
427 427 
429 430 
430 430 
430 431 
431 431 
431 431 
432 432 
433 433 
433 433 
433 433 
434 434 
434 435 
435 435 
435 436 
436 437 
437 437 
437 437 
438 439 
439 439 
440 440 
441 441 
441 441 
441 442 
442 442 
443 443 
444 444 
444 445 
445 445 
446 446 
446 446 
446 446 
447 448 
448 448 
449 449 
450 450 
450 451 
451 451 
452 452 
452 453 
453 453 
453 453 
454 455 
455 455 
456 456 
456 456 
456 457 
457 457 
457 457 
458 458 
458 458 
458 458 
459 459 
461 461 
461 462 
462 462 
463 463 
463 463 
463 464 
464 465 
465 465 
466 466 
466 468 
468 468 
468 468 
469 470 
470 471 
471 471 
472 472 
472 472 
473 473 
473 474 
474 474 
474 474 
474 474 
474 475 
475 476 
477 477 
478 478 
478 478 
478 479 
479 480 
480 480 
480 481 
481 481 
482 482 
482 482 
483 483 
483 483 
483 484 
484 484 
484 485 
485 485 
487 487 
487 489 
489 489 
490 490 
490 491 
491 491 
492 492 
492 492 
493 493 
493 494 
494 494 
494 494 
495 495 
495 495 
495 495 
496 496 
496 496 
496 497 
497 497 
498 498 
498 498 
499 499 
499 500 
500 500 
501 501 
501 501 
502 502 
502 503 
503 503 
504 504 
504 504 
504 504 
506 506 
506 506 
507 507 
508 508 
508 509 
509 509 
511 511 
511 511 
512 512 
512 512 
513 513 
513 513 
513 514 
514 514 
514 514 
514 515 
515 515 
516 516 
516 517 
517 517 
517 518 
518 518 
518 519 
520 520 
520 520 
521 521 
524 524 
524 526 
526 526 
526 527 
527 527 
527 528 
528 529 
530 530 
530 531 
531 531 
531 531 
531 531 
532 532 
532 533 
533 533 
534 534 
534 534 
534 535 
535 535 
535 535 
536 536 
536 536 
536 537 
537 537 
539 539 
540 540 
540 541 
541 541 
542 543 
543 543 
544 544 
545 545 
546 546 
546 547 
547 549 
549 550 
550 551 
551 551 
551 551 
552 552 
553 553 
553 554 
554 555 
555 555 
555 556 
556 556 
556 556 
557 557 
557 557 
558 559 
559 559 
560 560 
560 560 
561 561 
561 561 
562 562 
562 563 
563 563 
563 563 
563 565 
565 565 
565 565 
565 565 
566 567 
567 567 
567 568 
568 568 
569 569 
570 570 
570 570 
571 571 
571 571 
572 572 
572 572 
573 573 
573 574 
574 574 
574 574 
574 575 
575 576 
577 577 
578 578 
578 578 
578 578 
579 579 
579 580 
580 580 
580 581 
581 581 
581 582 
582 582 
582 583 
583 584 
584 584 
585 586 
586 587 
587 587 
588 588 
588 588 
588 588 
589 589 
589 589 
589 589 
589 590 
590 590 
590 592 
592 592 
593 593 
593 594 
594 594 
595 595 
595 595 
596 596 
596 597 
597 598 
598 598 
598 599 
599 599 
600 600 
600 600 
601 601 
601 601 
601 603 
603 603 
604 604 
606 607 
608 608 
609 609 
609 609 
609 610 
610 611 
611 611 
611 611 
612 612 
612 612 
613 613 
614 614 
614 614 
615 615 
616 616 
616 617 
617 617 
617 617 
618 618 
618 619 
619 619 
619 620 
620 621 
622 622 
623 623 
624 624 
625 625 
625 626 
626 626 
626 627 
627 627 
627 628 
628 628 
628 628 
628 628 
628 629 
629 629 
629 629 
629 630 
630 630 
631 631 
631 632 
632 632 
633 633 
633 633 
634 634 
634 634 
634 634 
635 635 
635 635 
635 636 
636 636 
637 637 
637 637 
637 637 
638 639 
640 641 
641 642 
642 642 
642 642 
643 643 
643 643 
643 643 
644 644 
644 645 
645 645 
646 646 
646 647 
647 647 
648 649 
649 649 
649 649 
649 650 
650 650 
650 651 
652 652 
653 653 
653 653 
653 653 
654 654 
655 655 
655 655 
657 658 
658 658 
658 659 
659 659 
659 659 
660 660 
660 660 
663 663 
664 664 
665 665 
666 666 
667 667 
667 668 
668 668 
668 669 
670 672 
672 672 
672 673 
673 673 
673 673 
674 674 
674 674 
675 675 
675 677 
677 677 
677 678 
678 679 
679 680 
680 681 
683 683 
683 683 
684 684 
684 685 
685 685 
686 686 
688 688 
689 689 
689 689 
689 689 
690 690 
691 691 
692 693 
693 694 
695 695 
695 695 
696 696 
697 697 
697 698 
698 698 
699 699 
699 700 
701 701 
701 701 
701 701 
701 702 
702 702 
703 704 
704 705 
705 705 
705 706 
706 707 
708 708 
708 708 
708 709 
709 710 
710 711 
711 712 
712 712 
712 713 
713 713 
713 713 
714 714 
714 714 
714 716 
717 717 
717 717 
718 718 
718 719 
719 719 
719 720 
720 720 
721 721 
722 722 
722 723 
723 724 
724 724 
724 724 
724 725 
725 725 
725 725 
725 726 
727 727 
727 727 
728 729 
729 729 
730 730 
730 730 
730 731 
731 732 
732 732 
732 733 
734 734 
734 735 
735 735 
736 736 
737 737 
737 737 
737 737 
737 737 
738 738 
738 738 
738 739 
739 739 
739 740 
740 740 
740 740 
741 742 
742 743 
743 743 
744 744 
744 744 
745 745 
745 745 
745 745 
747 748 
749 750 
751 751 
751 751 
751 751 
752 752 
752 752 
753 753 
753 753 
754 754 
754 754 
755 755 
755 756 
756 757 
757 758 
758 758 
758 758 
758 759 
759 759 
759 760 
761 761 
761 762 
762 762 
763 764 
765 765 
765 765 
766 766 
766 766 
767 767 
767 767 
768 768 
768 768 
768 769 
769 769 
769 770 
770 770 
770 771 
771 772 
772 773 
774 774 
774 774 
775 775 
775 775 
775 776 
777 777 
779 780 
780 781 
781 782 
782 782 
782 783 
783 784 
784 784 
784 784 
784 785 
786 786 
786 786 
787 787 
788 789 
789 790 
791 791 
791 792 
792 793 
793 793 
793 794 
794 794 
795 796 
796 797 
797 798 
798 799 
799 799 
799 799 
800 800 
800 801 
801 801 
802 803 
803 804 
804 804 
804 804 
804 804 
805 805 
805 806 
806 806 
807 807 
808 809 
809 809 
809 809 
810 810 
810 810 
810 810 
811 811 
813 813 
813 813 
814 815 
816 817 
817 818 
818 818 
819 819 
819 819 
820 822 
822 822 
823 823 
823 824 
824 824 
825 826 
826 827 
827 827 
827 829 
829 829 
830 830 
830 830 
831 832 
833 833 
834 834 
834 835 
835 836 
836 836 
836 836 
836 836 
836 837 
837 837 
838 839 
839 840 
840 840 
840 840 
841 841 
841 841 
842 842 
842 842 
842 843 
843 843 
843 844 
844 844 
844 844 
845 845 
845 845 
845 846 
846 846 
847 847 
848 848 
848 848 
848 849 
849 850 
850 850 
850 850 
851 851 
852 852 
852 852 
853 853 
854 854 
854 854 
855 855 
855 855 
855 857 
857 857 
858 861 
862 862 
862 863 
863 863 
863 863 
864 864 
865 865 
866 866 
866 867 
867 867 
867 868 
868 868 
868 869 
869 869 
869 869 
869 870 
870 871 
871 872 
872 872 
873 873 
874 874 
875 876 
876 876 
877 878 
878 878 
878 878 
879 880 
880 880 
880 880 
881 881 
882 882 
882 883 
883 884 
884 884 
884 884 
884 884 
884 885 
885 886 
886 886 
886 887 
887 888 
889 889 
889 889 
890 891 
891 891 
891 892 
892 892 
893 893 
893 893 
894 894 
894 894 
895 895 
895 895 
896 896 
896 897 
897 899 
899 899 
900 900 
900 900 
900 901 
901 901 
902 902 
903 903 
903 903 
904 904 
904 904 
905 905 
905 906 
906 906 
906 906 
907 907 
907 907 
908 909 
910 910 
910 910 
910 911 
911 911 
912 912 
913 913 
913 913 
914 914 
915 916 
916 917 
917 918 
918 919 
919 919 
919 919 
919 919 
920 920 
920 921 
921 921 
921 921 
922 923 
924 924 
924 925 
925 926 
926 926 
927 927 
927 927 
928 928 
928 929 
929 930 
930 930 
931 931 
932 932 
932 932 
932 933 
933 934 
934 934 
935 936 
936 937 
937 937 
937 937 
938 938 
938 938 
938 939 
940 940 
940 941 
941 942 
942 942 
942 942 
943 944 
944 945 
945 945 
946 946 
946 947 
947 947 
947 948 
948 948 
948 950 
950 950 
950 951 
951 951 
951 951 
951 952 
952 953 
953 954 
955 955 
955 956 
956 956 
957 957 
957 957 
958 958 
959 959 
959 959 
959 960 
960 961 
961 961 
962 962 
962 962 
962 963 
964 964 
964 964 
964 965 
966 966 
966 966 
966 966 
967 967 
967 967 
968 968 
968 968 
968 969 
969 969 
970 971 
971 972 
972 972 
972 972 
974 975 
975 976 
976 977 
978 979 
981 981 
982 983 
983 983 
983 985 
985 985 
986 986 
986 987 
987 987 
987 987 
988 988 
988 988 
988 988 
989 989 
989 990 
990 991 
991 991 
992 992 
992 992 
993 993 
994 995 
995 996 
997 997 
997 997 
997 998 
998 999 
999 999 
999 999 
999 1000 
1001 1001 
1001 1001 
1001 1002 
1002 1002 
1002 1002 
1002 1003 
1003 1003 
1003 1004 
1004 1004 
1005 1005 
1006 1006 
1007 1007 
1007 1007 
1008 1009 
1010 1010 
1012 1012 
1012 1012 
1012 1012 
1012 1012 
1012 1013 
1013 1013 
1014 1014 
1015 1015 
1016 1017 
1017 1017 
1017 1017 
1019 1019 
1019 1019 
1020 1020 
1020 1020 
1021 1021 
1021 1023 
1023 1023 
1023 1024 
1025 1025 
1025 1025 
1026 1027 
1027 1027 
1027 1028 
1029 1029 
1029 1029 
1029 1029 
1029 1031 
1031 1031 
1031 1031 
1032 1033 
1033 1033 
1034 1034 
1035 1035 
1036 1036 
1036 1036 
1036 1036 
1037 1037 
1038 1038 
1038 1038 
1038 1038 
1040 1040 
1040 1040 
1040 1040 
1041 1041 
1041 1041 
1042 1042 
1042 1042 
1043 1043 
1043 1044 
1044 1045 
1045 1045 
1045 1046 
1047 1047 
1047 1048 
1048 1048 
1048 1048 
1048 1049 
1049 1049 
1049 1050 
1050 1050 
1051 1051 
1052 1052 
1052 1052 
1052 1053 
1053 1053 
1054 1055 
1055 1055 
1055 1055 
1057 1057 
1057 1058 
1058 1058 
1059 1059 
1059 1059 
1059 1060 
1060 1060 
1060 1060 
1060 1060 
1060 1062 
1062 1062 
1063 1063 
1063 1064 
1064 1065 
1066 1067 
1067 1068 
1068 1069 
1069 1070 
1070 1070 
1070 1071 
1071 1072 
1072 1072 
1073 1073 
1073 1074 
1074 1074 
1075 1076 
1076 1076 
1077 1077 
1077 1078 
1079 1079 
1079 1081 
1081 1081 
1081 1082 
1082 1082 
1083 1083 
1083 1084 
1084 1085 
1085 1085 
1086 1086 
1086 1087 
1087 1088 
1088 1089 
1089 1089 
1090 1091 
1091 1091 
1091 1091 
1092 1092 
1092 1093 
1093 1094 
1094 1094 
1094 1094 
1095 1095 
1096 1097 
1097 1097 
1098 1099 
1099 1099 
1099 1099 
1099 1100 
1100 1101 
1101 1102 
1102 1102 
1102 1103 
1103 1103 
1103 1104 
1104 1104 
1104 1105 
1105 1105 
1106 1106 
1106 1106 
1108 1109 
1109 1109 
1109 1110 
1110 1110 
1110 1110 
1111 1112 
1112 1112 
1113 1113 
1113 1114 
1114 1115 
1115 1116 
1116 1116 
1116 1117 
1117 1117 
1118 1119 
1119 1119 
1119 1119 
1119 1120 
1120 1121 
1121 1121 
1121 1121 
1123 1123 
1123 1123 
1124 1124 
1125 1125 
1125 1125 
1127 1127 
1127 1127 
1127 1127 
1128 1128 
1128 1128 
1128 1128 
1129 1129 
1130 1131 
1132 1133 
1133 1133 
1133 1134 
1134 1134 
1135 1135 
1136 1136 
1136 1136 
1137 1137 
1137 1137 
1137 1138 
1138 1138 
1138 1139 
1139 1139 
1139 1139 
1140 1140 
1140 1140 
1141 1141 
1141 1141 
1142 1142 
1142 1142 
1142 1142 
1143 1143 
1143 1144 
1144 1145 
1145 1145 
1146 1146 
1146 1147 
1148 1148 
1148 1148 
1149 1149 
1149 1149 
1149 1149 
1150 1150 
1150 1151 
1151 1152 
1152 1153 
1153 1153 
1153 1154 
1154 1154 
1155 1155 
1156 1156 
1157 1157 
1157 1157 
1157 1158 
1158 1159 
1159 1160 
1160 1160 
1161 1162 
1162 1162 
1163 1163 
1163 1163 
1164 1165 
1166 1166 
1166 1167 
1167 1168 
1168 1168 
1169 1170 
1170 1170 
1170 1171 
1171 1171 
1171 1171 
1172 1172 
1172 1172 
1173 1173 
1173 1173 
1173 1174 
1174 1174 
1175 1175 
1175 1176 
1176 1176 
1176 1177 
1177 1177 
1177 1177 
1178 1178 
1178 1178 
1178 1178 
1179 1179 
1180 1181 
1181 1181 
1181 1182 
1182 1182 
1182 1183 
1183 1184 
1184 1184 
1185 1185 
1185 1185 
1185 1186 
1186 1186 
1186 1186 
1186 1186 
1186 1187 
1187 1188 
1189 1189 
1190 1190 
1190 1190 
1191 1191 
1192 1192 
1192 1192 
1193 1193 
1193 1194 
1194 1195 
1195 1195 
1196 1196 
1197 1197 
1197 1197 
1198 1198 
1198 1198 
1200 1200 
1200 1201 
1201 1202 
1202 1203 
1203 1203 
1203 1203 
1204 1204 
1204 1204 
1204 1205 
1205 1205 
1205 1206 
1206 1206 
1206 1207 
1208 1208 
1208 1208 
1208 1208 
1209 1209 
1209 1209 
1209 1210 
1210 1210 
1210 1210 
1211 1211 
1211 1211 
1211 1212 
1212 1212 
1213 1213 
1213 1214 
1214 1214 
1215 1216 
1217 1217 
1218 1218 
1218 1218 
1218 1219 
1219 1219 
1220 1220 
1220 1220 
1220 1220 
1221 1221 
1221 1222 
1223 1224 
1224 1224 
1224 1224 
1224 1225 
1225 1226 
1226 1226 
1226 1226 
1227 1227 
1227 1227 
1228 1228 
1228 1228 
1228 1228 
1229 1229 
1230 1230 
1230 1230 
1230 1230 
1231 1231 
1231 1231 
1232 1233 
1233 1233 
1233 1234 
1234 1234 
1234 1235 
1236 1236 
1236 1236 
1237 1237 
1237 1237 
1239 1239 
1240 1240 
1241 1241 
1241 1241 
1242 1242 
1243 1243 
1245 1245 
1245 1246 
1246 1246 
1246 1247 
1247 1248 
1248 1248 
1249 1249 
1249 1249 
1250 1250 
1250 1250 
1250 1251 
1251 1251 
1252 1252 
1253 1254 
1254 1254 
1254 1254 
1255 1255 
1255 1255 
1255 1255 
1256 1256 
1256 1256 
1257 1257 
1258 1258 
1259 1259 
1259 1259 
1259 1259 
1260 1260 
1261 1261 
1262 1262 
1262 1262 
1262 1262 
1262 1263 
1263 1263 
1263 1265 
1265 1265 
1265 1265 
1265 1265 
1266 1267 
1267 1267 
1268 1268 
1269 1269 
1269 1269 
1269 1269 
1269 1270 
1270 1270 
1272 1272 
1272 1273 
1273 1273 
1274 1274 
1274 1274 
1275 1276 
1276 1277 
1277 1277 
1278 1279 
1279 1279 
1280 1280 
1281 1281 
1281 1281 
1281 1281 
1282 1282 
1283 1283 
1283 1283 
1284 1284 
1285 1285 
1285 1285 
1285 1286 
1286 1286 
1286 1287 
1287 1288 
1288 1289 
1289 1290 
1291 1292 
1292 1292 
1292 1293 
1294 1294 
1295 1296 
1297 1297 
1297 1297 
1297 1298 
1298 1298 
1299 1299 
1299 1300 
1300 1300 
1301 1303 
1303 1304 
1304 1305 
1305 1306 
1306 1306 
1307 1307 
1307 1307 
1307 1307 
1308 1308 
1308 1309 
1309 1310 
1310 1312 
1312 1312 
1312 1312 
1313 1313 
1313 1314 
1314 1314 
1315 1315 
1315 1316 
1316 1316 
1316 1316 
1317 1317 
1317 1317 
1317 1317 
1318 1318 
1318 1318 
1318 1319 
1319 1319 
1320 1320 
1320 1320 
1320 1320 
1321 1321 
1321 1322 
1322 1323 
1323 1323 
1323 1326 
1326 1327 
1327 1327 
1327 1327 
1327 1327 
1328 1328 
1329 1329 
1329 1330 
1330 1331 
1331 1331 
1331 1331 
1331 1331 
1332 1332 
1332 1332 
1332 1333 
1333 1334 
1335 1336 
1336 1336 
1336 1337 
1337 1337 
1337 1338 
1338 1338 
1338 1339 
1339 1339 
1339 1340 
1340 1340 
1340 1342 
1342 1343 
1343 1343 
1344 1344 
1344 1344 
1344 1345 
1345 1345 
1345 1346 
1347 1347 
1347 1347 
1347 1348 
1349 1349 
1350 1350 
1350 1351 
1351 1351 
1351 1352 
1352 1354 
1355 1355 
1355 1356 
1357 1357 
1358 1358 
1358 1359 
1359 1359 
1360 1360 
1360 1360 
1361 1361 
1361 1361 
1361 1362 
1362 1362 
1363 1363 
1364 1365 
1365 1365 
1366 1366 
1366 1367 
1367 1367 
1367 1368 
1368 1368 
1369 1369 
1369 1369 
1369 1370 
1371 1371 
1371 1371 
1371 1372 
1372 1372 
1372 1372 
1372 1373 
1374 1374 
1375 1375 
1375 1375 
1376 1376 
1377 1377 
1378 1378 
1379 1379 
1379 1379 
1379 1380 
1380 1380 
1381 1381 
1381 1382 
1382 1382 
1382 1382 
1382 1383 
1383 1383 
1383 1384 
1384 1384 
1384 1385 
1385 1386 
1386 1386 
1386 1386 
1387 1387 
1387 1387 
1388 1388 
1390 1390 
1390 1391 
1392 1392 
1392 1392 
1392 1392 
1393 1393 
1393 1394 
1394 1395 
1396 1396 
1397 1397 
1398 1398 
1398 1399 
1399 1399 
1399 1400 
1400 1400 
1400 1401 
1401 1402 
1402 1402 
1402 1403 
1403 1403 
1404 1404 
1404 1404 
1405 1405 
1405 1405 
1406 1406 
1406 1406 
1407 1407 
1407 1408 
1408 1408 
1408 1409 
1409 1410 
1411 1412 
1412 1412 
1413 1413 
1414 1415 
1415 1415 
1415 1415 
1416 1417 
1418 1418 
1418 1418 
1419 1420 
1420 1421 
1421 1421 
1421 1421 
1422 1422 
1423 1423 
1423 1423 
1424 1425 
1426 1426 
1426 1427 
1427 1428 
1428 1428 
1429 1429 
1429 1430 
1430 1431 
1431 1431 
1431 1431 
1431 1431 
1431 1432 
1432 1433 
1434 1434 
1434 1434 
1435 1435 
1436 1436 
1436 1436 
1436 1437 
1437 1437 
1437 1437 
1437 1438 
1439 1439 
1439 1440 
1440 1440 
1441 1441 
1441 1441 
1441 1441 
1441 1441 
1441 1442 
1442 1442 
1442 1443 
1443 1443 
1443 1443 
1443 1444 
1444 1444 
1444 1444 
1445 1446 
1447 1447 
1447 1448 
1448 1448 
1448 1449 
1449 1450 
1450 1450 
1450 1450 
1450 1451 
1451 1451 
1451 1451 
1451 1451 
1451 1451 
1452 1452 
1452 1453 
1453 1453 
1454 1454 
1454 1454 
1454 1455 
1455 1455 
1458 1458 
1458 1459 
1459 1459 
1460 1460 
1460 1460 
1460 1461 
1461 1461 
1461 1461 
1461 1461 
1461 1461 
1462 1462 
1462 1462 
1463 1463 
1463 1463 
1464 1464 
1465 1465 
1466 1466 
1466 1466 
1467 1468 
1468 1468 
1469 1469 
1469 1469 
1470 1470 
1471 1471 
1471 1471 
1471 1472 
1472 1473 
1473 1474 
1474 1474 
1475 1475 
1475 1478 
1478 1478 
1478 1478 
1479 1479 
1479 1480 
1480 1480 
1480 1482 
1482 1482 
1482 1483 
1484 1484 
1485 1485 
1487 1487 
1487 1488 
1488 1490 
1490 1490 
1491 1491 
1491 1491 
1492 1492 
1492 1493 
1494 1494 
1494 1494 
1495 1495 
1495 1496 
1496 1497 
1497 1497 
1498 1498 
1498 1499 
1499 1500 
1500 1500 
1500 1501 
1501 1502 
1502 1503 
1503 1505 
1505 1505 
1506 1506 
1507 1507 
1508 1508 
1508 1508 
1508 1508 
1508 1509 
1509 1509 
1509 1509 
1509 1509 
1510 1510 
1511 1511 
1511 1512 
1513 1513 
1514 1514 
1515 1515 
1515 1517 
1517 1517 
1517 1517 
1518 1518 
1518 1519 
1521 1521 
1521 1521 
1522 1522 
1522 1522 
1522 1522 
1522 1524 
1524 1524 
1524 1524 
1525 1525 
1525 1526 
1527 1528 
1528 1528 
1529 1529 
1529 1529 
1530 1531 
1531 1531 
1532 1532 
1532 1532 
1533 1533 
1533 1533 
1534 1536 
1536 1536 
1537 1537 
1537 1537 
1537 1537 
1537 1538 
1539 1539 
1541 1541 
1541 1542 
1542 1542 
1542 1542 
1542 1543 
1543 1544 
1544 1545 
1545 1545 
1546 1547 
1547 1548 
1548 1548 
1549 1549 
1549 1549 
1550 1550 
1551 1552 
1553 1553 
1555 1555 
1555 1556 
1556 1556 
1557 1557 
1557 1557 
1558 1558 
1558 1558 
1558 1559 
1560 1560 
1561 1561 
1561 1562 
1562 1562 
1562 1562 
1563 1563 
1563 1563 
1564 1564 
1565 1565 
1565 1565 
1565 1566 
1567 1568 
1568 1569 
1569 1570 
1570 1571 
1571 1571 
1571 1571 
1572 1573 
1573 1574 
1574 1574 
1574 1575 
1577 1577 
1577 1577 
1578 1578 
1578 1578 
1579 1579 
1579 1579 
1579 1579 
1580 1580 
1580 1580 
1581 1581 
1581 1583 
1584 1584 
1585 1585 
1585 1586 
1586 1586 
1586 1586 
1586 1586 
1586 1587 
1587 1587 
1587 1587 
1588 1588 
1588 1589 
1589 1590 
1590 1591 
1591 1591 
1591 1592 
1593 1593 
1593 1594 
1594 1594 
1595 1595 
1595 1595 
1596 1597 
1598 1598 
1599 1599 
1600 1600 
1600 1600 
1601 1601 
1602 1602 
1602 1602 
1603 1603 
1603 1604 
1604 1604 
1604 1604 
1604 1604 
1605 1605 
1605 1605 
1606 1606 
1606 1606 
1607 1607 
1607 1607 
1607 1608 
1608 1610 
1610 1610 
1610 1611 
1612 1612 
1612 1612 
1613 1613 
1613 1613 
1614 1614 
1614 1614 
1615 1615 
1615 1616 
1616 1616 
1616 1617 
1617 1617 
1617 1617 
1618 1618 
1619 1619 
1620 1620 
1620 1620 
1620 1620 
1620 1621 
1622 1623 
1623 1624 
1624 1624 
1625 1625 
1625 1626 
1626 1627 
1627 1627 
1627 1627 
1627 1628 
1629 1629 
1629 1629 
1629 1630 
1630 1630 
1630 1631 
1631 1631 
1632 1632 
1633 1633 
1634 1634 
1635 1635 
1635 1636 
1636 1638 
1638 1638 
1638 1638 
1638 1640 
1640 1641 
1641 1641 
1641 1642 
1642 1642 
1642 1642 
1642 1643 
1643 1643 
1643 1644 
1644 1644 
1644 1645 
1645 1646 
1647 1647 
1648 1649 
1650 1650 
1650 1652 
1653 1653 
1654 1654 
1655 1655 
1655 1656 
1656 1656 
1656 1656 
1657 1658 
1658 1658 
1658 1658 
1659 1659 
1659 1659 
1660 1660 
1661 1661 
1661 1661 
1662 1662 
1663 1663 
1663 1665 
1666 1667 
1668 1668 
1668 1668 
1668 1668 
1669 1669 
1669 1669 
1669 1670 
1670 1670 
1671 1671 
1671 1671 
1671 1671 
1673 1673 
1673 1673 
1673 1674 
1675 1675 
1675 1675 
1675 1675 
1676 1676 
1676 1676 
1676 1676 
1676 1677 
1677 1677 
1677 1677 
1678 1679 
1680 1681 
1681 1681 
1683 1683 
1683 1683 
1683 1683 
1684 1684 
1684 1684 
1686 1686 
1686 1687 
1687 1687 
1687 1688 
1688 1688 
1689 1689 
1689 1690 
1690 1690 
1691 1691 
1691 1691 
1692 1692 
1692 1692 
1692 1693 
1693 1693 
1693 1694 
1695 1695 
1696 1696 
1696 1696 
1696 1696 
1697 1697 
1697 1697 
1697 1697 
1697 1697 
1697 1698 
1699 1699 
1700 1701 
1701 1702 
1702 1703 
1703 1703 
1703 1704 
1704 1704 
1705 1705 
1706 1706 
1707 1708 
1708 1709 
1709 1709 
1710 1710 
1710 1710 
1710 1711 
1711 1712 
1712 1713 
1713 1714 
1714 1714 
1715 1715 
1715 1715 
1715 1715 
1716 1716 
1717 1717 
1717 1717 
1717 1717 
1718 1718 
1718 1718 
1719 1720 
1720 1720 
1720 1720 
1721 1722 
1723 1723 
1723 1723 
1724 1725 
1725 1725 
1725 1725 
1725 1726 
1726 1726 
1728 1728 
1728 1728 
1728 1728 
1728 1729 
1729 1730 
1730 1730 
1730 1731 
1732 1733 
1733 1733 
1733 1734 
1734 1735 
1735 1735 
1736 1736 
1737 1737 
1737 1738 
1738 1739 
1739 1739 
1739 1740 
1740 1740 
1741 1741 
1741 1741 
1741 1742 
1742 1742 
1742 1743 
1743 1744 
1744 1745 
1745 1745 
1745 1746 
1746 1747 
1747 1747 
1748 1748 
1748 1748 
1749 1749 
1749 1750 
1750 1751 
1751 1751 
1753 1753 
1753 1753 
1754 1754 
1754 1755 
1755 1755 
1755 1756 
1757 1757 
1757 1758 
1758 1759 
1759 1759 
1759 1760 
1762 1762 
1762 1762 
1762 1763 
1763 1764 
1764 1764 
1765 1765 
1765 1765 
1765 1766 
1766 1766 
1767 1767 
1767 1768 
1768 1768 
1770 1770 
1771 1772 
1772 1772 
1773 1773 
1773 1774 
1774 1775 
1775 1775 
1775 1776 
1776 1777 
1778 1778 
1778 1779 
1779 1779 
1779 1779 
1779 1780 
1780 1780 
1780 1781 
1781 1781 
1781 1782 
1782 1782 
1783 1783 
1784 1784 
1785 1788 
1788 1788 
1788 1788 
1788 1789 
1789 1789 
1789 1790 
1790 1790 
1790 1790 
1791 1791 
1791 1791 
1791 1792 
1792 1793 
1793 1793 
1793 1793 
1793 1794 
1795 1795 
1796 1796 
1796 1797 
1797 1797 
1797 1798 
1798 1799 
1800 1801 
1801 1801 
1801 1802 
1802 1802 
1802 1803 
1803 1803 
1803 1805 
1805 1806 
1806 1806 
1806 1808 
1808 1808 
1808 1809 
1809 1809 
1810 1811 
1811 1811 
1811 1811 
1811 1811 
1812 1812 
1813 1813 
1813 1814 
1814 1814 
1814 1814 
1814 1815 
1816 1816 
1817 1817 
1817 1817 
1818 1818 
1819 1819 
1819 1819 
1819 1819 
1820 1820 
1821 1821 
1821 1821 
1821 1821 
1822 1822 
1822 1823 
1823 1823 
1823 1823 
1824 1825 
1826 1826 
1826 1827 
1827 1828 
1828 1828 
1828 1828 
1829 1829 
1830 1830 
1830 1831 
1831 1832 
1832 1832 
1832 1832 
1832 1833 
1833 1834 
1834 1834 
1834 1835 
1835 1836 
1836 1837 
1837 1838 
1838 1838 
1839 1839 
1839 1840 
1840 1840 
1840 1841 
1842 1842 
1843 1843 
1844 1844 
1845 1845 
1845 1845 
1845 1846 
1846 1846 
1846 1846 
1847 1847 
1847 1847 
1847 1847 
1848 1848 
1848 1849 
1850 1850 
1851 1851 
1851 1853 
1853 1853 
1853 1855 
1855 1856 
1856 1856 
1856 1856 
1857 1857 
1857 1858 
1858 1858 
1859 1859 
1859 1859 
1860 1860 
1861 1861 
1861 1861 
1861 1862 
1862 1863 
1863 1863 
1863 1863 
1864 1865 
1865 1865 
1865 1865 
1866 1866 
1867 1867 
1867 1868 
1868 1868 
1868 1868 
1869 1870 
1870 1871 
1871 1871 
1871 1871 
1871 1872 
1872 1872 
1872 1873 
1873 1874 
1874 1874 
1874 1874 
1875 1875 
1876 1876 
1877 1877 
1877 1877 
1878 1879 
1879 1879 
1880 1880 
1881 1882 
1882 1882 
1882 1883 
1883 1883 
1883 1884 
1884 1885 
1885 1885 
1886 1886 
1886 1886 
1886 1887 
1887 1887 
1887 1888 
1888 1888 
1888 1889 
1890 1890 
1891 1891 
1891 1891 
1891 1892 
1892 1892 
1892 1893 
1893 1893 
1893 1894 
1894 1895 
1895 1895 
1895 1895 
1895 1897 
1897 1898 
1898 1898 
1898 1898 
1898 1898 
1899 1899 
1900 1900 
1900 1901 
1902 1902 
1902 1903 
1903 1903 
1904 1905 
1906 1906 
1907 1907 
1907 1907 
1907 1908 
1908 1908 
1908 1909 
1909 1911 
1913 1913 
1913 1913 
1913 1914 
1914 1914 
1914 1915 
1915 1916 
1916 1917 
1917 1917 
1917 1918 
1919 1920 
1920 1922 
1922 1923 
1923 1923 
1924 1924 
1924 1924 
1925 1925 
1925 1925 
1925 1925 
1925 1925 
1925 1926 
1926 1926 
1927 1927 
1928 1929 
1929 1930 
1930 1931 
1931 1931 
1931 1931 
1931 1932 
1932 1932 
1933 1933 
1933 1933 
1933 1935 
1935 1935 
1935 1935 
1935 1936 
1937 1937 
1937 1938 
1938 1938 
1939 1939 
1939 1939 
1939 1939 
1940 1940 
1940 1940 
1940 1941 
1941 1941 
1942 1942 
1943 1943 
1944 1944 
1944 1944 
1944 1944 
1945 1946 
1946 1948 
1948 1950 
1950 1950 
1950 1951 
1951 1951 
1952 1952 
1952 1952 
1953 1953 
1954 1954 
1955 1955 
1955 1955 
1956 1956 
1958 1959 
1959 1960 
1961 1961 
1962 1962 
1962 1963 
1964 1964 
1964 1964 
1965 1965 
1965 1966 
1966 1966 
1966 1966 
1966 1966 
1967 1968 
1968 1968 
1968 1969 
1969 1969 
1970 1970 
1970 1971 
1971 1971 
1972 1972 
1973 1973 
1973 1974 
1974 1974 
1974 1974 
1974 1974 
1975 1975 
1976 1977 
1978 1978 
1978 1978 
1979 1979 
1980 1980 
1980 1981 
1981 1981 
1981 1981 
1982 1982 
1982 1982 
1984 1984 
1985 1985 
1985 1985 
1985 1985 
1986 1986 
1987 1987 
1987 1987 
1988 1988 
1989 1989 
1989 1989 
1989 1989 
1989 1990 
1990 1990 
1990 1990 
1991 1991 
1992 1992 
1992 1992 
1992 1994 
1994 1994 
1995 1997 
1997 1997 
1997 1997 
1997 1998 
1998 1998 
1998 1998 
1999 2000 
2000 2000 
443 462 
496 849 
1086 410 
1620 96 
235 494 
67 620 
1117 1826 
219 260 
990 1351 
1549 1978 
164 1013 
484 1316 
1483 374 
724 775 
1606 1627 
200 1251 
1412 1541 
1593 138 
335 445 
612 836 
975 1677 
1768 1874 
1178 1723 
1892 186 
1813 1005 
1400 629 
1372 1585 
780 919 
985 1204 
1307 1285 
1762 98 
816 1790 
669 714 
1106 1113 
1964 309 
588 927 
1352 1675 
309 693 
1116 1204 
1693 1748 
175 628 
664 1057 
1684 67 
300 1749 
518 1413 
1454 1966 
514 1533 
1791 1989 
134 398 
1052 1990 
151 464 
1149 1528 
1684 1872 
834 1136 
972 1083 
260 910 
1798 172 
290 446 
705 702 
901 1375 
1822 300 
1089 262 
1676 1249 
199 417 
1323 1683 
123 1645 
185 243 
311 108 
646 1696 
236 1452 
1482 1742 
1941 936 
1096 1230 
1762 761 
1702 257 
920 994 
1415 61 
504 1919 
69 1327 
1332 400 
641 813 
1573 1713 
1017 1163 
1262 240 
1512 1720 
632 1343 
1625 126 
650 966 
1899 52 
445 588 
968 320 
982 1537 
642 1690 
483 1088 
1268 1674 
1312 4 
26 1697 
441 54 
222 684 
1338 1186 
1284 1715 
1830 182 
239 1509 
266 1270 
512 1415 
283 350 
852 1669 
696 845 
1186 1440 
1780 473 
503 905 
1198 1511 
1671 554 
585 600 
576 132 
1992 163 
701 844 
913 938 
1868 718 
872 231 
472 1697 
1213 1612 
296 999 
183 295 
911 572 
643 976 
1617 258 
848 1045 
1495 959 
1249 1886 
1707 1840 
210 817 
1028 1699 
1224 3 
1001 457 
667 1211 
21 296 
365 1170 
1515 1532 
470 1226 
1234 1565 
590 839 
855 1060 
1142 1610 
1805 1596 
1789 1421 
1746 188 
659 281 
427 1386 
1925 335 
1055 46 
589 717 
1183 1431 
534 1848 
363 1141 
1491 487 
950 962 
992 1292 
678 755 
1623 219 
382 1440 
261 448 
1790 341 
425 1130 
184 1125 
495 1148 
285 959 
219 866 
1436 658 
1029 1040 
1286 1366 
1388 1412 
1767 759 
1323 44 
415 575 
818 1129 
1408 668 
1019 818 
892 947 
997 1313 
1521 1676 
1914 60 
768 1142 
1631 1742 
637 1176 
1839 159 
1174 1522 
1198 1688 
554 694 
818 1109 
1179 80 
305 453 
951 1870 
411 1042 
1499 30 
462 1185 
1739 468 
1115 1256 
1273 1606 
1913 520 
1396 1656 
14 265 
296 1888 
474 570 
1363 1587 
1747 1930 
324 360 
1025 1393 
1400 593 
649 1252 
1278 1436 
1399 1594 
309 1888 
1137 1177 
1506 1673 
173 495 
588 844 
863 1002 
1813 1577 
1678 31 
188 1314 
1297 1475 
1693 1893 
924 1492 
1649 1629 
221 383 
1371 1998 
892 1510 
867 1882 
128 516 
701 725 
967 1628 
81 1747 
8 1214 
1831 1144 
1382 1782 
405 659 
1262 1426 
517 521 
1355 1431 
536 882 
1588 1172 
1931 772 
1297 35 
930 147 
437 1004 
1156 1405 
1568 25 
239 358 
934 1246 
698 867 
1094 1125 
1871 1340 
635 1981 
425 1586 
347 914 
1532 1933 
693 1217 
1328 71 
433 738 
87 324 
1392 1463 
116 273 
1728 1886 
45 633 
959 1542 
16 211 
1604 105 
151 358 
789 912 
1605 1861 
307 1898 
1036 545 
1492 1793 
282 653 
1336 1779 
964 1467 
1775 216 
353 1103 
1814 772 
874 1133 
1497 262 
535 588 
42 235 
1344 1663 
13 1861 
207 236 
381 520 
1218 1251 
1676 1906 
207 963 
1883 1982 
293 754 
917 1541 
1552 202 
204 1286 
1615 1843 
477 784 
1071 578 
1837 93 
830 900 
1788 1851 
1989 186 
1606 1939 
1655 930 
1638 269 
195 561 
1234 1914 
1917 222 
351 1808 
689 702 
999 1182 
1279 1716 
5 113 
119 1321 
1773 156 
826 69 
217 274 
613 1386 
1939 765 
947 1154 
1286 362 
1580 399 
1427 1586 
1855 280 
716 785 
1020 1463 
259 309 
473 526 
906 1402 
758 1872 
84 1562 
1632 762 
848 1085 
1291 1733 
730 1204 
1531 1709 
495 1351 
1451 3 
199 794 
916 1190 
47 202 
415 444 
1255 1629 
919 1751 
262 386 
1959 71 
175 637 
1941 58 
414 471 
1274 406 
1591 1592 
1595 347 
1218 45 
713 938 
414 659 
891 1662 
1741 401 
527 598 
1656 1555 
857 1143 
2000 556 
786 262 
945 1000 
472 532 
926 1461 
1800 1539 
1763 1312 
51 598 
90 546 
767 900 
1050 1795 
229 400 
997 5 
34 904 
1418 1797 
1960 114 
307 39 
197 238 
250 314 
494 649 
1133 1466 
1494 1612 
1997 573 
1640 1902 
1082 1132 
138 373 
595 647 
1257 72 
1776 556 
568 1265 
1395 1429 
1838 901 
215 419 
1783 444 
1202 1680 
1883 272 
611 743 
836 1074 
271 942 
1255 1767 
184 881 
1049 222 
601 875 
966 1876 
1097 1461 
1730 609 
1397 1446 
1612 1966 
1007 1451 
227 562 
685 1349 
1774 106 
896 1587 
193 399 
563 1738 
74 1624 
779 118 
387 449 
1367 1382 
902 382 
1172 1331 
1437 1574 
1318 35 
1142 1754 
636 1017 
1671 1966 
1157 206 
531 596 
752 1058 
1410 878 
1673 87 
1187 1757 
86 98 
138 351 
579 873 
1077 840 
910 1259 
1939 889 
1209 1319 
1907 1403 
26 38 
1606 1189 
1382 1350 
1465 1478 
1480 1562 
609 1428 
1013 1927 
132 1224 
1832 190 
261 547 
1057 1140 
23 24 
144 229 
417 1626 
1806 1887 
45 852 
1265 1500 
1728 315 
1333 318 
262 474 
535 740 
827 868 
1037 1259 
1508 312 
511 580 
1035 1103 
1543 387 
1793 1971 
313 1173 
957 1265 
1753 62 
1877 1021 
1441 919 
1151 663 
1808 141 
183 392 
745 770 
563 719 
1042 811 
1925 1089 
1167 1228 
1380 770 
1488 1643 
563 797 
841 1331 
1703 1874 
1059 1558 
1856 766 
799 1245 
14 107 
769 1524 
502 831 
842 1801 
807 1203 
1443 601 
1671 466 
643 1241 
1669 1740 
1986 115 
493 1400 
837 1744 
1940 368 
385 1940 
731 777 
1120 469 
969 1051 
180 242 
1692 426 
1450 1517 
1863 394 
1454 74 
543 643 
1343 1877 
1953 217 
296 537 
1317 578 
1976 195 
562 1589 
1402 1974 
724 369 
691 1147 
1663 175 
189 700 
1148 1218 
1321 141 
861 1629 
1924 363 
1059 1198 
225 1471 
110 361 
377 405 
1725 1968 
98 1059 
742 1658 
1831 1732 
343 1110 
1827 356 
1091 1359 
570 834 
1635 795 
1269 1488 
1793 710 
1206 265 
480 1110 
1281 1521 
1886 10 
903 1211 
1383 1586 
840 908 
997 1250 
363 836 
1485 202 
1204 1701 
113 287 
1220 156 
735 894 
1142 1565 
1999 1067 
1176 343 
1864 238 
285 317 
506 697 
903 1281 
1952 1055 
1650 1968 
1451 1573 
1239 1773 
701 1338 
324 518 
876 1062 
1797 349 
730 799 
1867 914 
1641 30 
1263 1617 
226 282 
617 55 
259 245 
794 1045 
635 701 
919 1766 
601 1113 
1863 1952 
166 363 
504 1743 
1821 1859 
1862 241 
1164 1542 
1656 708 
1135 1262 
1762 1369 
1779 2 
451 555 
870 1006 
133 1276 
1590 1925 
1952 946 
1519 1623 
1658 240 
244 787 
1454 123 
236 753 
1124 1494 
1697 1803 
42 309 
1205 1369 
1633 1850 
269 1548 
1845 1563 
951 1937 
1055 1178 
626 1053 
1141 1811 
115 179 
665 1160 
1299 348 
498 581 
1508 1981 
106 751 
703 533 
1094 1157 
1695 628 
1060 1180 
1308 1882 
650 813 
182 498 
832 1332 
1350 1924 
1382 1406 
1915 737 
1114 1257 
1835 1012 
1717 173 
896 1236 
1704 1855 
1565 1003 
1742 1909 
1235 1616 
68 503 
819 1728 
1749 876 
1379 1943 
1 589 
236 270 
1153 14 
61 575 
35 627 
896 1001 
1167 1344 
699 114 
865 1687 
285 1951 
883 1789 
1801 410 
1228 1728 
1388 1726 
1823 132 
827 1632 
1634 1776 
1828 627 
1591 1894 
500 724 
897 959 
989 97 
474 1063 
1319 1471 
910 1023 
1347 1385 
1620 1846 
1701 1781 
630 1611 
1693 1 
134 957 
712 902 
1323 1696 
1703 31 
560 993 
1017 1597 
340 484 
551 135 
622 729 
801 1023 
346 100 
1508 240 
882 1332 
84 253 
616 685 
76 229 
1428 139 
314 457 
686 722 
852 899 
1867 1365 
1423 927 
208 1694 
530 673 
770 1139 
1231 513 
1873 373 
698 699 
1229 1697 
1728 1858 
536 1203 
1287 1874 
64 1079 
1339 1442 
1945 9 
466 1590 
1955 968 
1150 1955 
111 1192 
1903 498 
822 880 
938 1245 
1369 631 
800 1401 
648 1615 
1814 1932 
341 884 
1163 3 
262 921 
1045 1250 
117 147 
234 644 
786 1514 
1 740 
854 1123 
1444 921 
976 1367 
426 433 
489 801 
1106 1336 
1791 456 
714 822 
565 674 
1269 1614 
337 1139 
1691 76 
441 1256 
52 405 
514 653 
823 1063 
387 1094 
1166 1693 
527 1033 
1175 1387 
1641 738 
969 1469 
315 557 
1203 1720 
73 1438 
1460 1509 
479 804 
1333 1479 
1925 28 
504 1004 
1074 1374 
1556 1253 
1778 1872 
160 955 
1240 167 
833 1878 
1987 27 
392 555 
1173 900 
137 202 
1451 1974 
167 1453 
1653 1688 
1856 229 
1083 1748 
1985 245 
507 623 
987 630 
1558 837 
478 1537 
1778 293 
536 580 
714 760 
1038 1819 
253 1031 
1575 430 
805 1742 
109 1176 
1211 1365 
1816 197 
314 742 
754 1068 
168 482 
531 753 
1929 351 
1549 1897 
836 1933 
587 874 
1364 582 
1372 1553 
567 350 
572 786 
634 1027 
192 1258 
258 701 
1437 307 
1972 937 
1602 1170 
1464 466 
567 629 
1052 1258 
791 1136 
578 1567 
1745 77 
130 410 
518 834 
1956 249 
267 786 
969 1598 
511 610 
889 1933 
1966 1508 
1509 1716 
464 714 
877 1926 
216 1229 
1316 1320 
280 353 
646 282 
325 331 
884 1059 
1542 501 
595 1228 
1371 1635 
1726 1974 
1708 542 
551 878 
1319 267 
1177 1517 
611 1847 
140 370 
1547 1718 
612 629 
999 1197 
88 543 
881 1140 
263 578 
1361 757 
850 1349 
1436 1820 
1989 123 
445 78 
1001 1642 
209 352 
553 573 
951 1668 
296 596 
758 315 
531 1178 
1186 426 
1659 1745 
1798 541 
614 1423 
1900 609 
884 677 
782 1249 
77 917 
1040 540 
1372 1811 
23 61 
148 198 
1043 1979 
108 443 
848 1045 
1060 1455 
1478 102 
767 1145 
1966 868 
939 1036 
142 595 
988 767 
1581 1847 
265 565 
593 919 
293 579 
1865 616 
1908 245 
257 1007 
1773 766 
1300 1757 
77 1038 
1160 1595 
274 339 
404 749 
1812 775 
1134 1256 
1336 1888 
1487 1327 
1558 1998 
277 303 
583 1219 
1641 557 
1877 271 
569 658 
1338 1617 
14 571 
889 1023 
222 1595 
582 773 
1571 1821 
1386 1480 
472 597 
1755 399 
655 674 
998 1332 
763 1316 
1898 906 
990 1140 
1296 4 
1553 1142 
468 1502 
527 680 
1143 1281 
937 938 
1387 424 
942 1204 
1549 446 
455 1638 
1817 25 
431 1312 
1399 1463 
1756 1803 
1978 18 
551 571 
1106 1443 
1741 461 
528 1627 
491 1033 
1971 59 
1205 1290 
185 666 
1851 1970 
544 705 
921 997 
1375 1605 
178 403 
911 1630 
1886 291 
1441 1986 
127 239 
1027 1184 
1379 1868 
1034 1686 
907 55 
1692 63 
1010 1043 
1348 1997 
88 340 
350 1181 
1357 1471 
495 1777 
1913 738 
1479 1587 
46 562 
1156 265 
1811 1964 
492 142 
262 855 
934 1020 
1391 60 
432 884 
1901 1557 
854 1361 
193 504 
769 809 
1049 1586 
1413 1559 
617 1358 
1788 1978 
1318 120 
611 1845 
1847 105 
166 244 
981 1086 
968 1041 
1318 1734 
323 1184 
25 1668 
425 1574 
633 1082 
97 1036 
1119 124 
1155 1899 
1935 22 
1441 768 
847 1230 
1811 478 
988 1178 
1704 1851 
501 617 
681 1928 
793 929 
1684 584 
695 724 
1185 112 
876 1712 
1903 623 
1550 674 
999 1093 
1282 1431 
69 1585 
1713 280 
472 1283 
474 1128 
1443 1607 
218 1015 
1444 1666 
1735 1898 
757 824 
356 1407 
1715 24 
181 131 
677 1084 
1509 1796 
75 1269 
387 1369 
1406 176 
480 942 
447 480 
1950 358 
81 161 
391 403 
546 1128 
1706 36 
218 1372 
429 1362 
1498 35 
634 862 
1524 1031 
1071 1212 
407 1225 
1613 1806 
1985 928 
1040 372 
1162 1588 
1594 463 
1305 1399 
1806 243 
714 803 
936 1689 
22 500 
531 560 
713 227 
108 927 
1414 1427 
82 1422 
1995 325 
844 956 
1971 956 
1524 1989 
886 1320 
474 809 
1121 1508 
1652 10 
355 456 
677 1208 
1564 161 
1191 1357 
1371 1683 
1981 1932 
736 755 
1029 1835 
1589 468 
1076 1892 
233 394 
1377 1557 
1620 344 
1969 771 
1190 1661 
1938 1857 
868 1683 
1997 383 
1121 1790 
727 1655 
435 1041 
1248 1283 
1405 1458 
1772 1848 
182 509 
645 850 
1631 942 
1110 1212 
1814 314 
496 869 
1012 1292 
1924 366 
535 271 
1155 1653 
761 784 
1047 1448 
324 765 
1317 1629 
1879 1914 
1171 867 
601 981 
427 965 
977 1125 
1579 1821 
293 1285 
1386 1644 
415 536 
988 1468 
206 535 
1371 1839 
112 727 
1607 1232 
1796 574 
690 230 
579 1221 
1417 1792 
1975 122 
1250 1412 
1819 531 
50 744 
1794 232 
1175 1867 
618 1329 
223 745 
1125 1720 
333 599 
1304 1751 
258 590 
594 1461 
126 672 
1451 1683 
1711 336 
653 1719 
1745 324 
330 478 
1499 732 
1342 171 
196 614 
810 947 
1331 1342 
12 603 
1578 1659 
1931 1127 
344 1968 
284 19 
1241 1329 
1404 584 
916 1579 
1803 991 
1871 208 
744 855 
1214 1448 
1984 228 
249 495 
543 556 
414 1267 
1676 189 
1871 1895 
552 888 
1708 1280 
1561 675 
1345 1533 
1988 235 
401 1842 
371 1534 
1972 331 
1363 1070 
1954 333 
395 1099 
1188 1224 
491 1560 
1760 468 
498 1988 
1068 713 
1935 513 
1072 1439 
1474 1560 
1604 1650 
533 906 
1154 1269 
1743 1823 
338 1600 
1601 653 
722 870 
1021 1182 
774 1055 
1263 1697 
1711 1837 
326 1903 
55 432 
999 1638 
1478 1902 
21 93 
1659 123 
125 131 
441 968 
1593 1871 
1487 489 
500 827 
504 830 
1545 690 
1139 1740 
1231 221 
1920 314 
453 822 
1473 1192 
1491 1982 
210 823 
952 1262 
337 433 
517 1813 
32 370 
555 1318 
1405 14 
271 377 
539 1314 
1449 1594 
1638 342 
529 1170 
1390 102 
1566 297 
376 1146 
1330 1505 
331 1230 
1681 1895 
337 1059 
1460 1625 
1981 1690 
1696 1959 
1973 81 
148 719 
1285 1538 
75 1306 
1327 1522 
1979 1064 
1580 1940 
672 1663 
90 232 
589 1135 
1181 1 
1228 574 
738 1076 
1404 1577 
923 1181 
74 311 
474 854 
1224 1431 
496 652 
852 1097 
102 649 
784 1200 
1450 247 
1062 1194 
1768 360 
705 1441 
1626 148 
1168 1252 
1797 1881 
933 1262 
448 1368 
119 1005 
1464 158 
176 748 
1223 314 
592 734 
1418 740 
946 1038 
1281 1298 
1938 410 
809 1043 
1288 83 
1099 1475 
296 1367 
196 540 
274 393 
442 678 
560 294 
567 1254 
1731 1989 
1101 489 
931 932 
1269 1974 
273 572 
169 471 
1943 450 
1958 493 
563 583 
650 1037 
1066 1579 
1926 1060 
1230 721 
1069 1254 
1405 1723 
1766 791 
298 557 
612 1178 
1462 244 
1225 1695 
1964 125 
157 1696 
930 1177 
1447 1507 
383 1392 
1676 1900 
1213 1237 
1754 1917 
281 437 
446 456 
1406 474 
1051 1891 
210 258 
519 1461 
1906 37 
268 1263 
286 463 
375 387 
940 1809 
260 1283 
1451 1780 
76 1250 
1823 229 
619 805 
1347 1929 
640 1298 
1430 1814 
376 1528 
34 297 
458 1142 
1961 87 
635 1218 
189 1838 
81 1542 
1823 1923 
180 396 
1206 235 
782 206 
586 1616 
1819 19 
237 322 
403 595 
1288 1671 
51 1610 
1861 494 
497 634 
1753 1832 
1404 851 
153 1313 
1601 1445 
1453 253 
1343 1797 
23 476 
717 1408 
709 1522 
1755 675 
1744 172 
213 893 
880 1218 
880 1478 
1710 1822 
1955 864 
1795 175 
649 1091 
1819 48 
713 549 
625 1023 
1277 1737 
81 243 
490 625 
1925 592 
903 1193 
1989 1482 
1624 272 
626 698 
739 1289 
1089 1269 
1969 250 
1173 1331 
412 869 
1781 125 
224 774 
1944 1166 
1542 1600 
1918 111 
1571 1688 
1720 132 
421 578 
1004 1642 
1863 830 
1725 1116 
1191 1362 
516 1327 
1692 719 
720 1734 
319 462 
1544 1821 
1398 1699 
91 118 
185 456 
1038 1178 
1470 1029 
1828 1874 
111 1029 
1226 1380 
1460 205 
194 1110 
1141 1764 
1916 751 
60 274 
1083 1246 
1619 1754 
161 1648 
1739 1796 
61 485 
660 819 
1407 346 
509 556 
1728 1562 
1740 33 
979 1185 
1640 1856 
1182 14 
1344 88 
497 751 
1725 972 
659 750 
62 1537 
1659 1836 
1970 19 
1079 1715 
1104 1351 
1819 527 
1242 1484 
1730 1779 
593 673 
753 1439 
1778 1884 
456 1013 
1935 5 
619 783 
1115 1687 
111 1521 
1532 1668 
465 1840 
51 1392 
1991 1459 
125 259 
376 634 
1691 617 
1511 86 
218 571 
683 813 
1038 251 
96 446 
577 1505 
1587 148 
1021 1031 
1177 1215 
1616 439 
1220 1421 
1840 173 
514 951 
17 866 
410 1697 
279 598 
1415 1536 
1593 1327 
642 1522 
436 740 
1031 1081 
1370 1380 
1513 1607 
1858 8 
304 989 
1770 1909 
689 1148 
1937 56 
291 465 
1197 1265 
124 1375 
1394 1745 
228 649 
1614 1931 
321 809 
1002 458 
468 612 
937 1518 
141 1407 
1443 1677 
1612 544 
637 1408 
1578 93 
120 727 
961 962 
1171 1267 
1955 532 
706 1002 
1012 1340 
1532 507 
631 1355 
638 1469 
315 1785 
191 592 
667 1087 
1307 1747 
314 884 
531 600 
869 959 
999 1112 
120 586 
709 1091 
1205 1254 
660 737 
1212 1931 
133 325 
1675 1880 
588 642 
871 1102 
1895 90 
402 494 
589 1814 
744 1073 
1270 1109 
1368 1691 
1750 1887 
1991 273 
653 1197 
1556 258 
1642 1793 
346 899 
30 551 
1265 1485 
1602 424 
1461 1913 
1371 107 
388 422 
810 1654 
25 308 
1579 293 
1297 1440 
332 361 
365 563 
842 102 
431 589 
885 1208 
1641 1817 
1990 393 
857 1715 
457 504 
1687 846 
1880 1490 
884 384 
1119 535 
802 886 
1220 798 
1423 1569 
1848 208 
706 804 
1260 1320 
1047 1236 
1654 271 
514 1420 
1110 729 
850 1195 
296 1163 
1308 1209 
483 985 
1967 1012 
1181 1233 
1992 264 
666 1728 
33 526 
966 695 
1645 232 
1755 1827 
1 659 
1203 1036 
1994 64 
1942 38 
328 943 
1378 369 
934 1040 
1610 1656 
1444 1521 
1940 683 
1860 176 
430 506 
1103 1294 
1469 1673 
48 276 
854 1192 
1150 799 
872 1119 
1382 1802 
1984 1146 
1939 879 
1844 1044 
1138 1372 
1617 195 
315 1094 
1544 986 
1421 1614 
1630 1127 
1811 1814 
22 499 
629 1472 
1320 131 
1048 1176 
1923 368 
373 739 
964 1075 
1671 1038 
1336 1858 
22 404 
1321 435 
1202 135 
991 24 
953 1360 
1791 4 
1517 1793 
1157 667 
1067 1099 
1399 1946 
1950 344 
1505 722 
735 1243 
1274 1788 
496 1173 
1254 1461 
415 1809 
116 176 
751 765 
776 1105 
1439 1586 
1781 1845 
686 701 
1174 1210 
1424 1565 
123 1620 
115 1898 
264 196 
262 1274 
1763 603 
1351 1620 
407 848 
32 552 
1234 1724 
145 1352 
1709 1940 
1948 1102 
1421 1425 
1604 478 
502 824 
1423 1619 
308 572 
619 1262 
110 424 
964 1783 
102 126 
290 383 
621 910 
248 624 
1151 165 
1525 590 
1265 1705 
840 1100 
1522 356 
117 358 
1015 1201 
31 1198 
1429 1517 
1549 1642 
485 1098 
1736 322 
1143 1230 
1884 444 
1441 1501 
1931 224 
805 1998 
668 743 
173 646 
292 430 
1118 1303 
1930 1587 
1618 1723 
1759 425 
600 1529 
1907 710 
1326 1836 
56 493 
1077 1830 
406 1242 
506 948 
1607 328 
446 863 
1491 1658 
1588 99 
550 837 
1923 747 
1029 1469 
1765 1821 
170 288 
1375 1615 
318 518 
945 1123 
1812 128 
1128 1829 
508 762 
1895 127 
384 534 
1109 146 
568 893 
1002 1208 
15 422 
580 673 
889 960 
131 1965 
431 643 
848 851 
1081 218 
809 974 
1738 108 
1985 637 
663 1442 
134 677 
972 1577 
1811 70 
75 580 
1463 1661 
1733 1767 
1883 295 
1647 799 
301 1866 
235 732 
1661 1845 
725 953 
487 829 
1097 1931 
940 1243 
1508 857 
1584 1076 
1562 1890 
1908 1987 
571 1017 
1049 1570 
76 129 
361 1149 
855 1442 
1482 1148 
1925 270 
1114 338 
482 511 
1086 1895 
19 24 
233 381 
626 417 
632 1040 
1627 372 
915 1236 
1631 1490 
724 1060 
1177 1452 
1470 1781 
298 1078 
1602 1788 
1828 1128 
1224 1255 
1379 1965 
97 375 
534 1444 
1920 707 
739 1041 
85 895 
1658 164 
784 1646 
1002 1759 
181 1266 
202 242 
358 911 
931 609 
1367 1461 
382 1003 
1069 1643 
1725 1974 
758 1331 
1571 1875 
867 95 
305 799 
853 1210 
1700 708 
891 100 
962 1673 
1907 1997 
1298 1358 
1570 1712 
328 451 
565 849 
1248 1511 
480 561 
48 672 
841 885 
1152 1524 
478 825 
1339 1689 
756 1081 
1437 1710 
1790 100 
216 1136 
1437 440 
437 1073 
1206 1460 
895 1307 
1762 1956 
390 1259 
516 1857 
340 780 
1808 1915 
987 1165 
1121 1193 
333 490 
1289 175 
966 1255 
1366 1873 
1982 737 
1228 1272 
40 91 
584 1636 
376 494 
759 905 
1946 13 
202 1789 
142 863 
515 878 
886 1040 
1123 1665 
236 272 
1210 1246 
1495 1710 
136 503 
603 1629 
265 435 
545 551 
297 314 
1239 1307 
1466 1779 
1072 1441 
1698 1888 
56 166 
407 830 
864 1140 
1774 398 
810 901 
1503 267 
311 319 
1017 1052 
1145 1908 
1217 787 
1029 1304 
64 1455 
371 501 
696 806 
880 944 
1317 72 
1047 1705 
1248 1295 
1925 136 
1452 1676 
240 1121 
1133 1944 
1334 411 
1970 937 
1421 1792 
142 218 
1422 1784 
792 1478 
373 387 
624 869 
1802 1933 
683 1558 
685 737 
904 1620 
70 1600 
20 752 
844 1627 
1717 120 
207 224 
1361 482 
1322 871 
919 942 
1245 632 
232 111 
740 1630 
1857 1951 
1094 1379 
1272 619 
152 171 
1058 1300 
1459 869 
907 1227 
425 1618 
1968 599 
1297 1496 
1624 1157 
1671 766 
1267 712 
1856 845 
1669 1801 
19 1036 
1237 1259 
1415 1437 
431 1077 
1815 1390 
1557 1828 
1894 66 
256 628 
1603 1942 
125 924 
1398 151 
836 1730 
1409 1434 
1932 9 
561 618 
1941 1990 
351 745 
1269 1358 
1500 1581 
289 657 
660 835 
1992 298 
457 567 
561 721 
1072 1108 
1714 1939 
219 359 
1113 1287 
1451 42 
122 463 
1501 1162 
1474 54 
607 845 
955 1009 
1833 1926 
181 1568 
764 781 
1536 840 
1808 288 
331 774 
945 1221 
1717 1904 
54 433 
471 617 
1344 312 
513 1275 
1725 193 
499 604 
1112 1382 
1426 1604 
1839 69 
391 611 
1987 483 
1231 1373 
1809 177 
1031 1750 
1834 771 
774 59 
350 926 
199 446 
975 1332 
1524 793 
1384 1846 
1966 1613 
458 906 
1533 1555 
1832 642 
280 574 
302 433 
1823 7 
234 986 
1134 23 
1137 1696 
167 1033 
1964 1859 
643 725 
655 1227 
1317 369 
1397 1681 
1116 1675 
1710 1974 
573 652 
1286 1780 
1994 704 
954 1441 
140 797 
540 475 
534 1571 
120 1246 
1710 285 
497 873 
1219 865 
1048 1670 
408 417 
490 697 
1764 1012 
156 565 
725 754 
1054 18 
541 587 
702 1102 
1482 1339 
514 1975 
37 634 
1019 1172 
1755 1802 
730 1757 
1090 1608 
442 637 
1210 1294 
1525 329 
962 1012 
1398 1443 
1735 165 
285 301 
434 1099 
1337 375 
1542 1733 
1853 1345 
1529 1530 
1793 458 
1563 106 
222 615 
752 1818 
508 625 
1687 1834 
121 452 
838 1309 
1543 649 
183 894 
995 1668 
1840 1980 
141 1403 
1679 1019 
1900 267 
137 1834 
278 1359 
958 1313 
1381 143 
628 712 
1119 17 
141 341 
1564 491 
1893 229 
354 1460 
1625 299 
1393 1462 
781 850 
922 1591 
173 737 
835 886 
434 697 
897 1644 
691 968 
1025 123 
927 1027 
1977 1315 
1850 293 
1468 13 
121 759 
27 654 
717 51 
73 1007 
1307 1429 
1741 758 
260 868 
1537 1545 
1739 1074 
1865 104 
1003 1104 
1138 1277 
718 1279 
475 582 
1070 1139 
1128 1138 
166 1337 
1435 226 
717 303 
473 1907 
267 1149 
1415 907 
1830 108 
167 683 
853 1490 
1605 1810 
1844 1586 
1643 1961 
1315 1775 
1833 1847 
1426 1834 
119 142 
574 1494 
1935 288 
546 1233 
1234 1307 
1877 512 
804 988 
1127 75 
113 1058 
321 636 
670 862 
1153 1260 
1362 1725 
1953 483 
1184 1200 
1562 338 
629 688 
1025 1381 
1643 496 
689 1092 
1211 1791 
925 278 
893 1536 
1613 744 
784 1627 
1871 836 
1604 348 
855 1608 
1758 1846 
1935 234 
279 389 
520 768 
904 1322 
1890 1891 
47 1208 
1273 521 
925 1599 
27 349 
414 1869 
1969 589 
1268 1868 
737 1509 
1788 996 
1297 1509 
512 842 
962 1236 
1402 253 
276 767 
900 1053 
1123 1219 
1718 1980 
890 1403 
1528 1580 
183 228 
628 1186 
550 866 
302 1644 
262 1259 
1574 1696 
194 753 
1411 1647 
509 1034 
1095 1171 
960 1208 
362 457 
643 1749 
1981 1106 
1998 827 
1772 804 
1326 1733 
152 872 
1882 302 
589 814 
932 1280 
513 645 
1650 302 
615 1561 
1897 47 
941 1200 
1372 9 
987 1950 
378 1052 
606 820 
1826 330 
371 1065 
1207 1431 
110 829 
1168 1718 
153 192 
1662 1607 
262 415 
1436 1677 
90 1255 
1550 1300 
1502 196 
1514 1879 
704 1872 
1965 133 
770 311 
1317 1668 
1917 1153 
1323 622 
1496 1263 
1868 840 
1001 1120 
146 1583 
893 1914 
314 426 
470 559 
723 1193 
1586 71 
512 559 
695 1458 
1459 1849 
157 1937 
76 998 
1228 58 
1012 1723 
495 1497 
99 1895 
1962 348 
568 1117 
1149 1571 
1024 1775 
1811 413 
125 373 
992 1092 
128 845 
928 1010 
1146 1675 
1922 336 
705 720 
1230 1344 
1144 1379 
1916 1683 
1911 31 
909 1462 
1160 1384 
1565 1805 
1384 233 
1865 1891 
99 180 
992 1032 
28 793 
1347 1656 
796 1007 
1329 1447 
62 530 
983 1418 
1737 1891 
1997 844 
254 1922 
13 206 
1885 185 
406 563 
913 948 
1383 316 
1390 957 
1103 823 
1418 1677 
1870 570 
1613 419 
1709 1717 
7 537 
626 1149 
680 1495 
1980 206 
541 620 
246 1347 
1714 514 
1049 1997 
651 730 
1309 1621 
332 528 
608 1282 
1721 654 
800 804 
792 1480 
1642 231 
302 971 
1195 1442 
420 1385 
1759 1875 
724 1400 
100 383 
438 1128 
1529 839 
553 173 
1328 1070 
1775 1197 
1227 614 
950 1221 
1365 1517 
1753 55 
389 288 
665 1466 
1622 532 
150 850 
1185 1853 
775 1027 
1729 1825 
751 782 
884 1057 
1753 1860 
225 846 
1462 1913 
594 1317 
1737 1506 
1194 1938 
18 684 
1842 179 
226 375 
653 1127 
1432 1508 
1885 140 
281 645 
1001 1158 
169 711 
1169 353 
728 411 
484 241 
455 1404 
1978 241 
13 819 
1008 143 
711 836 
241 600 
613 1933 
103 465 
556 1893 
1453 1751 
807 948 
1284 1883 
808 924 
549 1052 
1209 1686 
1312 1667 
1887 187 
804 1138 
1337 1449 
1954 1973 
189 634 
1431 1859 
12 136 
211 300 
688 755 
1012 1166 
1493 1378 
1450 102 
920 1091 
1908 461 
85 262 
278 1026 
708 1346 
1447 1547 
501 1020 
1104 1714 
207 492 
1172 440 
918 1002 
1655 88 
398 611 
1102 1741 
1158 1299 
966 1139 
2 458 
730 1129 
1134 1283 
1936 1557 
1574 112 
413 283 
941 1301 
59 842 
1402 309 
862 12 
630 1205 
1285 1448 
1681 161 
155 236 
360 745 
1256 635 
1104 1292 
1771 126 
738 1206 
231 453 
417 1820 
453 1871 
370 565 
1819 1249 
1735 213 
627 813 
836 1838 
1907 263 
972 397 
508 609 
1060 577 
951 1050 
1149 1561 
1905 330 
1220 1432 
1443 752 
1406 1465 
1703 44 
1084 1214 
1187 1468 
967 154 
388 804 
1479 723 
524 743 
1055 1073 
212 736 
1616 137 
245 406 
1091 1533 
1985 366 
413 1168 
1213 1985 
581 775 
817 983 
1768 1818 
732 1186 
1190 1715 
244 1492 
199 357 
847 1254 
689 1603 
578 664 
992 1392 
1500 1962 
74 340 
1306 1675 
1697 1368 
1868 1882 
76 291 
339 919 
1111 1303 
146 294 
1095 1226 
1730 64 
23 1042 
1360 1522 
1669 1828 
39 125 
203 788 
894 1273 
1832 14 
1025 1494 
1545 1829 
150 1393 
270 841 
1359 1627 
42 725 
734 768 
1526 1782 
25 31 
675 1927 
639 1602 
1891 448 
991 1063 
1387 129 
524 950 
713 1231 
1726 63 
843 1985 
502 997 
1048 1704 
347 641 
955 1817 
1886 24 
152 461 
506 477 
430 891 
46 463 
843 892 
1354 1466 
67 84 
415 481 
810 1006 
1669 1863 
1982 1261 
94 958 
1224 381 
459 50 
1766 331 
463 1644 
1987 437 
673 1691 
1145 1270 
701 1739 
92 566 
791 233 
1137 1548 
932 1233 
1255 1360 
1366 768 
810 679 
1227 55 
684 1320 
1555 1614 
70 692 
985 1062 
1661 1973 
218 559 
436 1285 
1331 1548 
1791 1822 
570 1461 
1491 1861 
769 58 
511 765 
950 1748 
1558 1803 
15 887 
1159 1513 
1136 363 
952 978 
1220 1335 
1441 452 
565 1689 
184 311 
441 451 
481 970 
1082 1578 
1990 276 
987 1314 
1673 878 
367 232 
1186 1383 
1474 660 
956 689 
1381 1636 
1150 1902 
937 1537 
1581 282 
1182 134 
967 1419 
1706 340 
824 971 
244 629 
1416 1617 
1779 47 
126 439 
533 405 
806 342 
929 553 
581 769 
1019 104 
1876 140 
163 1036 
24 526 
1720 1994 
26 441 
1471 1048 
1340 237 
766 1599 
319 921 
1572 1579 
290 895 
966 616 
928 1085 
1376 628 
295 599 
1377 1450 
1963 1159 
1216 1563 
1913 800 
20 49 
407 1237 
1866 255 
1133 964 
1369 1821 
1171 1782 
1832 1924 
1989 403 
887 1702 
121 272 
1186 14 
858 1660 
1014 1992 
1630 737 
1473 1863 
220 390 
598 280 
1262 194 
1434 1518 
1569 266 
453 644 
515 530 
988 193 
408 987 
1259 1741 
1885 75 
904 1361 
1939 459 
946 1127 
1208 165 
1683 1765 
269 1141 
1279 1879 
1035 210 
655 1121 
1209 1458 
1966 103 
450 1251 
1935 21 
114 735 
1233 1799 
29 499 
1116 1444 
1717 758 
1277 192 
317 371 
1050 1117 
1384 761 
258 933 
695 756 
967 260 
393 863 
926 34 
581 1790 
253 337 
450 1306 
1846 1099 
1281 1376 
1893 416 
628 782 
1722 102 
1529 309 
708 712 
2000 217 
323 1241 
1330 903 
1124 1339 
1431 424 
587 647 
672 1105 
1185 1518 
601 1173 
16 148 
833 195 
492 739 
907 1046 
1105 1308 
534 1925 
627 1060 
1692 1898 
1386 1660 
531 759 
918 935 
986 1635 
574 1633 
405 614 
751 957 
1171 1764 
37 932 
1717 452 
806 905 
913 1350 
1898 1578 
4 1487 
1892 368 
1085 454 
961 1209 
1310 1675 
1174 1677 
70 1163 
1430 164 
366 305 
921 1347 
1676 1765 
1962 1327 
1434 1340 
1387 1396 
1435 435 
727 983 
1162 209 
810 267 
912 1638 
127 754 
1337 92 
993 1003 
1392 2000 
794 1585 
207 1847 
1101 1431 
419 658 
1127 1190 
1998 458 
1345 1450 
1801 1898 
569 594 
658 1434 
1843 1944 
109 737 
1070 1509 
417 1409 
210 633 
673 1383 
1577 1889 
1974 226 
437 332 
524 972 
1305 1952 
733 1240 
1292 481 
1012 1112 
405 1356 
1605 1861 
1093 1579 
189 201 
920 1718 
1859 405 
1944 348 
404 951 
1697 1772 
385 596 
1420 1531 
1874 1892 
1189 1762 
395 474 
762 81 
637 1455 
1503 1670 
1454 132 
1546 176 
783 789 
819 1448 
1634 31 
230 515 
1498 479 
1247 14 
331 482 
961 1865 
1222 1563 
275 1746 
320 350 
610 1437 
517 745 
1497 1784 
1042 1064 
863 158 
431 1475 
1670 205 
270 1186 
1600 988 
1152 1541 
1586 1779 
91 184 
373 635 
1692 309 
1048 1603 
1944 138 
144 604 
1261 1853 
1195 1451 
899 1451 
1531 1537 
1686 15 
729 1826 
1865 152 
1401 1598 
1802 455 
1310 790 
841 1044 
1175 1203 
1515 537 
1480 190 
618 689 
1131 1817 
1824 1846 
60 668 
582 894 
1394 650 
263 815 
1736 487 
679 811 
1331 1642 
203 900 
298 1161 
1226 1428 
1638 597 
1196 1265 
1610 439 
1014 1527 
136 644 
1053 1580 
1759 125 
216 745 
1507 434 
1241 964 
1525 216 
895 1500 
1951 948 
53 826 
1211 1522 
1539 913 
1109 1170 
360 433 
741 1765 
106 326 
411 513 
938 1201 
1272 1816 
1948 560 
884 1327 
304 1684 
674 536 
906 140 
1157 170 
775 1020 
1041 1153 
1192 492 
726 1315 
180 539 
557 1281 
1595 668 
803 989 
1436 1450 
1789 1620 
421 1016 
1510 732 
869 1584 
211 222 
297 1100 
1320 1780 
342 343 
846 1092 
1137 47 
239 1316 
1088 1312 
442 882 
947 1274 
1847 1862 
1887 1950 
483 1119 
1250 1137 
1925 699 
1119 1484 
1944 449 
1293 1917 
387 404 
411 1856 
350 1441 
798 1604 
484 485 
932 1029 
555 1237 
883 238 
843 260 
910 1433 
1515 1668 
1832 1758 
22 647 
891 1355 
1179 1210 
1498 27 
278 291 
558 590 
1345 1788 
1079 364 
388 777 
1299 731 
944 1454 
633 983 
1276 317 
631 719 
547 796 
843 1604 
1715 354 
520 565 
880 1220 
1360 1853 
758 1374 
352 1408 
7 628 
655 1591 
588 845 
1392 1461 
1551 178 
426 725 
842 1471 
205 829 
1247 1697 
784 1099 
526 708 
1183 1657 
1658 1690 
340 636 
517 1196 
1338 1703 
793 801 
29 210 
574 720 
878 940 
1765 30 
1060 1316 
1729 1992 
995 1048 
80 1081 
1318 1770 
1990 1087 
1361 1748 
718 262 
642 734 
1226 1537 
1556 156 
608 1154 
1472 1845 
383 248 
1806 1841 
