1 1 
1 1 
2 3 
3 4 
5 7 
7 7 
8 8 
8 8 
8 8 
8 9 
9 10 
10 11 
11 11 
11 11 
11 12 
13 13 
13 13 
14 14 
14 14 
15 15 
15 15 
15 16 
16 16 
16 17 
17 17 
17 17 
17 17 
18 18 
19 19 
19 19 
20 20 
21 21 
21 21 
21 22 
22 22 
23 23 
23 23 
23 24 
25 25 
26 26 
26 26 
26 27 
28 29 
29 30 
30 30 
30 30 
31 31 
31 32 
32 32 
33 33 
33 34 
34 34 
34 34 
35 36 
36 36 
36 37 
37 37 
37 37 
38 38 
38 38 
38 39 
39 39 
39 39 
39 39 
40 41 
41 42 
42 42 
43 43 
43 43 
44 44 
44 44 
44 45 
45 45 
46 46 
46 46 
46 46 
47 47 
47 48 
48 48 
48 49 
49 49 
50 50 
50 50 
50 50 
50 51 
51 51 
51 52 
52 53 
53 53 
54 54 
54 54 
55 55 
55 55 
55 56 
57 57 
57 58 
58 59 
59 60 
60 61 
61 61 
61 61 
61 61 
62 62 
62 63 
63 64 
64 64 
64 64 
65 66 
66 66 
66 67 
67 67 
68 69 
69 69 
70 70 
70 71 
71 71 
72 72 
72 72 
72 72 
73 74 
74 74 
75 75 
75 76 
76 76 
76 78 
78 78 
78 79 
79 80 
80 80 
80 80 
80 80 
81 81 
82 82 
83 83 
83 84 
84 84 
84 84 
84 84 
85 85 
85 86 
86 86 
86 87 
87 88 
88 88 
89 89 
89 89 
89 89 
89 91 
91 91 
91 91 
91 91 
91 92 
92 92 
93 94 
94 94 
94 94 
94 95 
96 97 
97 97 
98 98 
99 99 
100 100 
100 100 
100 101 
102 102 
102 102 
102 103 
103 103 
104 105 
105 105 
106 106 
106 106 
106 107 
107 107 
108 108 
109 110 
110 111 
111 112 
112 112 
112 112 
113 113 
113 113 
113 113 
114 114 
114 114 
114 115 
116 116 
116 117 
117 117 
118 119 
120 120 
120 121 
121 122 
122 123 
123 123 
123 124 
124 125 
125 125 
126 126 
126 126 
126 127 
127 127 
128 129 
129 129 
129 129 
130 130 
131 132 
132 132 
133 133 
133 134 
135 135 
135 135 
136 136 
137 137 
137 137 
137 137 
138 139 
139 140 
140 140 
141 141 
141 142 
143 143 
143 143 
143 143 
144 144 
145 145 
145 146 
146 146 
146 147 
149 149 
150 151 
152 152 
153 153 
154 154 
154 154 
154 154 
154 154 
155 155 
155 156 
156 157 
158 158 
158 158 
159 160 
160 160 
160 161 
161 161 
161 162 
162 162 
162 163 
164 164 
164 164 
164 165 
165 165 
166 167 
167 167 
167 167 
167 167 
167 168 
168 169 
169 169 
170 171 
172 172 
172 172 
173 174 
174 174 
174 175 
175 175 
176 176 
176 176 
176 176 
177 177 
177 177 
178 178 
178 178 
178 178 
179 179 
180 180 
180 180 
180 181 
181 181 
181 181 
182 182 
182 182 
182 183 
184 185 
185 185 
185 185 
186 186 
186 187 
188 188 
189 189 
189 189 
190 190 
190 190 
191 191 
191 191 
192 192 
193 193 
194 194 
194 195 
195 195 
196 196 
196 196 
197 198 
198 198 
198 199 
199 199 
199 200 
200 200 
201 202 
202 202 
202 202 
202 202 
202 202 
203 203 
203 203 
203 203 
204 204 
204 204 
204 205 
205 205 
206 207 
207 208 
209 209 
209 209 
210 210 
210 210 
210 211 
212 212 
212 212 
212 212 
212 214 
214 214 
214 215 
216 216 
216 216 
216 217 
217 218 
218 218 
218 219 
219 219 
220 220 
220 221 
221 221 
222 222 
222 223 
223 223 
225 225 
225 225 
225 226 
226 227 
227 227 
228 230 
230 232 
232 232 
232 233 
233 234 
234 235 
235 236 
236 236 
237 237 
238 238 
238 238 
238 239 
239 239 
239 240 
240 240 
241 241 
242 243 
243 243 
244 244 
244 244 
245 245 
246 246 
246 246 
246 247 
247 248 
248 248 
248 249 
250 250 
250 250 
250 251 
251 251 
251 252 
252 253 
253 253 
254 255 
255 256 
256 256 
256 256 
256 256 
256 256 
257 257 
257 257 
257 258 
258 258 
258 258 
259 259 
259 259 
259 259 
260 260 
260 260 
261 261 
261 261 
262 262 
262 262 
262 263 
263 264 
265 265 
266 266 
266 267 
267 268 
268 269 
269 269 
269 269 
269 269 
270 270 
270 270 
270 270 
271 271 
271 271 
271 272 
272 272 
272 272 
273 273 
273 274 
274 274 
274 274 
274 274 
275 275 
276 276 
276 276 
277 278 
278 279 
279 279 
279 280 
280 281 
281 282 
283 284 
284 284 
284 284 
286 286 
286 286 
287 287 
287 288 
288 288 
289 289 
289 289 
290 290 
290 290 
291 291 
292 293 
294 294 
294 295 
296 297 
297 297 
297 297 
298 298 
298 299 
300 300 
300 300 
300 300 
300 300 
301 302 
302 303 
303 303 
303 303 
303 303 
304 304 
304 305 
305 305 
305 306 
306 306 
306 306 
306 307 
307 308 
308 309 
309 309 
310 310 
310 310 
311 311 
311 313 
313 313 
314 315 
315 315 
315 315 
315 315 
316 317 
317 317 
317 317 
318 318 
318 319 
319 319 
320 320 
320 321 
321 322 
322 322 
322 322 
323 323 
324 324 
324 325 
325 325 
325 325 
326 326 
326 326 
328 328 
328 328 
329 330 
330 330 
330 330 
331 331 
332 332 
332 333 
334 334 
334 335 
335 336 
336 336 
337 337 
337 337 
338 338 
338 339 
339 339 
339 340 
340 341 
341 342 
342 342 
342 342 
342 343 
343 343 
344 344 
345 345 
346 346 
347 347 
347 347 
348 348 
348 348 
349 351 
351 352 
352 353 
353 353 
354 354 
354 354 
354 355 
355 355 
356 356 
357 358 
358 358 
358 359 
359 359 
359 360 
360 361 
361 362 
362 363 
363 363 
363 363 
364 364 
364 364 
365 366 
368 370 
370 370 
370 370 
370 370 
371 372 
372 372 
372 373 
374 374 
374 374 
376 376 
376 376 
377 377 
378 378 
378 378 
378 378 
379 380 
380 380 
380 380 
381 381 
382 382 
383 383 
383 384 
384 385 
385 385 
385 385 
385 385 
386 386 
386 386 
386 387 
387 388 
388 389 
389 389 
389 390 
390 390 
390 391 
391 391 
391 392 
392 393 
393 395 
395 395 
397 397 
398 398 
398 399 
399 400 
400 401 
402 402 
402 402 
403 403 
403 404 
405 405 
405 405 
407 407 
407 408 
408 408 
409 410 
411 412 
412 412 
412 412 
413 413 
413 413 
413 413 
413 414 
414 415 
416 416 
417 417 
417 417 
418 418 
418 418 
419 419 
419 420 
420 421 
421 421 
421 421 
421 423 
423 423 
423 424 
424 424 
424 425 
425 426 
426 426 
426 426 
427 427 
428 429 
429 429 
429 430 
430 430 
430 430 
430 430 
431 431 
431 431 
432 432 
433 433 
433 434 
434 435 
435 435 
436 436 
436 437 
437 437 
438 439 
439 439 
439 440 
440 440 
440 440 
440 441 
441 441 
442 442 
442 442 
443 443 
444 444 
444 445 
445 445 
445 445 
445 445 
445 446 
446 446 
447 447 
447 447 
448 448 
448 449 
449 449 
449 449 
449 450 
450 450 
450 450 
451 451 
452 452 
453 454 
455 455 
455 455 
455 456 
456 457 
457 458 
458 458 
458 459 
459 459 
459 459 
460 460 
460 460 
460 461 
462 462 
462 462 
463 464 
464 464 
464 465 
465 465 
465 465 
466 466 
466 466 
467 468 
468 469 
469 469 
470 470 
470 470 
470 471 
471 471 
471 472 
472 472 
472 473 
473 473 
473 473 
474 475 
475 475 
476 476 
476 476 
477 477 
477 478 
478 478 
478 478 
478 478 
479 479 
479 479 
479 479 
480 480 
480 481 
481 481 
481 481 
482 482 
482 482 
483 483 
484 484 
484 485 
485 486 
486 486 
486 486 
486 487 
487 487 
488 488 
488 489 
489 489 
489 491 
491 491 
491 491 
491 492 
492 494 
494 494 
495 495 
496 496 
496 496 
498 498 
498 498 
498 499 
499 500 
500 500 
500 500 
17 103 
205 246 
126 310 
459 273 
450 81 
143 176 
16 98 
161 212 
348 383 
390 436 
498 63 
236 60 
108 114 
144 391 
410 372 
46 137 
165 478 
38 58 
328 359 
32 179 
263 300 
342 8 
35 233 
270 1 
268 304 
306 354 
383 445 
76 486 
30 78 
167 271 
83 84 
97 130 
161 296 
413 48 
271 328 
61 182 
412 439 
469 84 
136 232 
143 202 
390 391 
433 274 
53 37 
157 19 
162 176 
243 325 
155 389 
445 15 
343 354 
372 385 
388 37 
91 279 
377 424 
16 46 
180 209 
286 29 
34 83 
212 251 
14 103 
271 361 
481 72 
140 219 
291 315 
336 457 
326 276 
339 97 
232 303 
84 212 
261 415 
176 203 
289 417 
452 133 
162 420 
13 36 
59 218 
278 320 
86 98 
468 22 
178 299 
359 218 
278 442 
154 235 
236 435 
438 472 
487 87 
178 258 
477 72 
480 28 
405 489 
214 248 
316 494 
84 275 
342 425 
437 440 
219 240 
429 14 
495 46 
175 11 
79 23 
64 71 
74 257 
300 476 
91 137 
430 10 
372 61 
96 139 
202 374 
186 91 
120 321 
500 180 
284 471 
370 198 
479 498 
91 203 
227 61 
126 130 
39 52 
91 250 
430 441 
165 61 
192 347 
235 423 
475 18 
113 189 
429 19 
154 258 
449 60 
465 195 
281 323 
389 426 
442 492 
7 94 
88 449 
20 37 
407 20 
24 43 
55 325 
337 424 
132 257 
276 47 
346 366 
473 51 
459 82 
146 241 
114 176 
251 257 
259 330 
494 34 
62 66 
70 72 
240 363 
436 210 
241 324 
465 81 
168 190 
328 402 
433 309 
64 21 
42 110 
8 47 
180 270 
112 176 
256 294 
470 320 
116 279 
315 399 
459 1 
38 322 
270 167 
225 421 
164 261 
295 378 
412 332 
355 484 
11 185 
214 97 
220 135 
444 100 
223 238 
423 444 
76 132 
189 293 
330 491 
11 89 
178 256 
370 121 
102 252 
402 222 
297 337 
214 311 
66 306 
352 115 
309 150 
276 141 
172 225 
446 237 
479 158 
259 320 
2 71 
441 450 
477 189 
259 413 
137 192 
202 223 
313 426 
21 71 
230 85 
113 319 
45 200 
413 370 
111 203 
402 460 
25 461 
13 62 
128 250 
379 463 
343 64 
478 39 
221 230 
123 256 
447 359 
7 26 
146 238 
290 445 
11 439 
167 348 
370 88 
143 315 
330 354 
163 212 
122 246 
306 478 
223 491 
50 78 
181 203 
240 302 
434 448 
31 364 
395 245 
421 29 
125 212 
339 435 
202 204 
205 266 
423 8 
21 370 
412 30 
45 274 
294 149 
106 167 
260 339 
459 13 
73 206 
374 19 
105 145 
164 204 
260 416 
417 94 
453 182 
305 338 
254 269 
123 188 
189 382 
470 215 
290 470 
487 59 
351 478 
7 30 
44 89 
100 386 
210 227 
238 262 
48 51 
114 262 
326 481 
15 181 
36 67 
99 269 
483 154 
179 196 
319 449 
23 169 
263 288 
464 218 
449 108 
186 196 
306 405 
65 185 
289 340 
172 318 
76 113 
127 172 
94 237 
333 348 
262 315 
322 342 
74 129 
243 458 
426 430 
496 80 
212 250 
181 185 
317 499 
386 69 
239 249 
441 266 
376 414 
486 133 
395 500 
339 26 
64 129 
159 256 
322 345 
443 459 
44 70 
135 154 
399 403 
160 167 
250 303 
491 1 
160 310 
165 220 
426 380 
36 246 
432 473 
92 177 
387 398 
486 284 
8 37 
43 149 
158 195 
480 54 
109 118 
336 174 
239 256 
303 356 
464 364 
472 46 
49 183 
220 39 
57 378 
110 207 
218 140 
427 489 
117 419 
434 112 
129 153 
105 123 
386 407 
466 287 
288 70 
177 380 
305 131 
140 25 
42 260 
331 16 
256 403 
447 50 
75 10 
50 317 
124 190 
112 143 
177 440 
471 198 
216 464 
481 57 
91 154 
88 92 
482 30 
193 304 
334 413 
432 486 
156 479 
1 151 
209 334 
433 274 
452 54 
258 330 
337 198 
72 137 
195 204 
445 37 
89 345 
363 116 
338 274 
342 382 
170 342 
464 100 
114 141 
202 216 
233 400 
409 469 
61 85 
89 271 
481 51 
78 248 
317 440 
89 125 
127 420 
470 485 
164 167 
232 476 
43 106 
270 482 
177 178 
191 353 
417 15 
182 303 
303 431 
160 199 
364 418 
486 17 
272 171 
180 300 
306 311 
412 424 
16 99 
104 261 
344 451 
19 22 
38 257 
431 268 
282 344 
430 468 
4 430 
482 27 
162 247 
253 277 
297 479 
55 390 
41 85 
122 391 
274 46 
49 34 
102 347 
385 378 
478 80 
319 272 
303 67 
211 347 
354 449 
36 310 
385 460 
226 380 
401 182 
226 355 
44 186 
321 405 
143 174 
414 457 
39 300 
413 113 
100 162 
462 106 
21 117 
274 328 
352 448 
335 421 
437 48 
15 61 
269 291 
363 392 
411 456 
418 154 
429 42 
204 216 
264 265 
283 341 
17 243 
362 169 
228 380 
479 17 
120 152 
185 269 
385 393 
408 403 
496 95 
121 465 
3 205 
286 413 
119 269 
440 129 
337 472 
405 39 
102 146 
191 370 
383 431 
54 196 
236 258 
348 488 
188 360 
469 132 
181 281 
46 101 
125 66 
289 103 
191 202 
332 473 
80 381 
92 332 
386 30 
84 347 
413 478 
40 178 
440 488 
14 22 
94 297 
439 89 
113 146 
248 472 
232 365 
107 322 
324 190 
244 246 
475 298 
388 39 
214 465 
84 117 
248 313 
169 252 
448 41 
158 164 
201 187 
398 303 
458 15 
55 191 
253 255 
346 32 
138 446 
270 272 
202 251 
86 342 
74 279 
284 325 
8 145 
190 317 
421 175 
455 120 
297 262 
455 471 
17 32 
147 284 
421 107 
288 436 
216 427 
368 363 
376 476 
487 14 
48 142 
460 318 
435 38 
391 304 
376 91 
251 300 
358 418 
155 217 
266 474 
331 86 
357 68 
114 134 
145 161 
315 498 
488 12 
33 63 
481 460 
64 166 
445 491 
199 358 
362 400 
34 480 
106 219 
280 418 
477 489 
137 208 
227 287 
305 407 
323 387 
172 253 
8 17 
315 419 
455 33 
279 286 
306 408 
429 430 
176 197 
225 324 
393 210 
381 33 
335 31 
80 402 
478 8 
26 275 
442 11 
26 276 
361 300 
500 307 
386 155 
200 408 
440 466 
210 340 
492 102 
203 256 
376 287 
94 116 
135 389 
203 234 
308 498 
53 185 
289 314 
83 225 
380 307 
385 395 
256 11 
300 23 
106 161 
269 458 
21 127 
133 244 
292 310 
325 199 
290 43 
167 458 
44 167 
262 454 
267 301 
363 378 
222 384 
437 45 
259 105 
156 298 
349 354 
451 75 
112 160 
491 34 
84 269 
447 55 
473 80 
129 194 
207 445 
221 356 
484 57 
76 302 
385 62 
72 194 
272 273 
385 431 
265 271 
315 430 
209 244 
26 94 
246 154 
222 50 
158 360 
9 91 
355 55 
298 419 
50 23 
144 329 
470 56 
238 258 
311 326 
397 72 
126 198 
49 80 
390 450 
202 450 
111 112 
499 17 
31 143 
250 374 
426 446 
498 123 
343 445 
141 234 
424 476 
154 297 
338 78 
82 181 
184 284 
473 5 
126 442 
443 496 
270 421 
44 247 
168 417 
351 353 
384 466 
495 300 
496 39 
290 193 
341 412 
416 3 
87 102 
164 202 
135 286 
359 373 
484 136 
294 467 
471 475 
137 182 
216 239 
255 79 
93 309 
336 466 
225 397 
455 465 
462 47 
272 23 
256 318 
100 173 
174 259 
439 67 
238 353 
462 50 
217 313 
330 86 
209 322 
425 449 
364 75 
334 462 
61 260 
358 447 
51 126 
378 13 
139 152 
175 280 
325 389 
69 124 
245 274 
305 482 
52 212 
377 38 
178 239 
257 372 
242 261 
273 479 
180 486 
107 428 
460 259 
489 18 
199 210 
244 267 
483 50 
174 358 
317 326 
371 53 
221 378 
485 113 
153 204 
374 423 
500 80 
398 54 
89 500 
58 455 
194 308 
450 456 
9 69 
370 404 
445 196 
444 66 
200 392 
491 494 
