1 1 
1 1 
1 1 
2 2 
2 2 
3 3 
3 3 
4 4 
4 5 
5 5 
5 5 
6 6 
7 7 
7 7 
8 8 
8 9 
9 9 
10 10 
10 11 
11 11 
12 12 
12 12 
13 14 
14 15 
15 16 
17 17 
18 18 
18 18 
19 19 
19 20 
20 21 
21 22 
22 22 
22 23 
23 23 
23 23 
23 23 
24 25 
25 25 
26 26 
26 26 
26 27 
27 28 
28 28 
29 30 
30 31 
31 32 
33 33 
33 33 
33 34 
34 34 
34 34 
34 35 
35 36 
36 37 
37 37 
37 37 
37 38 
38 38 
39 39 
40 40 
40 41 
41 42 
42 42 
42 42 
42 42 
43 43 
43 43 
45 46 
46 47 
47 47 
47 47 
47 48 
48 48 
48 49 
49 49 
50 50 
50 51 
53 53 
53 53 
54 54 
54 54 
54 55 
55 55 
55 55 
55 56 
56 56 
56 57 
57 58 
58 60 
60 60 
61 61 
61 62 
62 63 
63 64 
64 64 
64 64 
65 65 
65 65 
65 65 
66 66 
66 67 
67 67 
67 68 
68 69 
69 69 
69 69 
71 71 
71 72 
72 72 
72 72 
73 73 
74 74 
74 74 
75 75 
76 76 
76 76 
76 77 
77 78 
78 79 
79 79 
79 80 
80 80 
80 81 
81 81 
81 82 
82 82 
82 82 
82 82 
83 83 
84 84 
84 84 
85 85 
85 85 
86 87 
88 88 
89 89 
89 91 
91 91 
91 92 
93 93 
93 94 
94 94 
94 94 
95 95 
95 96 
96 97 
97 97 
97 97 
98 98 
98 100 
100 101 
101 101 
102 102 
103 104 
104 104 
104 105 
105 105 
105 105 
105 105 
106 106 
107 107 
107 108 
108 108 
108 109 
109 109 
109 110 
110 111 
111 112 
112 112 
113 113 
113 113 
113 114 
116 116 
117 117 
117 117 
117 117 
118 118 
118 119 
120 121 
121 121 
121 121 
122 122 
122 123 
123 123 
123 124 
124 125 
126 126 
126 128 
128 129 
129 129 
129 129 
130 130 
130 130 
130 130 
131 131 
131 131 
131 132 
132 132 
132 132 
133 133 
134 134 
134 134 
134 135 
135 136 
136 136 
136 136 
136 136 
137 137 
137 138 
138 139 
139 140 
140 140 
140 140 
140 140 
140 141 
141 141 
142 143 
143 143 
143 143 
143 143 
143 144 
144 144 
145 145 
145 145 
145 146 
146 146 
147 147 
149 149 
149 150 
150 151 
151 151 
151 151 
151 152 
152 152 
153 153 
153 154 
154 155 
156 156 
156 156 
156 157 
157 157 
157 158 
158 158 
158 159 
159 159 
160 160 
161 161 
161 161 
162 162 
162 163 
163 164 
164 165 
165 165 
165 166 
166 167 
167 167 
168 168 
168 169 
169 169 
169 170 
170 171 
172 172 
172 173 
173 173 
173 174 
174 174 
175 175 
175 175 
176 177 
177 177 
177 177 
177 177 
177 178 
178 178 
178 178 
178 179 
179 179 
179 179 
180 180 
180 181 
181 181 
182 182 
182 183 
184 184 
184 186 
186 186 
186 187 
188 188 
188 189 
189 190 
190 191 
191 191 
192 192 
192 192 
192 193 
193 193 
193 193 
194 194 
194 195 
195 196 
196 197 
197 198 
198 198 
199 199 
199 200 
200 200 
200 200 
200 201 
201 201 
201 201 
201 201 
202 202 
203 203 
203 203 
203 205 
205 205 
205 206 
206 206 
206 207 
207 207 
207 208 
208 208 
208 208 
208 209 
209 209 
209 210 
210 211 
211 211 
211 211 
211 211 
212 212 
212 212 
212 213 
213 213 
214 214 
215 215 
215 216 
216 216 
217 218 
218 218 
219 219 
220 220 
221 221 
222 222 
223 223 
224 224 
224 224 
225 225 
225 226 
226 226 
226 227 
228 228 
228 229 
229 229 
229 229 
229 229 
229 230 
230 231 
232 232 
232 233 
234 234 
234 234 
235 235 
235 235 
235 235 
236 236 
236 237 
237 237 
238 238 
238 239 
239 240 
240 242 
242 242 
243 243 
244 245 
245 245 
246 246 
246 246 
246 247 
248 248 
248 248 
249 249 
250 251 
252 252 
253 253 
253 253 
254 254 
254 254 
254 255 
256 256 
257 257 
257 257 
257 257 
257 258 
258 258 
259 260 
260 260 
260 261 
261 263 
263 263 
263 263 
263 264 
264 265 
266 266 
266 267 
267 268 
268 268 
269 269 
269 269 
269 270 
270 270 
270 271 
271 272 
272 272 
272 273 
273 273 
273 274 
274 274 
274 274 
275 275 
275 275 
275 275 
275 276 
276 276 
276 276 
276 277 
277 278 
278 278 
278 279 
279 279 
280 281 
281 281 
281 283 
283 283 
284 284 
285 285 
285 285 
285 286 
286 286 
287 287 
287 287 
287 288 
288 289 
289 290 
291 291 
291 292 
292 293 
293 293 
293 293 
294 295 
295 295 
295 295 
296 297 
297 297 
297 298 
299 299 
299 300 
301 301 
302 302 
302 302 
302 303 
303 303 
304 304 
304 305 
305 305 
306 306 
306 307 
307 308 
308 308 
308 309 
310 310 
310 310 
310 311 
311 311 
311 311 
312 312 
312 312 
313 313 
313 313 
313 314 
314 315 
315 315 
315 316 
316 317 
317 317 
317 317 
318 318 
318 318 
318 318 
318 319 
319 319 
319 320 
320 320 
320 321 
321 321 
322 322 
323 323 
323 324 
324 325 
326 326 
326 326 
327 328 
328 328 
328 328 
328 328 
329 329 
330 330 
330 330 
330 331 
331 331 
331 331 
332 332 
332 332 
333 333 
334 334 
334 334 
334 336 
336 336 
336 337 
337 337 
337 338 
338 339 
339 339 
339 339 
340 340 
340 340 
341 341 
341 341 
341 341 
342 342 
342 343 
343 344 
344 344 
344 345 
345 345 
345 346 
346 347 
347 347 
347 347 
348 348 
348 348 
348 349 
349 349 
349 350 
351 352 
352 352 
352 352 
353 353 
354 354 
354 354 
357 357 
359 359 
360 360 
361 362 
362 362 
363 363 
363 364 
364 364 
364 364 
365 365 
366 366 
367 367 
367 367 
367 368 
368 368 
368 368 
368 368 
368 369 
370 370 
371 371 
372 372 
372 373 
373 374 
374 374 
375 375 
375 375 
375 375 
376 376 
376 376 
376 377 
377 377 
378 378 
379 379 
379 379 
380 380 
380 381 
381 381 
382 383 
383 383 
383 383 
384 384 
384 384 
384 385 
386 386 
386 386 
386 386 
386 387 
387 388 
389 389 
390 390 
390 390 
391 391 
391 392 
392 394 
394 394 
394 394 
395 395 
395 395 
396 396 
396 396 
397 397 
399 399 
400 400 
400 401 
401 401 
401 402 
402 402 
402 403 
403 403 
403 403 
403 404 
404 404 
405 405 
405 406 
406 406 
407 408 
408 409 
409 409 
410 411 
411 411 
412 413 
413 413 
414 414 
414 414 
414 415 
415 416 
416 416 
416 417 
417 417 
417 417 
417 418 
418 418 
419 419 
419 420 
420 421 
421 421 
422 422 
423 423 
423 423 
423 423 
424 424 
424 424 
424 424 
425 425 
426 426 
426 427 
427 427 
428 428 
428 428 
428 428 
429 429 
429 429 
429 429 
429 429 
430 430 
430 431 
431 432 
432 432 
433 434 
434 435 
435 435 
436 436 
436 436 
437 438 
438 440 
440 442 
442 442 
443 444 
444 444 
444 445 
445 445 
445 446 
447 447 
447 447 
448 448 
448 448 
448 448 
448 449 
449 449 
450 450 
450 450 
450 450 
451 451 
451 452 
452 453 
453 453 
453 455 
457 458 
458 458 
458 458 
458 459 
459 459 
461 462 
462 462 
463 463 
463 464 
464 464 
464 464 
465 465 
466 466 
466 466 
467 467 
468 468 
468 468 
469 469 
470 470 
470 471 
471 471 
471 471 
472 472 
473 474 
474 474 
474 475 
476 476 
476 476 
477 477 
477 478 
478 478 
479 479 
480 480 
480 480 
481 481 
481 481 
481 481 
481 482 
482 482 
482 483 
483 484 
484 484 
485 486 
486 486 
487 487 
487 488 
489 489 
489 489 
490 490 
490 491 
491 491 
491 491 
492 492 
492 492 
493 493 
494 494 
494 495 
495 495 
495 496 
496 496 
497 497 
497 497 
498 498 
499 499 
500 500 
500 500 
38 139 
196 229 
347 493 
129 201 
331 476 
69 141 
373 414 
348 450 
484 104 
340 384 
417 500 
76 235 
113 156 
371 383 
156 264 
487 88 
332 477 
252 260 
377 144 
269 293 
165 192 
248 275 
324 68 
424 140 
384 205 
169 375 
110 118 
254 295 
352 374 
390 414 
430 131 
234 56 
167 205 
349 24 
75 207 
246 274 
328 411 
23 306 
395 421 
64 94 
197 249 
492 102 
380 279 
480 498 
466 305 
447 220 
328 177 
40 117 
129 234 
252 42 
97 161 
246 482 
492 140 
318 209 
332 117 
167 190 
222 444 
499 1 
225 453 
163 392 
33 249 
318 235 
334 34 
114 151 
268 312 
331 490 
47 153 
182 336 
468 257 
344 43 
164 200 
242 387 
495 60 
156 286 
336 225 
285 342 
72 136 
310 205 
151 278 
279 302 
171 173 
178 287 
496 80 
88 157 
225 341 
471 22 
178 235 
278 333 
367 261 
280 48 
67 272 
172 339 
343 165 
216 64 
367 26 
63 151 
179 490 
132 179 
272 348 
353 403 
323 346 
374 60 
193 381 
442 14 
248 3 
248 328 
364 483 
349 404 
440 50 
89 133 
372 435 
211 299 
123 297 
338 492 
23 375 
6 84 
384 387 
467 302 
339 283 
475 143 
200 334 
396 55 
105 119 
436 149 
310 376 
395 91 
124 253 
367 427 
429 452 
147 281 
76 110 
395 419 
129 212 
301 344 
403 323 
9 55 
72 143 
419 82 
198 270 
298 332 
101 145 
195 26 
161 203 
218 438 
146 297 
316 143 
307 34 
136 278 
391 400 
172 233 
480 315 
376 93 
216 368 
27 253 
184 5 
347 375 
473 80 
215 267 
372 386 
480 500 
117 168 
277 304 
472 175 
188 270 
278 131 
140 193 
442 18 
84 178 
431 118 
186 413 
7 174 
239 288 
434 42 
156 423 
33 37 
106 245 
366 458 
18 112 
134 80 
364 130 
181 246 
429 455 
150 276 
411 74 
321 413 
464 82 
155 186 
135 263 
449 243 
320 2 
33 85 
263 311 
121 214 
253 254 
321 371 
21 109 
157 261 
408 65 
191 429 
432 464 
72 276 
118 286 
368 390 
482 126 
345 50 
97 224 
294 319 
406 497 
201 337 
429 228 
256 1 
221 15 
35 109 
145 221 
415 418 
426 3 
257 287 
336 79 
89 96 
251 257 
334 345 
423 11 
161 466 
93 140 
165 200 
363 95 
281 486 
83 390 
81 176 
192 122 
206 42 
53 64 
206 432 
463 311 
345 416 
43 238 
418 192 
245 124 
7 8 
48 116 
257 55 
131 257 
462 177 
321 374 
390 189 
379 424 
354 380 
34 94 
144 255 
199 312 
360 39 
357 47 
399 12 
62 145 
271 411 
448 22 
37 318 
106 259 
276 17 
242 317 
471 212 
333 54 
61 98 
362 54 
258 384 
435 113 
229 410 
108 228 
330 474 
149 32 
158 219 
226 350 
453 487 
499 54 
56 111 
273 373 
409 64 
65 340 
416 428 
448 462 
500 121 
323 368 
43 213 
318 314 
103 199 
238 112 
125 285 
494 426 
108 332 
405 159 
465 37 
237 132 
274 386 
12 149 
154 234 
445 67 
109 268 
275 326 
236 331 
478 93 
495 1 
287 26 
229 91 
341 375 
162 184 
450 47 
79 145 
250 319 
386 2 
137 337 
414 429 
458 494 
240 244 
94 272 
326 341 
401 16 
22 51 
353 150 
151 220 
423 23 
269 402 
404 211 
297 320 
330 402 
429 36 
218 403 
491 293 
463 73 
208 316 
347 424 
442 447 
85 170 
281 385 
412 182 
351 400 
130 484 
105 368 
399 62 
101 330 
226 94 
209 363 
177 364 
31 206 
139 140 
37 396 
289 295 
136 304 
389 408 
38 49 
55 177 
217 308 
466 312 
138 175 
326 1 
174 197 
266 292 
302 324 
403 317 
347 275 
287 386 
448 98 
21 33 
192 248 
6 41 
56 354 
428 437 
194 380 
458 190 
379 495 
153 184 
376 113 
481 202 
310 47 
169 434 
128 464 
202 117 
154 295 
23 34 
121 311 
424 472 
12 68 
69 234 
26 40 
200 143 
10 33 
82 102 
130 276 
18 130 
383 428 
497 161 
138 348 
46 141 
143 156 
157 300 
450 173 
263 481 
168 10 
264 306 
386 58 
131 126 
129 258 
299 306 
491 8 
260 479 
229 293 
320 105 
448 42 
193 303 
11 207 
274 352 
461 91 
108 403 
479 165 
394 60 
65 203 
290 178 
302 397 
420 23 
191 269 
319 379 
12 193 
231 276 
401 407 
482 122 
133 168 
253 275 
344 107 
484 53 
56 97 
108 28 
53 375 
58 83 
146 212 
381 78 
433 478 
367 376 
49 186 
303 317 
496 48 
134 453 
54 141 
196 232 
451 113 
383 223 
318 272 
313 342 
394 229 
382 11 
210 266 
328 402 
136 18 
223 245 
466 491 
489 74 
95 208 
487 91 
73 263 
477 257 
85 345 
53 77 
229 273 
415 268 
285 381 
107 224 
418 30 
368 474 
25 260 
263 96 
448 226 
359 375 
435 494 
50 81 
240 383 
388 129 
152 246 
340 417 
42 162 
227 342 
291 334 
357 471 
485 183 
391 100 
378 383 
478 95 
211 169 
230 285 
424 425 
35 40 
167 182 
289 331 
491 136 
200 274 
463 128 
208 266 
496 123 
130 158 
427 450 
66 87 
181 13 
229 328 
193 203 
228 477 
486 23 
31 69 
293 325 
468 497 
337 453 
175 208 
216 339 
417 2 
42 194 
318 483 
9 36 
92 188 
57 170 
41 79 
143 313 
352 43 
48 142 
438 137 
201 329 
450 74 
349 61 
77 330 
444 447 
5 179 
311 377 
55 198 
203 352 
396 428 
49 291 
312 61 
354 46 
85 276 
394 135 
143 152 
301 66 
370 1 
104 211 
230 416 
4 65 
256 471 
500 22 
71 338 
386 177 
213 19 
269 334 
341 422 
65 205 
160 235 
343 481 
163 313 
308 467 
162 395 
376 172 
458 497 
145 218 
468 69 
120 219 
401 443 
401 470 
117 447 
57 63 
82 284 
423 101 
134 181 
215 305 
419 468 
491 492 
346 413 
7 130 
72 105 
481 3 
178 19 
66 158 
17 75 
104 198 
279 308 
81 100 
238 284 
361 10 
340 465 
315 423 
159 237 
274 397 
27 160 
236 67 
281 303 
292 7 
254 288 
310 315 
5 15 
76 173 
400 212 
105 191 
200 232 
260 349 
422 47 
76 310 
224 490 
19 134 
147 158 
97 314 
459 39 
450 271 
291 344 
425 448 
25 81 
84 360 
79 222 
341 445 
273 379 
164 215 
97 213 
384 203 
275 364 
365 207 
208 293 
424 65 
86 209 
229 270 
440 71 
207 481 
188 449 
459 136 
462 481 
275 131 
224 178 
414 421 
174 23 
122 166 
212 112 
123 370 
3 20 
201 409 
436 140 
302 152 
179 347 
445 5 
311 330 
452 470 
489 140 
153 304 
84 89 
368 273 
498 25 
409 426 
352 386 
116 143 
206 367 
378 474 
14 159 
211 246 
317 402 
317 394 
140 187 
421 82 
322 451 
179 235 
254 341 
448 476 
82 121 
132 137 
201 208 
444 469 
20 436 
458 111 
481 132 
151 458 
283 113 
242 72 
173 308 
80 414 
430 476 
235 94 
336 71 
403 67 
109 211 
364 37 
339 429 
464 192 
396 416 
457 482 
30 211 
339 366 
166 180 
232 267 
307 394 
428 126 
405 470 
4 199 
257 322 
337 392 
287 427 
488 82 
417 38 
177 286 
329 121 
445 117 
201 236 
362 430 
432 391 
405 493 
269 157 
180 406 
151 210 
319 123 
132 243 
444 476 
189 377 
29 144 
226 295 
76 359 
45 328 
363 368 
429 489 
365 417 
449 55 
169 313 
348 495 
107 247 
104 175 
305 423 
486 78 
2 428 
436 464 
9 299 
326 194 
283 315 
265 270 
28 98 
105 489 
239 258 
354 372 
404 406 
431 34 
134 275 
446 69 
331 4 
214 277 
313 146 
327 474 
8 177 
297 451 
296 417 
469 480 
42 64 
389 209 
263 295 
318 368 
26 34 
74 369 
1 459 
186 201 
309 47 
195 237 
471 54 
285 320 
136 254 
328 362 
28 420 
37 177 
5 105 
180 348 
