1 1 
1 1 
2 2 
2 2 
2 3 
3 3 
4 4 
4 4 
5 5 
5 5 
5 5 
5 6 
7 7 
7 7 
8 8 
8 8 
8 8 
9 9 
9 9 
9 10 
10 10 
10 11 
11 11 
12 12 
12 12 
13 13 
13 14 
14 14 
14 15 
15 15 
15 16 
16 16 
17 17 
17 17 
18 18 
18 20 
20 20 
20 21 
21 22 
22 23 
23 23 
24 25 
25 25 
25 26 
26 26 
26 26 
27 27 
27 28 
28 28 
29 30 
30 30 
30 30 
31 31 
31 31 
31 32 
32 34 
35 35 
35 36 
36 37 
38 38 
39 39 
39 39 
40 40 
41 41 
41 41 
42 42 
42 42 
43 43 
43 43 
44 44 
44 44 
45 45 
46 47 
48 48 
48 48 
48 49 
49 49 
49 49 
49 49 
50 50 
50 50 
51 51 
51 51 
51 52 
52 52 
53 53 
53 53 
54 54 
54 55 
55 55 
55 56 
56 57 
57 57 
58 58 
59 59 
60 60 
60 60 
61 61 
61 61 
62 62 
62 62 
63 63 
64 65 
65 65 
65 66 
66 66 
66 66 
67 67 
67 67 
67 68 
68 68 
68 68 
69 69 
70 71 
72 72 
72 72 
72 73 
73 73 
73 74 
74 74 
74 75 
75 75 
76 76 
76 76 
77 77 
78 78 
78 79 
79 79 
80 80 
80 81 
81 82 
82 82 
82 83 
83 84 
84 84 
84 84 
84 85 
85 85 
86 86 
86 86 
86 87 
87 89 
89 90 
90 92 
92 93 
93 93 
93 93 
94 94 
95 95 
96 96 
96 96 
97 98 
98 98 
98 99 
99 100 
100 100 
101 101 
102 102 
102 103 
103 103 
103 104 
105 105 
106 106 
107 107 
107 108 
109 109 
109 110 
110 111 
111 112 
112 112 
112 113 
113 114 
114 114 
114 114 
114 115 
116 117 
117 117 
117 117 
118 118 
118 118 
118 119 
119 120 
120 121 
121 121 
121 121 
122 122 
123 123 
124 125 
125 125 
125 125 
126 126 
127 127 
127 128 
128 128 
129 129 
129 129 
130 130 
130 130 
130 130 
130 130 
130 131 
131 132 
132 133 
133 133 
133 133 
134 134 
134 135 
135 135 
136 137 
137 138 
139 139 
139 139 
140 140 
141 141 
142 142 
143 144 
145 145 
145 146 
146 146 
146 146 
147 148 
148 148 
148 148 
149 149 
149 150 
150 151 
153 153 
153 154 
154 154 
155 155 
155 155 
156 156 
157 157 
157 157 
157 158 
160 160 
161 161 
162 162 
162 163 
163 164 
164 164 
164 165 
165 165 
166 166 
166 166 
166 166 
167 168 
168 169 
170 172 
172 174 
175 176 
176 176 
177 177 
177 177 
177 177 
177 178 
178 178 
178 178 
178 179 
179 180 
180 180 
180 180 
180 181 
181 182 
182 183 
183 184 
184 185 
186 186 
186 187 
187 187 
188 189 
189 189 
190 191 
191 191 
191 192 
193 193 
193 194 
195 196 
196 196 
197 197 
198 198 
198 198 
198 199 
199 199 
200 200 
200 201 
201 201 
201 201 
202 204 
204 205 
205 206 
207 208 
209 209 
209 209 
209 210 
210 210 
211 211 
211 212 
212 212 
212 212 
214 214 
214 214 
215 215 
216 216 
216 217 
218 219 
219 219 
219 219 
220 220 
220 220 
221 222 
223 223 
223 223 
223 224 
224 224 
225 225 
225 226 
226 226 
227 227 
227 228 
229 229 
229 229 
229 229 
230 230 
231 231 
231 232 
232 232 
233 233 
234 235 
235 235 
236 236 
237 237 
237 238 
239 239 
239 240 
240 240 
240 240 
241 241 
241 241 
242 242 
242 242 
242 242 
243 244 
245 245 
245 245 
245 245 
246 246 
246 246 
247 247 
248 248 
248 249 
249 250 
250 250 
251 251 
252 252 
252 252 
253 253 
255 255 
255 255 
255 257 
258 258 
258 259 
260 260 
260 261 
261 261 
261 262 
262 264 
264 264 
265 265 
265 266 
266 266 
266 267 
267 267 
268 269 
269 269 
269 270 
271 271 
271 272 
272 273 
273 273 
273 274 
274 274 
275 275 
276 276 
276 276 
276 277 
277 277 
277 278 
278 278 
280 280 
280 280 
280 281 
281 282 
282 282 
282 283 
283 283 
284 284 
284 284 
284 284 
285 285 
286 286 
286 287 
287 287 
287 287 
287 287 
288 288 
289 289 
290 291 
291 291 
291 292 
292 293 
293 293 
293 293 
293 294 
294 294 
294 295 
295 295 
296 296 
296 296 
297 298 
299 299 
299 300 
300 301 
301 301 
301 301 
301 302 
303 303 
303 303 
304 304 
304 304 
304 305 
305 305 
306 306 
307 307 
307 307 
307 307 
308 309 
310 310 
310 311 
311 311 
312 312 
313 313 
313 313 
314 314 
314 314 
315 315 
315 315 
315 317 
317 317 
317 317 
318 318 
318 318 
319 319 
320 320 
320 321 
321 321 
322 322 
323 323 
323 323 
323 323 
324 324 
324 324 
324 325 
325 325 
325 325 
325 325 
325 325 
325 326 
326 326 
326 327 
327 327 
327 328 
328 328 
329 329 
329 329 
330 330 
330 330 
331 332 
332 332 
333 333 
333 333 
333 333 
333 334 
334 335 
336 337 
337 338 
338 338 
339 339 
339 340 
341 341 
341 342 
342 342 
342 343 
343 343 
343 344 
344 344 
345 345 
345 345 
346 346 
346 346 
347 347 
347 347 
347 347 
348 348 
348 348 
349 349 
349 349 
350 351 
351 351 
351 352 
352 352 
352 352 
352 353 
353 354 
354 354 
354 354 
355 355 
356 356 
356 356 
357 357 
358 358 
358 358 
359 359 
359 359 
360 360 
360 360 
362 362 
363 363 
364 364 
364 365 
365 365 
365 366 
366 366 
367 367 
367 367 
367 368 
368 368 
368 368 
369 370 
370 370 
371 371 
371 373 
373 374 
374 374 
374 375 
375 377 
378 378 
378 378 
378 379 
379 380 
380 380 
380 380 
380 381 
381 381 
381 381 
382 382 
382 383 
384 384 
384 384 
385 385 
385 385 
386 387 
387 387 
388 388 
388 389 
389 390 
390 391 
391 391 
392 392 
392 392 
393 394 
394 394 
394 394 
394 395 
395 395 
396 397 
397 397 
398 398 
398 399 
400 400 
400 401 
401 401 
401 402 
402 403 
403 403 
404 404 
404 404 
404 405 
405 406 
407 407 
407 407 
408 408 
408 408 
408 408 
408 409 
410 410 
410 410 
410 411 
411 411 
412 413 
414 414 
414 414 
414 414 
415 415 
416 416 
416 416 
417 417 
417 419 
419 419 
419 419 
419 419 
420 420 
421 421 
422 422 
422 423 
423 423 
424 424 
425 425 
425 425 
425 426 
427 427 
427 427 
427 427 
428 428 
428 429 
429 430 
431 432 
432 432 
432 432 
432 432 
433 433 
433 433 
434 435 
435 436 
436 436 
436 436 
437 437 
437 437 
438 438 
439 439 
439 439 
440 440 
440 440 
441 441 
442 442 
442 442 
442 443 
443 443 
443 443 
443 444 
444 444 
444 444 
444 444 
444 445 
445 445 
446 446 
446 447 
448 448 
448 448 
449 449 
449 450 
450 450 
451 452 
453 453 
453 454 
454 454 
454 454 
455 456 
456 456 
457 457 
458 460 
460 460 
460 460 
461 461 
461 461 
462 462 
462 462 
462 463 
463 464 
466 466 
466 466 
467 468 
468 469 
469 469 
470 471 
472 472 
472 473 
473 473 
473 474 
476 477 
477 477 
479 479 
479 480 
480 481 
481 481 
482 483 
483 483 
483 484 
484 484 
484 484 
485 485 
486 486 
486 486 
487 488 
488 488 
488 488 
488 489 
489 489 
490 490 
490 490 
490 490 
490 491 
491 491 
491 491 
491 491 
492 493 
493 493 
493 493 
494 495 
496 496 
496 496 
497 498 
498 498 
499 500 
500 500 
142 172 
248 435 
89 118 
181 324 
352 97 
133 403 
48 125 
242 325 
68 107 
120 229 
314 437 
461 313 
212 260 
329 370 
61 72 
224 225 
419 451 
30 136 
154 241 
324 275 
333 400 
462 160 
164 347 
177 245 
293 303 
110 337 
481 172 
355 382 
486 25 
214 345 
419 289 
325 338 
157 197 
241 446 
161 260 
496 65 
96 104 
472 87 
472 119 
245 216 
232 447 
71 15 
210 223 
410 29 
77 352 
398 453 
388 413 
422 347 
402 404 
26 9 
40 271 
354 463 
219 292 
346 394 
490 307 
411 146 
101 301 
303 196 
284 389 
150 271 
217 250 
391 486 
30 226 
60 86 
223 476 
112 117 
200 345 
44 210 
349 425 
43 108 
290 432 
291 393 
116 444 
4 96 
248 325 
489 69 
90 250 
269 315 
359 383 
229 237 
266 384 
114 162 
347 419 
425 118 
227 288 
330 419 
439 460 
278 307 
443 311 
343 356 
421 84 
307 241 
253 355 
245 395 
404 490 
41 293 
345 442 
8 84 
295 491 
280 330 
367 410 
154 392 
458 20 
125 428 
468 67 
293 331 
342 419 
66 115 
334 362 
431 5 
73 179 
235 287 
49 113 
103 24 
8 130 
379 473 
492 68 
229 242 
261 218 
265 280 
348 78 
86 411 
145 317 
326 362 
26 148 
75 110 
446 404 
421 488 
266 321 
424 246 
314 242 
286 425 
460 296 
416 56 
61 193 
198 328 
489 189 
242 276 
41 75 
130 192 
310 21 
378 2 
180 49 
311 247 
277 137 
178 194 
366 443 
274 319 
323 366 
20 48 
105 385 
3 130 
149 334 
456 343 
353 220 
333 456 
35 400 
193 326 
351 70 
133 435 
450 20 
96 398 
165 449 
5 317 
496 44 
211 351 
366 13 
78 155 
167 42 
187 461 
462 69 
380 51 
318 380 
437 453 
486 67 
46 42 
229 270 
273 324 
2 52 
324 454 
473 22 
306 5 
134 284 
299 351 
473 479 
219 394 
176 242 
429 4 
65 226 
280 427 
182 260 
143 187 
381 249 
301 328 
158 381 
482 491 
72 86 
98 200 
255 325 
368 404 
410 168 
487 296 
479 3 
103 146 
243 267 
120 346 
385 342 
364 438 
9 93 
448 273 
416 432 
486 496 
231 332 
282 302 
1 442 
127 352 
76 146 
251 34 
133 145 
157 162 
180 77 
277 337 
436 491 
98 199 
397 38 
153 329 
150 414 
432 9 
63 230 
111 365 
375 392 
216 333 
17 146 
286 304 
310 129 
11 427 
18 416 
51 146 
469 210 
276 11 
291 381 
432 106 
364 440 
310 328 
367 368 
394 457 
111 131 
344 444 
470 1 
14 357 
411 123 
272 490 
12 187 
293 359 
389 469 
472 93 
255 274 
332 405 
444 68 
240 89 
147 252 
322 467 
477 2 
354 126 
401 291 
449 202 
211 359 
320 343 
352 112 
127 177 
498 85 
456 488 
255 199 
318 374 
454 86 
84 102 
437 93 
306 36 
252 356 
17 323 
84 245 
295 351 
439 149 
191 479 
42 130 
468 314 
394 423 
433 436 
184 219 
374 307 
420 348 
462 341 
264 267 
287 318 
382 25 
43 163 
109 184 
444 7 
307 320 
384 395 
15 259 
322 396 
277 368 
23 156 
252 39 
74 31 
122 204 
266 429 
100 356 
405 480 
320 436 
25 41 
349 369 
401 8 
278 415 
8 360 
452 40 
125 227 
52 226 
339 488 
5 50 
73 117 
293 495 
154 462 
140 285 
300 23 
441 490 
276 425 
283 68 
244 442 
289 347 
50 292 
312 307 
282 333 
384 179 
325 329 
439 489 
9 17 
57 436 
4 73 
82 85 
123 321 
133 235 
12 22 
58 198 
410 450 
81 352 
380 493 
92 460 
1 48 
266 128 
269 39 
49 269 
145 317 
180 196 
216 417 
57 407 
130 178 
190 336 
342 330 
332 368 
404 214 
7 18 
126 73 
338 410 
427 356 
373 209 
323 457 
74 367 
448 50 
80 219 
248 133 
209 483 
294 49 
249 250 
294 117 
30 38 
388 176 
422 117 
138 288 
408 94 
178 357 
10 450 
85 163 
233 323 
454 92 
148 215 
348 54 
224 401 
62 74 
125 371 
443 283 
484 141 
239 325 
422 234 
281 380 
36 121 
297 321 
379 445 
231 415 
82 157 
309 68 
209 319 
333 394 
446 493 
52 273 
16 236 
44 45 
164 183 
493 31 
237 12 
60 66 
177 229 
466 268 
269 354 
388 61 
198 387 
83 132 
344 483 
284 374 
121 327 
347 231 
349 35 
128 304 
375 485 
498 141 
12 35 
367 378 
157 301 
315 414 
449 318 
399 493 
119 195 
32 54 
56 205 
212 238 
315 286 
86 157 
166 55 
90 477 
237 401 
6 359 
394 419 
5 81 
201 480 
49 304 
308 317 
434 76 
107 251 
315 365 
114 191 
209 305 
94 287 
186 212 
221 80 
242 284 
180 214 
95 197 
264 276 
392 424 
2 9 
117 118 
497 4 
16 48 
130 240 
282 326 
327 341 
348 76 
102 325 
341 299 
325 330 
346 84 
128 166 
7 151 
240 439 
53 62 
257 327 
66 140 
178 258 
10 100 
156 239 
287 354 
370 67 
98 347 
255 13 
148 16 
261 425 
227 385 
390 444 
208 325 
326 66 
135 255 
440 55 
99 186 
491 168 
296 414 
15 42 
60 365 
31 134 
327 428 
11 28 
51 236 
299 335 
74 206 
277 325 
43 223 
300 397 
444 102 
109 121 
198 2 
26 144 
186 246 
498 99 
483 30 
181 294 
333 466 
14 57 
55 196 
220 262 
174 274 
360 430 
463 466 
49 177 
185 313 
225 358 
454 484 
67 76 
445 464 
135 165 
408 155 
317 345 
490 93 
95 109 
62 166 
265 303 
427 130 
166 215 
258 414 
223 7 
333 454 
280 381 
442 262 
427 191 
204 298 
484 155 
301 378 
87 303 
377 391 
428 72 
284 113 
114 246 
283 414 
440 127 
129 164 
371 427 
14 209 
433 49 
50 212 
239 443 
96 134 
339 433 
412 295 
408 488 
27 271 
294 37 
177 339 
432 39 
378 488 
63 155 
323 442 
45 31 
122 166 
201 287 
313 58 
212 443 
214 149 
349 448 
26 105 
444 305 
10 101 
407 182 
223 278 
312 28 
436 3 
416 481 
28 59 
79 130 
258 178 
220 409 
253 400 
448 483 
273 364 
387 432 
471 474 
491 406 
25 62 
130 245 
261 32 
75 175 
386 27 
153 304 
344 368 
380 440 
224 285 
83 139 
161 403 
252 441 
460 8 
15 51 
53 66 
313 423 
205 496 
55 79 
27 272 
282 201 
419 484 
80 323 
43 51 
82 233 
338 433 
125 160 
261 367 
373 381 
65 346 
378 124 
219 358 
67 44 
139 153 
164 390 
408 500 
201 382 
385 426 
315 1 
103 148 
201 222 
241 402 
5 114 
193 438 
135 437 
53 198 
240 329 
165 342 
380 414 
232 417 
60 142 
235 371 
392 54 
93 280 
384 395 
500 47 
169 178 
211 340 
350 398 
500 284 
363 484 
17 78 
287 23 
137 265 
397 407 
106 183 
304 103 
245 275 
8 225 
26 114 
477 118 
191 276 
360 370 
490 98 
100 189 
166 264 
64 53 
82 247 
417 473 
5 112 
466 494 
10 112 
207 230 
493 30 
358 363 
293 354 
358 461 
180 65 
200 162 
177 499 
170 408 
20 21 
177 72 
118 121 
460 408 
41 180 
311 453 
121 132 
199 220 
314 13 
403 490 
129 267 
296 353 
407 281 
360 374 
423 445 
301 491 
14 39 
114 139 
131 79 
189 228 
387 391 
491 48 
84 240 
31 59 
176 232 
365 455 
481 61 
129 148 
343 408 
485 488 
72 246 
287 291 
305 462 
461 229 
18 107 
139 420 
324 188 
301 352 
469 432 
443 444 
