1 1 
1 1 
2 2 
3 3 
3 4 
4 4 
5 5 
5 6 
6 6 
7 7 
7 7 
8 8 
8 8 
8 8 
9 9 
9 10 
10 10 
11 12 
12 13 
14 14 
14 14 
14 15 
15 15 
15 15 
16 16 
17 17 
17 18 
18 18 
19 20 
20 20 
20 21 
22 22 
22 23 
23 24 
25 25 
25 26 
26 27 
27 28 
28 28 
28 29 
29 30 
30 32 
32 33 
33 33 
33 34 
34 34 
35 35 
35 35 
36 36 
36 36 
36 36 
37 37 
37 38 
38 38 
38 38 
39 39 
39 40 
40 40 
40 41 
41 41 
41 41 
41 41 
41 42 
42 42 
42 43 
43 43 
44 44 
44 44 
45 45 
45 45 
45 45 
46 46 
47 47 
48 48 
48 48 
49 49 
49 49 
49 49 
49 51 
52 53 
53 53 
54 54 
54 54 
54 55 
57 57 
57 57 
57 58 
58 58 
58 59 
59 60 
61 61 
61 61 
62 62 
62 62 
62 62 
62 62 
63 64 
65 65 
67 68 
68 69 
69 69 
70 70 
70 70 
70 70 
70 70 
71 71 
72 72 
72 72 
73 73 
74 75 
76 76 
76 76 
76 77 
77 77 
77 77 
77 78 
78 78 
78 79 
79 80 
81 81 
81 82 
82 82 
82 82 
83 83 
83 84 
84 84 
84 84 
84 84 
84 85 
85 85 
85 86 
86 87 
87 87 
88 89 
89 90 
90 90 
91 91 
91 91 
91 92 
94 94 
95 95 
95 96 
96 96 
96 96 
96 96 
97 97 
97 99 
99 99 
99 99 
100 100 
100 100 
100 101 
101 101 
101 102 
102 102 
102 103 
103 103 
103 103 
103 103 
104 104 
104 104 
105 105 
106 106 
107 107 
109 109 
109 109 
110 110 
111 112 
112 112 
113 113 
113 113 
114 114 
114 114 
115 115 
116 116 
116 116 
116 116 
116 116 
117 118 
119 119 
119 119 
120 120 
121 121 
121 122 
122 122 
123 123 
123 123 
123 123 
123 124 
124 124 
125 125 
126 127 
127 128 
129 129 
129 130 
130 130 
130 130 
131 132 
132 132 
132 132 
134 134 
134 134 
134 134 
134 136 
136 137 
137 138 
138 138 
138 138 
139 139 
140 140 
140 140 
140 140 
140 141 
141 141 
141 142 
142 142 
143 143 
143 143 
143 144 
144 144 
144 144 
144 145 
145 145 
145 146 
146 146 
146 146 
146 147 
147 148 
148 149 
149 150 
150 151 
152 152 
152 152 
152 153 
153 153 
153 153 
153 153 
153 154 
154 154 
154 154 
154 156 
156 157 
157 157 
157 158 
158 158 
159 159 
160 160 
161 161 
161 161 
161 162 
162 162 
162 163 
163 163 
163 163 
164 164 
164 164 
165 165 
165 165 
166 166 
167 167 
167 167 
168 169 
170 170 
170 170 
170 172 
172 172 
172 172 
173 173 
174 174 
174 175 
175 175 
176 176 
176 176 
176 177 
177 178 
179 179 
179 179 
180 180 
180 181 
181 181 
181 182 
182 183 
183 183 
183 184 
184 184 
184 185 
186 186 
186 186 
187 189 
189 189 
189 189 
191 191 
191 192 
192 193 
193 193 
194 194 
195 195 
196 196 
196 197 
197 197 
198 198 
199 200 
201 201 
201 201 
202 203 
203 203 
204 204 
204 205 
206 206 
206 206 
206 206 
206 207 
208 208 
208 208 
209 210 
210 210 
211 211 
212 212 
212 213 
213 213 
213 213 
214 214 
215 215 
215 216 
217 217 
218 218 
219 220 
220 220 
220 221 
221 222 
222 224 
224 224 
224 225 
225 225 
226 226 
226 226 
227 229 
229 230 
232 232 
232 232 
233 233 
233 233 
233 233 
234 234 
234 234 
234 234 
235 236 
236 237 
237 237 
237 237 
237 238 
238 238 
238 238 
238 239 
239 239 
239 240 
241 242 
242 243 
243 243 
244 244 
244 244 
245 245 
245 245 
246 246 
246 246 
246 246 
246 246 
246 249 
249 249 
249 249 
249 249 
250 251 
251 251 
252 252 
253 254 
254 255 
255 256 
256 256 
257 257 
257 258 
258 258 
258 258 
259 259 
260 260 
260 261 
261 262 
262 262 
262 262 
263 263 
263 263 
263 264 
264 265 
265 265 
266 266 
268 268 
268 268 
269 269 
270 271 
271 272 
272 272 
272 273 
273 273 
273 274 
275 275 
275 275 
276 277 
277 277 
277 278 
278 279 
279 279 
279 279 
279 280 
280 280 
280 281 
281 282 
282 283 
284 285 
285 285 
285 286 
286 287 
287 287 
287 287 
287 288 
288 288 
289 289 
289 291 
291 292 
292 292 
292 293 
293 293 
294 294 
294 295 
295 295 
295 295 
296 296 
297 297 
298 298 
298 298 
298 299 
299 299 
299 299 
299 299 
300 300 
300 301 
301 302 
303 303 
303 304 
304 305 
305 305 
306 306 
306 307 
307 307 
308 308 
308 308 
309 309 
310 310 
310 311 
311 312 
312 313 
313 313 
314 314 
314 314 
314 315 
316 316 
316 317 
317 318 
318 318 
318 318 
318 318 
318 319 
319 320 
320 320 
321 321 
321 321 
321 322 
323 323 
323 323 
324 325 
325 326 
326 326 
326 327 
327 327 
329 329 
329 329 
329 329 
330 330 
330 331 
331 332 
332 332 
332 333 
333 333 
334 335 
335 336 
336 336 
336 337 
337 339 
339 339 
339 340 
340 340 
341 341 
342 342 
342 342 
343 343 
343 343 
343 343 
344 344 
344 345 
345 345 
345 345 
347 347 
347 347 
348 348 
348 350 
350 351 
351 352 
352 352 
352 353 
354 355 
355 355 
356 356 
357 357 
357 357 
357 357 
357 357 
357 357 
357 357 
358 358 
358 358 
358 358 
359 359 
361 362 
362 362 
362 362 
363 363 
363 364 
364 365 
365 365 
367 367 
368 368 
368 368 
369 369 
369 369 
369 370 
370 372 
372 372 
372 372 
373 373 
373 374 
374 374 
375 375 
375 376 
377 377 
377 377 
377 378 
378 378 
378 379 
379 380 
380 380 
380 380 
380 380 
381 381 
381 381 
382 382 
382 382 
382 382 
383 383 
383 383 
383 384 
384 385 
385 386 
386 386 
387 387 
387 388 
388 389 
389 389 
389 390 
391 391 
391 391 
392 392 
393 393 
393 393 
393 393 
393 393 
393 394 
394 395 
395 395 
395 395 
397 397 
397 398 
399 399 
400 400 
400 400 
401 401 
401 401 
401 402 
402 402 
403 403 
403 404 
404 404 
404 405 
405 405 
406 406 
406 407 
408 408 
408 408 
409 409 
409 410 
410 410 
410 411 
412 412 
412 412 
412 412 
413 413 
413 414 
414 415 
415 415 
415 415 
416 416 
416 417 
417 417 
418 418 
418 418 
419 419 
419 419 
419 420 
420 420 
420 420 
421 421 
421 422 
422 422 
422 423 
423 423 
424 424 
424 425 
425 425 
425 425 
425 425 
427 427 
428 428 
429 429 
429 430 
430 430 
431 431 
432 433 
433 435 
435 436 
436 436 
436 437 
438 438 
438 438 
439 439 
440 440 
440 440 
440 441 
441 441 
441 442 
442 442 
443 443 
444 444 
444 445 
445 446 
446 446 
446 446 
446 446 
446 447 
450 450 
450 450 
450 452 
452 452 
453 454 
454 454 
454 454 
455 455 
455 456 
456 457 
457 458 
458 459 
459 459 
459 459 
460 460 
460 460 
461 461 
461 462 
462 463 
463 463 
464 464 
464 464 
464 465 
465 465 
466 466 
466 468 
468 468 
469 469 
469 469 
470 471 
472 472 
472 472 
472 473 
473 473 
474 474 
474 474 
474 474 
474 475 
476 476 
476 477 
477 477 
477 478 
478 479 
479 479 
479 480 
480 480 
481 481 
481 481 
482 482 
482 483 
483 483 
484 484 
484 484 
485 485 
486 486 
487 487 
488 488 
488 488 
488 489 
489 489 
490 490 
490 491 
491 491 
491 492 
493 493 
493 493 
493 493 
494 494 
494 495 
496 496 
496 496 
496 496 
497 498 
498 498 
498 498 
498 498 
499 499 
500 500 
500 500 
142 181 
229 365 
145 389 
96 357 
378 285 
420 425 
79 172 
205 336 
413 442 
226 246 
307 362 
46 102 
175 256 
399 498 
446 468 
478 85 
138 327 
417 210 
477 399 
77 158 
213 357 
364 72 
103 234 
310 367 
300 423 
22 84 
440 43 
146 363 
182 45 
53 105 
413 144 
17 215 
380 70 
116 401 
49 292 
486 70 
297 266 
269 57 
129 232 
344 95 
130 109 
380 204 
388 62 
163 306 
443 84 
144 179 
170 236 
335 340 
132 153 
214 279 
305 479 
70 239 
380 48 
105 196 
242 375 
279 342 
488 41 
348 401 
466 40 
96 298 
331 393 
400 438 
483 179 
309 490 
493 18 
81 258 
134 206 
234 462 
20 339 
412 455 
478 488 
8 436 
176 294 
38 91 
120 234 
25 96 
112 219 
323 422 
477 273 
170 20 
234 424 
103 276 
374 412 
473 100 
28 136 
140 162 
372 120 
233 287 
292 130 
180 125 
164 263 
388 498 
33 83 
159 161 
227 279 
407 436 
445 383 
213 233 
132 321 
348 86 
130 287 
23 26 
37 222 
308 352 
357 453 
325 329 
15 81 
122 123 
330 352 
401 243 
103 245 
350 455 
472 14 
299 308 
335 368 
383 143 
211 280 
302 5 
387 498 
43 72 
264 150 
166 183 
237 314 
62 102 
177 17 
34 119 
152 156 
347 412 
422 10 
144 194 
379 69 
416 94 
175 488 
212 301 
432 121 
128 392 
48 233 
295 330 
484 240 
87 123 
29 393 
459 3 
41 49 
101 114 
425 450 
270 305 
412 218 
372 389 
430 496 
55 246 
345 385 
479 96 
243 268 
295 8 
83 254 
277 15 
54 76 
168 287 
498 499 
164 243 
272 452 
20 38 
151 474 
466 477 
30 144 
408 446 
246 262 
319 49 
273 408 
145 154 
204 289 
96 275 
482 483 
275 450 
23 146 
154 198 
257 342 
410 461 
393 189 
84 344 
397 416 
48 58 
90 167 
288 72 
152 404 
72 94 
156 194 
298 343 
444 157 
221 324 
60 244 
274 277 
376 90 
28 237 
418 29 
59 69 
286 500 
132 36 
67 131 
140 192 
44 173 
193 326 
332 381 
397 57 
299 357 
462 10 
140 180 
377 496 
210 238 
57 132 
138 201 
288 362 
465 163 
404 446 
461 1 
323 494 
78 200 
299 415 
459 21 
34 85 
109 255 
333 2 
113 320 
344 18 
116 206 
386 442 
476 358 
485 405 
500 352 
383 82 
162 106 
84 122 
339 358 
381 36 
176 181 
232 299 
345 393 
499 113 
116 307 
337 365 
446 84 
123 124 
239 393 
472 14 
323 429 
62 442 
356 493 
62 268 
380 437 
460 57 
150 198 
500 33 
141 199 
294 486 
61 104 
197 357 
221 295 
357 452 
82 179 
121 249 
383 391 
103 406 
35 52 
377 400 
402 5 
217 423 
429 439 
134 375 
239 415 
469 8 
87 438 
47 153 
303 356 
394 83 
409 201 
34 42 
166 238 
59 138 
287 1 
153 265 
343 19 
220 82 
260 410 
436 207 
215 269 
280 292 
265 297 
343 479 
418 118 
206 251 
318 395 
193 286 
385 132 
309 134 
191 440 
85 123 
417 491 
38 368 
472 164 
391 417 
116 162 
163 143 
140 178 
414 474 
273 225 
293 314 
32 113 
249 5 
44 146 
189 246 
289 317 
318 184 
283 315 
454 498 
308 12 
139 320 
78 220 
88 268 
454 14 
65 220 
452 485 
36 493 
22 184 
345 471 
172 357 
99 362 
49 182 
211 213 
458 124 
165 70 
353 260 
279 298 
420 203 
406 450 
7 263 
469 496 
62 1 
268 300 
28 153 
395 476 
58 65 
91 252 
296 402 
15 44 
48 53 
347 484 
498 35 
472 82 
129 304 
343 358 
402 139 
179 246 
262 263 
487 37 
157 174 
431 92 
368 38 
291 75 
101 104 
125 326 
350 450 
76 318 
419 456 
7 100 
110 206 
238 249 
440 489 
500 167 
204 246 
311 369 
380 387 
405 189 
316 465 
233 256 
473 102 
332 144 
345 8 
252 355 
116 347 
466 43 
340 369 
429 483 
275 425 
183 224 
459 329 
398 110 
238 272 
395 408 
61 226 
238 295 
314 81 
395 181 
186 348 
27 461 
101 161 
212 229 
27 184 
97 427 
441 104 
262 339 
421 51 
112 202 
372 126 
114 115 
259 416 
54 102 
127 363 
403 389 
445 36 
39 62 
224 380 
440 78 
184 355 
441 312 
473 400 
433 208 
459 4 
313 354 
496 130 
191 58 
69 103 
180 380 
420 121 
140 369 
113 206 
327 242 
369 25 
58 185 
382 203 
377 494 
47 163 
336 91 
101 165 
263 438 
233 463 
26 186 
41 123 
224 345 
498 77 
136 143 
153 306 
318 489 
16 230 
336 89 
340 78 
176 343 
391 237 
425 36 
97 358 
33 299 
454 7 
154 496 
70 77 
209 342 
42 192 
15 415 
438 249 
365 281 
493 285 
351 404 
82 203 
263 378 
480 208 
251 321 
464 206 
373 189 
206 245 
299 355 
374 378 
480 111 
370 145 
210 444 
68 316 
459 474 
481 364 
49 142 
158 439 
124 71 
413 134 
244 384 
490 10 
289 332 
71 261 
361 373 
447 493 
73 91 
464 41 
427 134 
254 327 
430 144 
393 465 
479 35 
77 6 
294 300 
409 154 
428 45 
152 272 
352 35 
258 301 
415 490 
39 116 
308 382 
123 181 
186 237 
303 377 
28 119 
145 100 
153 215 
255 298 
84 234 
257 493 
40 68 
265 76 
244 313 
484 70 
73 149 
339 222 
285 256 
280 318 
160 176 
3 14 
70 137 
164 165 
217 387 
390 436 
469 477 
147 152 
237 305 
481 482 
382 474 
329 7 
140 218 
430 463 
18 277 
488 14 
322 1 
154 311 
15 423 
77 196 
241 419 
249 258 
288 291 
386 319 
381 57 
99 273 
392 422 
317 329 
494 54 
318 419 
38 173 
474 127 
138 170 
293 343 
404 3 
314 318 
441 85 
412 22 
30 37 
161 249 
279 287 
134 152 
370 420 
292 342 
359 394 
435 443 
64 77 
149 167 
421 326 
435 100 
191 146 
369 393 
79 249 
357 32 
61 2 
99 278 
491 357 
167 197 
303 470 
90 372 
41 95 
117 153 
157 333 
386 425 
469 176 
382 189 
232 262 
264 421 
119 134 
456 261 
8 13 
41 170 
282 446 
24 40 
74 410 
487 170 
233 237 
277 491 
492 122 
141 313 
377 148 
250 440 
169 225 
497 62 
109 112 
262 424 
177 336 
460 116 
183 401 
474 446 
45 54 
84 97 
379 457 
6 20 
325 201 
468 143 
174 310 
341 464 
86 119 
275 11 
195 197 
129 187 
474 496 
245 368 
374 450 
484 4 
224 287 
381 489 
272 383 
395 49 
84 372 
464 16 
172 367 
53 408 
444 4 
96 259 
304 393 
446 481 
271 331 
337 454 
158 172 
258 99 
332 362 
239 460 
89 282 
481 382 
384 46 
62 183 
357 161 
41 175 
295 310 
172 323 
17 193 
246 279 
405 271 
280 378 
458 6 
146 159 
33 382 
123 320 
424 63 
278 9 
109 141 
154 400 
411 425 
482 329 
96 115 
225 244 
419 104 
165 213 
70 208 
212 306 
428 488 
45 76 
476 245 
397 412 
472 220 
441 95 
143 260 
284 321 
161 409 
431 464 
116 141 
266 44 
137 296 
362 495 
316 330 
415 422 
460 140 
251 333 
40 107 
257 9 
414 491 
174 226 
357 393 
391 216 
76 157 
196 236 
457 54 
253 281 
106 201 
321 359 
375 410 
418 480 
146 232 
455 12 
49 107 
357 9 
45 36 
100 186 
334 314 
318 475 
321 358 
425 433 
114 358 
446 41 
114 258 
91 234 
351 419 
147 213 
25 163 
238 401 
39 45 
87 363 
454 246 
299 420 
42 326 
341 195 
389 403 
468 403 
42 160 
214 312 
329 347 
142 293 
373 463 
99 138 
226 285 
307 418 
406 8 
61 80 
103 208 
235 298 
103 153 
130 148 
162 246 
