1 2 
2 2 
2 3 
3 3 
3 4 
4 4 
4 4 
4 5 
5 5 
5 5 
5 5 
6 6 
7 7 
7 8 
8 8 
8 9 
9 9 
9 10 
10 10 
10 11 
11 11 
11 11 
12 12 
13 13 
13 14 
14 14 
14 15 
16 16 
16 17 
17 17 
18 19 
19 19 
19 20 
20 20 
20 21 
21 21 
21 21 
21 21 
22 22 
22 22 
22 23 
23 23 
24 24 
25 25 
25 25 
26 26 
27 27 
28 28 
28 28 
28 28 
29 29 
30 30 
30 31 
31 31 
32 32 
33 33 
33 34 
34 34 
34 34 
35 35 
36 36 
37 38 
38 38 
38 38 
38 38 
39 39 
40 41 
41 41 
41 42 
42 43 
43 44 
44 45 
45 46 
46 46 
47 47 
47 47 
48 49 
49 49 
49 50 
50 50 
51 51 
52 52 
52 53 
53 54 
55 55 
56 56 
56 57 
57 57 
57 57 
58 58 
58 58 
58 59 
59 59 
59 59 
60 61 
62 62 
62 64 
65 65 
65 65 
67 67 
67 68 
69 69 
69 69 
70 70 
70 70 
71 71 
71 71 
72 72 
72 72 
73 73 
73 74 
74 74 
75 75 
75 76 
76 76 
76 77 
77 77 
77 77 
78 78 
78 78 
79 79 
79 79 
80 80 
80 80 
81 81 
81 81 
82 82 
82 82 
82 83 
83 83 
83 83 
83 84 
84 84 
84 84 
85 85 
86 86 
87 87 
87 87 
87 87 
88 88 
89 89 
90 91 
92 92 
93 93 
93 93 
93 94 
94 94 
94 95 
95 95 
95 96 
96 97 
97 97 
98 98 
99 99 
99 99 
99 100 
100 101 
101 101 
102 102 
102 103 
103 104 
104 104 
104 105 
105 106 
106 106 
107 107 
107 107 
108 108 
109 109 
109 109 
110 110 
110 111 
111 111 
111 111 
112 113 
113 113 
113 114 
115 115 
116 116 
116 116 
117 117 
117 117 
119 119 
119 119 
120 120 
120 120 
120 120 
121 121 
121 121 
121 122 
123 124 
124 124 
125 125 
126 126 
126 126 
127 128 
128 129 
130 130 
130 130 
130 131 
131 132 
132 132 
132 133 
133 133 
133 134 
134 134 
135 135 
135 135 
136 137 
138 138 
138 138 
138 139 
139 139 
140 140 
140 140 
140 141 
141 142 
142 142 
142 142 
143 143 
144 144 
145 146 
146 146 
146 147 
149 149 
149 150 
150 150 
151 151 
151 151 
152 152 
152 153 
153 154 
155 155 
156 156 
156 157 
157 157 
158 159 
159 159 
159 160 
160 160 
160 160 
160 160 
161 161 
161 161 
161 161 
162 163 
163 163 
163 163 
164 164 
164 165 
165 165 
165 166 
166 167 
167 168 
169 169 
169 169 
169 169 
170 171 
171 171 
171 172 
172 172 
173 173 
173 173 
173 173 
174 174 
174 174 
174 175 
175 175 
175 175 
176 176 
176 177 
178 178 
179 179 
179 179 
180 180 
181 181 
182 182 
183 184 
185 185 
186 186 
186 186 
186 187 
188 188 
188 188 
188 189 
189 189 
189 190 
190 191 
191 191 
192 193 
193 193 
193 194 
194 194 
194 194 
194 195 
195 195 
195 195 
196 196 
197 197 
198 198 
199 199 
199 199 
200 200 
200 200 
200 201 
201 201 
202 202 
202 202 
202 203 
203 203 
203 203 
204 204 
204 204 
204 205 
205 205 
205 205 
206 206 
207 207 
208 208 
208 208 
209 209 
209 211 
212 213 
213 213 
214 214 
214 214 
214 214 
214 215 
215 215 
215 215 
216 216 
217 217 
217 217 
217 218 
218 218 
218 218 
219 220 
220 220 
220 221 
221 221 
221 221 
221 221 
222 222 
222 223 
223 224 
224 225 
225 225 
226 226 
226 226 
227 227 
227 228 
228 229 
229 229 
229 229 
229 231 
231 231 
231 231 
231 232 
232 233 
233 233 
233 233 
234 234 
234 235 
235 235 
235 235 
236 236 
237 237 
237 237 
239 239 
239 240 
240 240 
240 240 
242 243 
243 243 
245 245 
246 246 
246 247 
247 247 
247 248 
248 249 
250 250 
250 250 
251 251 
251 253 
253 253 
253 253 
254 255 
255 255 
256 257 
257 257 
257 257 
258 258 
258 258 
259 259 
259 259 
261 261 
261 261 
261 262 
262 262 
262 263 
265 265 
265 266 
266 266 
267 267 
267 268 
268 268 
268 268 
269 269 
269 269 
269 269 
270 271 
271 272 
272 272 
272 272 
273 273 
273 273 
273 273 
274 274 
275 276 
276 276 
277 277 
277 277 
277 277 
278 278 
278 278 
278 279 
279 279 
280 280 
282 284 
285 285 
285 285 
285 286 
286 286 
287 287 
287 287 
287 287 
287 287 
288 288 
288 288 
288 288 
289 289 
290 290 
291 293 
293 293 
293 294 
294 294 
294 294 
294 295 
295 296 
296 296 
296 296 
296 297 
298 298 
298 298 
299 300 
301 301 
301 301 
301 302 
303 303 
303 304 
304 304 
304 304 
304 307 
307 307 
308 308 
308 309 
309 309 
309 310 
310 310 
311 311 
311 312 
312 313 
313 314 
316 316 
316 316 
316 317 
317 318 
318 318 
318 318 
319 319 
320 320 
321 321 
321 321 
322 322 
322 323 
323 323 
323 323 
323 324 
324 324 
324 325 
326 326 
327 328 
328 328 
328 328 
329 329 
329 329 
330 330 
330 332 
332 332 
333 333 
333 334 
334 336 
336 336 
336 337 
337 337 
337 337 
338 338 
338 338 
338 339 
339 339 
340 341 
341 341 
341 343 
343 343 
344 344 
344 344 
344 345 
345 345 
346 346 
346 346 
346 347 
347 347 
347 348 
349 349 
351 351 
352 352 
352 353 
353 354 
354 354 
354 355 
355 356 
357 357 
358 358 
358 358 
358 358 
359 359 
360 361 
361 361 
362 362 
363 363 
363 363 
364 364 
365 365 
366 366 
367 367 
368 369 
369 369 
370 370 
371 371 
372 372 
372 372 
372 373 
373 373 
374 374 
374 374 
375 375 
375 375 
376 377 
377 378 
378 379 
379 379 
380 380 
380 380 
380 381 
381 381 
382 382 
382 382 
382 382 
383 383 
384 384 
384 385 
385 385 
386 386 
386 386 
387 387 
388 388 
388 388 
389 389 
389 389 
390 390 
390 390 
391 391 
392 393 
393 393 
393 394 
394 395 
395 395 
395 395 
396 396 
396 397 
398 398 
398 398 
398 398 
398 398 
398 398 
399 400 
400 402 
403 403 
403 403 
404 404 
404 404 
404 404 
405 405 
406 406 
407 407 
407 407 
407 408 
408 409 
409 409 
410 410 
410 410 
410 410 
411 411 
411 411 
411 412 
412 412 
413 414 
414 414 
415 415 
416 416 
416 417 
417 417 
418 418 
418 418 
418 419 
419 419 
420 420 
421 421 
422 422 
422 423 
423 423 
423 424 
424 424 
424 425 
425 425 
426 426 
426 426 
427 427 
428 428 
428 429 
431 431 
431 431 
431 431 
431 432 
432 432 
432 433 
433 433 
433 434 
434 434 
434 434 
434 435 
435 435 
436 436 
436 436 
437 437 
437 437 
438 438 
438 438 
438 439 
439 439 
440 441 
441 441 
441 441 
441 441 
442 442 
442 443 
443 443 
444 444 
444 445 
445 446 
446 446 
446 447 
447 447 
448 449 
449 449 
450 450 
450 451 
451 451 
451 451 
451 451 
452 453 
453 453 
454 454 
454 454 
455 456 
456 456 
457 458 
458 458 
458 458 
458 458 
458 459 
459 459 
460 461 
461 461 
461 461 
462 462 
462 463 
463 463 
463 463 
463 463 
464 464 
464 465 
465 465 
466 466 
467 467 
468 468 
469 469 
469 469 
469 470 
470 470 
471 472 
472 472 
472 473 
473 473 
473 473 
473 474 
474 474 
474 474 
474 475 
475 475 
476 476 
477 477 
477 478 
478 478 
478 479 
479 480 
480 480 
480 481 
481 482 
482 483 
484 484 
485 485 
485 486 
486 486 
486 486 
487 487 
488 489 
489 489 
489 489 
490 490 
490 490 
491 491 
491 492 
492 492 
493 493 
493 493 
495 495 
495 495 
495 495 
495 495 
496 496 
496 497 
497 497 
497 498 
498 498 
498 499 
499 499 
500 500 
500 500 
13 220 
273 410 
427 209 
234 253 
338 120 
195 209 
358 395 
448 117 
140 217 
296 382 
405 425 
121 156 
351 381 
458 181 
272 301 
359 138 
269 403 
407 107 
287 371 
470 77 
104 106 
173 296 
42 500 
1 164 
245 318 
372 432 
442 132 
194 453 
474 162 
215 304 
343 81 
227 310 
410 44 
70 246 
261 304 
319 324 
363 431 
433 486 
41 107 
438 477 
485 109 
205 493 
186 459 
271 361 
385 486 
31 111 
159 346 
223 269 
308 318 
345 475 
225 277 
106 121 
237 26 
82 419 
384 388 
404 434 
462 115 
198 386 
433 468 
289 307 
93 486 
204 111 
120 173 
337 413 
470 474 
115 275 
276 22 
72 201 
490 12 
398 176 
266 20 
358 193 
398 84 
201 382 
124 192 
301 444 
386 87 
131 307 
385 190 
326 414 
130 464 
320 447 
454 108 
156 164 
202 398 
182 316 
473 95 
138 151 
411 441 
77 253 
343 456 
489 105 
296 308 
435 446 
140 397 
165 411 
500 441 
102 204 
288 412 
99 277 
303 304 
150 268 
301 431 
20 99 
151 204 
161 188 
412 451 
41 126 
398 473 
128 485 
490 235 
446 479 
358 414 
441 215 
323 352 
464 11 
58 266 
374 434 
173 221 
279 313 
101 111 
328 436 
140 382 
395 404 
19 175 
184 286 
31 231 
358 361 
438 108 
122 143 
253 316 
341 46 
97 217 
323 389 
104 152 
107 231 
49 236 
294 380 
407 410 
135 323 
102 402 
250 403 
111 338 
36 165 
232 337 
409 176 
257 380 
428 57 
116 321 
443 262 
269 84 
377 417 
294 349 
67 70 
146 214 
259 161 
183 79 
146 409 
65 89 
461 174 
399 11 
85 298 
468 59 
188 11 
30 233 
10 22 
86 246 
53 83 
23 287 
374 460 
290 332 
423 26 
38 79 
92 291 
152 119 
224 248 
262 214 
34 39 
95 139 
142 169 
5 265 
396 406 
113 134 
269 339 
4 38 
160 177 
431 445 
6 30 
240 294 
304 83 
147 47 
129 332 
261 410 
72 191 
235 452 
394 73 
330 124 
51 296 
322 346 
497 49 
434 15 
142 439 
445 200 
272 329 
495 119 
301 465 
88 273 
458 473 
436 167 
9 57 
341 372 
419 116 
222 427 
5 60 
80 364 
467 155 
279 116 
132 371 
380 432 
83 171 
313 345 
318 99 
101 175 
353 123 
267 341 
386 69 
160 423 
57 70 
189 451 
85 112 
458 218 
293 237 
141 287 
6 53 
288 174 
235 416 
193 27 
311 484 
498 120 
150 215 
246 284 
454 496 
71 100 
205 269 
363 456 
17 179 
229 308 
343 451 
13 54 
398 62 
93 336 
370 215 
253 137 
272 328 
116 250 
375 407 
418 428 
390 143 
224 419 
474 205 
329 486 
11 38 
78 185 
231 447 
103 157 
214 295 
375 81 
146 202 
216 345 
43 94 
485 120 
255 491 
163 221 
338 404 
367 476 
8 272 
56 369 
100 81 
173 287 
24 187 
285 369 
469 186 
71 105 
196 197 
357 151 
226 446 
498 50 
227 126 
217 309 
47 45 
158 362 
373 16 
200 321 
373 403 
437 4 
226 251 
324 377 
188 218 
188 216 
34 205 
327 380 
392 435 
133 194 
462 465 
480 41 
46 293 
55 175 
211 247 
499 316 
340 405 
446 492 
37 65 
70 208 
473 23 
161 172 
198 398 
435 498 
347 379 
204 232 
293 398 
3 4 
418 202 
233 214 
258 412 
99 114 
174 213 
288 332 
363 17 
76 160 
166 478 
175 197 
5 84 
191 261 
354 153 
196 255 
285 411 
259 2 
296 441 
480 78 
179 251 
398 406 
444 495 
139 376 
382 28 
390 113 
171 29 
247 375 
189 195 
298 386 
19 190 
456 449 
463 163 
233 277 
303 393 
411 82 
86 173 
272 404 
429 93 
208 106 
212 229 
359 497 
3 407 
426 74 
126 157 
300 337 
87 450 
30 154 
353 388 
263 273 
288 121 
349 363 
398 437 
391 256 
304 312 
13 498 
20 107 
160 202 
225 287 
288 113 
285 334 
90 169 
279 382 
195 221 
491 3 
58 83 
166 336 
459 178 
218 395 
243 94 
372 398 
424 461 
213 277 
389 422 
99 219 
463 476 
20 125 
217 333 
497 96 
113 404 
481 239 
117 424 
461 43 
77 355 
149 328 
492 69 
277 294 
339 467 
9 28 
96 119 
161 463 
274 25 
333 8 
133 167 
181 231 
2 135 
239 321 
337 437 
270 323 
39 40 
309 469 
29 67 
229 258 
268 417 
287 302 
348 443 
487 78 
141 250 
309 421 
442 160 
186 218 
248 415 
495 81 
328 366 
10 109 
155 185 
247 278 
346 381 
65 156 
214 239 
247 433 
35 500 
110 458 
111 153 
201 208 
416 87 
98 121 
268 336 
384 174 
312 5 
11 59 
130 220 
422 338 
104 226 
324 355 
351 235 
8 47 
69 134 
393 278 
67 229 
431 17 
21 68 
121 243 
418 35 
49 318 
28 59 
163 191 
276 280 
415 19 
336 400 
159 449 
478 243 
295 78 
144 489 
56 83 
203 422 
495 414 
423 14 
28 145 
307 474 
21 440 
52 347 
95 194 
273 495 
130 325 
484 76 
84 88 
274 387 
493 21 
195 298 
463 322 
50 390 
199 79 
168 267 
286 426 
133 172 
436 481 
128 378 
420 110 
124 214 
261 271 
453 249 
425 165 
253 294 
310 38 
93 235 
273 416 
3 92 
179 297 
354 119 
268 375 
203 83 
138 149 
461 18 
58 163 
393 404 
434 441 
491 28 
144 175 
27 130 
287 410 
472 207 
320 378 
469 278 
98 240 
7 299 
76 361 
390 146 
237 217 
338 357 
496 266 
298 360 
188 354 
4 44 
75 82 
383 432 
8 233 
356 25 
82 352 
193 408 
21 161 
214 240 
140 368 
408 470 
286 395 
180 407 
364 182 
186 472 
165 434 
10 142 
14 138 
257 382 
394 193 
194 411 
77 109 
457 488 
169 174 
225 339 
222 97 
195 330 
347 207 
458 492 
87 94 
142 199 
466 7 
287 474 
5 46 
80 222 
250 372 
358 478 
32 294 
455 25 
49 432 
34 48 
149 226 
323 439 
32 237 
428 458 
84 258 
465 497 
170 223 
326 352 
242 474 
199 229 
301 344 
441 127 
372 4 
80 255 
366 433 
117 451 
489 61 
42 45 
55 72 
164 205 
208 221 
240 257 
103 310 
441 89 
9 91 
194 483 
33 80 
179 231 
262 344 
5 203 
117 221 
9 87 
169 234 
367 362 
365 93 
101 434 
2 19 
87 125 
346 459 
57 62 
218 229 
373 65 
71 213 
38 50 
75 317 
285 309 
157 293 
337 97 
277 486 
169 209 
304 421 
472 31 
138 171 
330 451 
280 418 
258 296 
316 110 
150 317 
469 257 
265 487 
489 5 
334 499 
234 328 
438 493 
2 139 
94 169 
388 231 
21 69 
120 303 
482 490 
495 14 
142 358 
385 21 
34 288 
395 33 
77 131 
344 370 
409 59 
199 206 
79 136 
329 482 
194 240 
273 447 
22 82 
426 475 
490 132 
387 451 
319 57 
64 75 
220 344 
393 400 
14 282 
450 95 
278 454 
47 221 
462 120 
132 59 
74 189 
203 52 
173 437 
4 228 
311 458 
236 442 
479 71 
151 163 
396 420 
439 463 
126 16 
333 473 
52 160 
443 480 
384 58 
161 227 
374 7 
135 152 
290 379 
388 449 
464 24 
254 410 
109 102 
257 265 
341 480 
33 200 
444 228 
259 269 
324 451 
473 493 
51 76 
458 134 
200 389 
380 495 
140 268 
34 104 
186 276 
347 423 
472 10 
38 365 
495 346 
369 418 
469 56 
72 135 
204 453 
463 16 
38 171 
318 381 
391 28 
438 489 
180 259 
22 496 
500 215 
311 383 
499 74 
450 200 
220 454 
461 262 
329 431 
436 403 
159 322 
22 73 
176 21 
25 36 
172 417 
278 424 
374 58 
314 396 
424 475 
41 73 
431 438 
178 251 
344 203 
267 379 
23 323 
426 463 
133 221 
285 316 
321 431 
466 471 
160 354 
477 130 
233 261 
389 159 
189 206 
245 202 
425 478 
12 62 
289 477 
