1 2 
2 2 
2 3 
3 4 
4 5 
5 5 
6 6 
7 8 
8 8 
8 8 
8 9 
9 9 
10 10 
11 11 
11 12 
12 12 
13 13 
13 13 
14 14 
14 14 
14 14 
14 15 
16 17 
17 17 
17 18 
18 18 
19 19 
19 19 
20 20 
20 20 
20 21 
22 22 
22 22 
23 24 
24 24 
24 24 
25 25 
25 25 
25 27 
27 27 
27 27 
27 28 
28 28 
28 29 
29 29 
29 30 
30 31 
32 32 
32 32 
32 33 
33 35 
36 36 
37 37 
37 38 
38 38 
38 39 
39 39 
40 41 
42 42 
42 42 
43 43 
43 43 
44 45 
45 45 
46 46 
47 47 
47 48 
49 49 
49 49 
50 50 
50 51 
51 51 
51 52 
52 52 
53 53 
53 53 
54 54 
54 54 
55 56 
56 56 
56 57 
57 57 
58 58 
58 58 
59 59 
60 60 
60 60 
60 60 
60 60 
61 61 
62 62 
62 63 
63 63 
65 65 
66 66 
66 67 
67 67 
67 67 
68 68 
69 69 
69 70 
70 70 
70 71 
71 72 
72 73 
73 73 
74 74 
75 75 
75 75 
76 76 
77 77 
77 77 
78 78 
78 78 
79 80 
80 81 
81 82 
82 83 
83 83 
83 83 
84 84 
84 85 
85 86 
86 86 
87 87 
87 88 
88 88 
88 88 
89 89 
89 89 
90 90 
91 91 
91 92 
92 92 
92 93 
93 93 
93 93 
93 93 
94 94 
95 95 
95 95 
95 96 
97 97 
98 98 
98 98 
100 100 
100 101 
101 101 
102 102 
102 103 
103 103 
103 103 
104 105 
106 106 
106 106 
106 107 
107 107 
108 109 
109 109 
110 110 
110 110 
110 110 
111 111 
111 111 
111 111 
112 112 
113 113 
114 114 
114 114 
115 115 
115 115 
116 117 
117 117 
117 118 
118 118 
118 118 
118 119 
119 119 
119 120 
120 120 
120 121 
121 121 
121 121 
122 122 
122 123 
123 123 
123 123 
124 124 
125 125 
125 125 
125 126 
126 126 
126 127 
127 128 
128 128 
129 129 
129 129 
129 129 
130 131 
132 133 
133 133 
134 135 
137 137 
137 138 
138 138 
138 139 
139 140 
140 140 
141 142 
142 142 
143 144 
144 145 
145 145 
145 147 
147 147 
147 148 
148 148 
149 149 
149 149 
150 150 
151 151 
151 152 
152 152 
153 153 
153 154 
154 154 
155 155 
156 156 
156 156 
157 157 
157 157 
158 158 
159 159 
160 160 
160 160 
161 162 
163 165 
165 165 
165 166 
167 167 
167 167 
168 168 
168 169 
169 169 
169 169 
170 170 
170 170 
171 171 
172 172 
172 172 
172 172 
172 173 
173 173 
173 173 
174 175 
176 177 
177 177 
178 178 
178 179 
179 180 
180 180 
180 180 
181 181 
182 182 
182 182 
183 183 
183 183 
183 183 
184 184 
184 184 
184 184 
184 184 
185 185 
186 186 
186 187 
187 187 
187 187 
188 188 
188 188 
188 189 
189 189 
189 189 
190 190 
191 192 
192 192 
193 193 
194 194 
194 194 
194 195 
195 195 
195 195 
196 196 
196 197 
197 197 
197 197 
198 198 
198 198 
198 199 
200 200 
200 201 
201 201 
202 203 
203 203 
204 205 
205 205 
206 206 
206 206 
206 207 
207 207 
208 208 
208 208 
209 209 
210 210 
210 210 
211 211 
211 211 
212 212 
212 212 
213 213 
214 216 
217 217 
217 217 
217 217 
217 218 
218 219 
219 220 
220 220 
221 221 
222 223 
223 223 
223 223 
223 224 
224 224 
224 224 
224 225 
225 226 
226 227 
227 228 
228 228 
228 228 
229 229 
229 230 
230 231 
231 232 
232 233 
233 234 
234 235 
235 235 
235 235 
235 236 
237 237 
237 238 
238 239 
239 239 
240 240 
241 241 
242 242 
243 243 
243 243 
243 244 
244 244 
244 244 
245 245 
245 245 
247 247 
247 248 
248 248 
248 249 
249 249 
249 249 
250 250 
250 250 
250 250 
250 250 
250 251 
252 252 
252 253 
253 255 
255 256 
256 257 
258 258 
258 259 
259 260 
261 261 
262 262 
262 263 
263 263 
263 264 
264 264 
265 266 
266 266 
267 267 
269 270 
270 270 
271 271 
271 272 
272 272 
273 273 
274 274 
274 274 
275 275 
275 275 
276 276 
277 278 
278 278 
279 279 
279 280 
280 281 
281 281 
282 282 
282 283 
284 284 
284 285 
285 285 
285 286 
286 286 
286 286 
286 286 
286 287 
288 288 
289 289 
290 291 
292 292 
292 293 
293 293 
294 294 
295 295 
295 296 
296 296 
296 297 
299 299 
299 300 
300 301 
301 301 
302 302 
303 303 
304 304 
304 304 
304 305 
305 305 
306 306 
306 307 
307 307 
308 308 
309 309 
309 309 
310 310 
310 310 
310 311 
311 311 
312 312 
312 312 
312 313 
313 313 
313 314 
314 314 
314 314 
315 315 
316 317 
317 317 
317 318 
318 318 
318 319 
319 320 
320 320 
320 321 
322 322 
322 322 
322 322 
322 323 
323 323 
323 323 
323 324 
325 325 
325 325 
325 325 
326 327 
327 327 
328 329 
330 330 
330 331 
331 331 
332 332 
332 332 
333 333 
333 334 
334 334 
335 335 
335 335 
336 336 
337 337 
338 338 
338 339 
339 339 
340 340 
340 340 
340 340 
341 341 
342 342 
342 342 
342 343 
343 343 
343 343 
343 344 
344 344 
345 345 
345 346 
346 346 
346 346 
346 346 
347 347 
347 348 
348 349 
349 349 
350 350 
350 351 
351 351 
352 352 
352 353 
354 354 
354 355 
355 356 
356 356 
356 356 
357 357 
358 358 
358 360 
361 362 
362 362 
362 363 
363 364 
364 364 
364 364 
365 365 
366 366 
366 368 
368 368 
369 369 
369 369 
370 371 
371 371 
372 372 
373 373 
373 373 
373 374 
375 375 
375 375 
376 376 
376 376 
376 377 
377 377 
377 377 
378 378 
378 378 
379 380 
380 380 
380 380 
381 381 
381 382 
382 382 
383 383 
383 383 
384 384 
384 384 
385 385 
386 386 
387 387 
387 387 
387 388 
388 388 
388 389 
389 389 
389 390 
390 390 
391 391 
391 391 
391 392 
392 392 
392 393 
393 394 
394 394 
394 394 
394 395 
395 396 
396 396 
396 397 
397 398 
399 399 
400 400 
400 400 
401 402 
402 402 
403 404 
404 404 
404 405 
405 405 
406 406 
406 407 
407 408 
408 408 
408 409 
409 410 
410 411 
411 411 
412 412 
413 414 
415 415 
416 416 
416 416 
417 417 
417 418 
418 418 
419 419 
419 419 
419 419 
420 420 
421 421 
421 421 
421 421 
422 422 
423 423 
424 425 
426 426 
426 426 
426 426 
426 427 
427 427 
427 428 
429 430 
431 431 
431 432 
433 433 
433 434 
435 435 
435 435 
435 436 
436 436 
437 437 
437 437 
437 437 
438 438 
439 440 
440 440 
440 440 
441 441 
442 442 
442 442 
443 443 
444 444 
444 444 
444 445 
445 445 
445 445 
446 446 
448 448 
448 448 
449 449 
449 449 
449 449 
450 450 
450 451 
451 451 
451 451 
452 452 
452 452 
453 453 
453 454 
454 454 
455 455 
455 457 
457 457 
458 458 
458 458 
458 459 
460 460 
460 460 
461 461 
461 462 
462 462 
462 463 
463 463 
464 464 
464 465 
465 466 
466 466 
466 467 
467 467 
467 468 
468 468 
468 469 
469 470 
470 470 
470 470 
471 471 
472 472 
472 473 
473 474 
475 476 
476 477 
477 478 
478 479 
479 479 
479 479 
480 480 
480 481 
481 481 
482 482 
483 483 
483 483 
483 484 
484 485 
485 485 
485 486 
486 486 
487 488 
488 488 
489 489 
489 489 
489 489 
490 490 
490 490 
490 491 
491 491 
491 491 
493 493 
493 493 
493 494 
494 494 
495 495 
495 495 
495 496 
496 496 
496 496 
497 498 
499 499 
499 499 
500 500 
500 500 
43 36 
53 230 
347 196 
358 37 
62 172 
324 464 
189 279 
269 54 
165 237 
311 314 
389 28 
110 270 
24 364 
314 411 
499 24 
110 139 
201 202 
314 383 
47 121 
180 343 
371 385 
455 66 
461 200 
371 470 
472 53 
188 442 
217 283 
336 394 
85 195 
310 417 
449 457 
256 302 
384 468 
304 10 
12 142 
168 218 
60 342 
392 470 
489 143 
175 205 
235 304 
483 9 
88 118 
301 249 
346 368 
481 77 
499 451 
100 142 
252 317 
452 460 
479 223 
2 310 
4 357 
423 109 
235 306 
472 84 
131 380 
303 212 
58 152 
426 488 
1 229 
377 421 
70 78 
169 172 
322 490 
14 106 
211 219 
63 123 
318 327 
229 322 
444 103 
126 212 
389 123 
296 395 
2 18 
261 396 
8 289 
342 461 
463 149 
263 286 
383 160 
243 330 
42 219 
259 487 
373 400 
25 67 
187 223 
312 399 
466 468 
181 493 
4 436 
451 49 
93 495 
212 453 
15 110 
169 60 
125 161 
198 344 
83 338 
248 442 
494 44 
89 375 
463 286 
490 129 
173 163 
183 327 
250 453 
223 243 
266 339 
244 408 
30 111 
369 392 
45 129 
384 438 
386 376 
480 355 
373 329 
377 68 
113 128 
170 286 
39 342 
434 20 
180 194 
318 489 
119 122 
377 28 
174 251 
383 407 
70 108 
190 340 
322 444 
211 225 
431 184 
343 350 
351 63 
341 382 
391 451 
466 467 
302 490 
103 140 
187 194 
242 227 
381 384 
137 323 
362 445 
32 110 
121 147 
483 493 
125 192 
452 51 
95 172 
405 473 
299 126 
47 271 
276 391 
498 167 
460 470 
89 38 
323 483 
9 12 
66 100 
320 399 
77 193 
338 416 
458 460 
182 416 
83 346 
169 220 
286 301 
148 263 
286 430 
213 125 
252 349 
368 28 
168 227 
317 394 
483 87 
171 482 
486 139 
149 228 
250 14 
100 365 
395 479 
87 214 
332 49 
52 165 
421 474 
125 396 
67 102 
117 124 
440 51 
105 433 
441 144 
177 83 
205 262 
72 78 
140 223 
365 409 
261 39 
189 216 
332 466 
379 173 
98 178 
264 284 
396 426 
448 12 
120 95 
129 154 
488 24 
32 437 
27 127 
184 285 
312 390 
402 101 
186 245 
450 115 
238 440 
56 120 
334 455 
264 325 
278 285 
453 42 
354 405 
217 361 
458 140 
224 341 
226 274 
208 231 
375 387 
179 195 
436 490 
391 435 
176 178 
57 351 
420 493 
67 496 
73 8 
123 184 
194 497 
107 243 
306 309 
24 118 
450 45 
66 114 
209 292 
83 313 
328 406 
119 286 
5 45 
103 196 
221 248 
266 72 
135 282 
322 362 
88 27 
159 127 
334 449 
137 159 
404 157 
292 14 
85 386 
433 471 
61 295 
112 245 
342 435 
73 252 
266 299 
455 476 
92 144 
165 348 
387 418 
449 496 
323 449 
147 253 
293 60 
95 189 
314 405 
18 198 
217 419 
458 6 
132 187 
240 491 
89 375 
340 102 
247 471 
111 418 
86 95 
165 437 
467 20 
157 322 
342 469 
3 172 
381 206 
270 285 
310 368 
67 188 
236 345 
441 473 
17 213 
281 13 
349 372 
13 217 
250 286 
375 27 
128 479 
197 255 
327 414 
478 218 
249 272 
156 371 
469 485 
169 285 
241 299 
352 457 
47 91 
331 440 
41 51 
65 278 
116 200 
122 133 
19 153 
188 203 
350 419 
495 24 
207 48 
58 114 
235 383 
172 458 
448 35 
60 75 
129 262 
313 154 
245 264 
279 325 
459 91 
389 155 
323 96 
118 120 
233 235 
374 400 
43 50 
427 2 
300 156 
407 295 
480 228 
277 309 
373 27 
38 220 
228 275 
380 198 
8 366 
410 148 
417 391 
393 426 
189 304 
210 413 
95 380 
57 75 
167 312 
421 76 
250 297 
308 390 
147 182 
224 491 
192 284 
360 69 
172 281 
402 29 
207 250 
326 346 
74 120 
203 244 
249 351 
437 477 
481 88 
32 117 
183 186 
392 206 
315 22 
313 396 
292 335 
356 58 
437 311 
53 130 
128 223 
496 56 
115 323 
369 137 
150 224 
343 75 
172 183 
340 440 
7 9 
197 479 
106 454 
491 207 
325 364 
305 343 
155 276 
339 489 
235 307 
416 500 
106 274 
233 151 
212 381 
6 224 
330 423 
499 200 
248 330 
173 346 
484 19 
138 247 
495 145 
151 197 
209 56 
71 83 
114 115 
171 203 
398 494 
464 479 
54 443 
426 337 
169 179 
258 186 
318 477 
388 485 
181 232 
388 52 
366 429 
478 244 
104 183 
210 230 
493 28 
114 343 
22 94 
40 333 
23 27 
240 356 
397 273 
337 496 
38 167 
334 275 
346 378 
244 406 
167 234 
378 387 
20 36 
197 449 
486 8 
260 363 
60 145 
243 344 
421 170 
223 256 
391 8 
11 13 
187 377 
255 362 
411 32 
118 376 
419 49 
86 293 
467 345 
403 110 
332 346 
427 500 
46 50 
90 173 
195 332 
444 98 
109 185 
226 263 
408 5 
150 224 
272 331 
445 452 
249 49 
73 206 
170 82 
57 279 
281 211 
325 400 
122 133 
320 322 
303 468 
489 149 
177 306 
258 355 
394 444 
19 394 
291 305 
68 111 
382 75 
274 352 
89 191 
267 348 
419 426 
93 154 
25 54 
84 182 
195 14 
92 265 
273 301 
500 67 
312 435 
198 319 
435 29 
113 249 
282 307 
320 427 
2 426 
438 184 
340 117 
201 373 
92 217 
461 92 
160 250 
210 339 
400 466 
152 376 
409 81 
335 258 
304 390 
404 421 
37 490 
3 376 
412 247 
153 98 
173 315 
470 311 
384 10 
272 380 
404 489 
121 129 
237 296 
432 29 
117 197 
77 263 
421 463 
462 14 
17 208 
201 416 
59 81 
234 349 
446 228 
70 156 
190 204 
80 317 
354 358 
393 43 
82 87 
314 442 
307 309 
467 482 
134 39 
235 242 
364 481 
97 196 
278 93 
338 500 
13 56 
88 220 
22 78 
97 363 
14 388 
79 180 
156 184 
309 397 
499 294 
295 385 
495 8 
51 225 
435 145 
244 356 
93 106 
158 239 
313 25 
77 253 
406 239 
376 19 
118 335 
336 431 
451 52 
121 53 
124 138 
257 304 
387 286 
60 110 
59 228 
331 352 
446 145 
248 411 
319 178 
356 364 
468 103 
152 187 
170 308 
392 88 
231 76 
323 422 
442 129 
354 237 
489 11 
316 402 
358 449 
241 206 
451 475 
111 112 
275 372 
20 238 
437 184 
193 460 
188 217 
317 340 
427 452 
160 493 
43 123 
243 312 
356 369 
408 448 
37 280 
491 470 
42 138 
239 290 
340 347 
465 229 
320 346 
419 496 
296 115 
91 394 
440 366 
126 180 
448 84 
158 182 
344 345 
389 62 
157 454 
142 194 
250 259 
417 462 
78 347 
488 125 
148 211 
267 431 
126 198 
18 69 
377 408 
289 445 
50 90 
322 335 
485 98 
325 443 
454 457 
373 401 
138 222 
422 433 
20 177 
184 185 
310 412 
147 168 
486 31 
62 93 
394 415 
32 102 
325 419 
65 74 
151 271 
436 445 
14 149 
183 21 
210 445 
111 153 
188 221 
484 224 
33 107 
111 418 
16 54 
350 370 
437 491 
494 55 
70 369 
5 288 
483 426 
480 60 
93 133 
353 93 
194 318 
378 22 
60 333 
404 195 
208 17 
25 107 
362 425 
180 192 
17 38 
495 103 
199 123 
415 183 
485 250 
293 206 
296 33 
121 205 
270 288 
80 232 
465 29 
250 380 
119 378 
27 101 
109 118 
464 282 
458 208 
294 444 
476 119 
310 450 
58 42 
141 439 
25 86 
274 333 
364 410 
46 71 
94 157 
357 189 
245 271 
424 462 
61 101 
160 300 
420 69 
287 462 
63 217 
284 388 
472 162 
184 262 
305 428 
166 106 
11 30 
280 387 
275 321 
343 382 
