1 1 
2 2 
2 2 
2 4 
4 5 
5 5 
5 6 
6 6 
6 7 
7 7 
8 8 
9 9 
10 11 
11 11 
11 12 
12 12 
12 12 
13 14 
14 14 
14 14 
14 15 
15 16 
16 16 
16 17 
17 17 
17 17 
17 17 
18 18 
18 18 
19 20 
20 20 
21 21 
21 22 
22 22 
22 23 
23 23 
23 24 
25 26 
26 26 
26 26 
26 27 
27 27 
28 28 
28 28 
28 28 
28 29 
29 29 
30 31 
31 31 
32 32 
32 33 
33 33 
33 34 
34 35 
35 35 
36 36 
36 37 
37 37 
38 39 
40 41 
41 41 
41 41 
42 42 
43 43 
43 44 
44 44 
44 44 
45 45 
45 45 
45 45 
45 45 
45 46 
46 46 
46 46 
46 47 
48 48 
48 48 
50 50 
50 51 
51 51 
52 52 
52 54 
54 54 
55 55 
56 56 
56 57 
57 57 
57 57 
57 57 
57 58 
59 59 
59 60 
60 60 
60 60 
60 60 
61 62 
62 62 
62 63 
63 63 
63 63 
63 63 
64 64 
65 65 
65 66 
66 66 
67 67 
68 68 
69 69 
69 69 
69 69 
69 70 
70 70 
70 71 
71 71 
72 73 
74 74 
75 75 
76 76 
76 76 
76 76 
77 77 
77 77 
77 77 
77 78 
78 78 
78 80 
80 82 
82 82 
83 83 
84 84 
85 85 
86 87 
87 87 
87 87 
88 88 
88 89 
89 89 
90 90 
91 91 
91 92 
92 93 
93 94 
94 95 
96 96 
96 97 
98 98 
98 98 
98 98 
99 99 
99 101 
101 101 
101 102 
103 104 
105 105 
106 106 
106 107 
108 108 
108 109 
110 111 
112 112 
113 113 
113 113 
113 113 
113 114 
114 114 
115 115 
115 116 
116 117 
117 117 
117 118 
118 118 
120 121 
121 122 
122 122 
123 123 
124 124 
124 124 
125 125 
125 126 
126 127 
127 127 
127 128 
128 129 
129 130 
130 130 
130 131 
131 132 
132 132 
134 134 
135 135 
135 135 
135 136 
136 136 
137 137 
138 139 
139 139 
139 140 
140 140 
140 140 
140 141 
141 142 
142 142 
143 143 
143 143 
145 145 
145 146 
146 146 
146 146 
147 147 
148 148 
148 148 
148 148 
149 149 
150 150 
151 152 
152 152 
152 152 
153 153 
153 154 
154 154 
155 155 
156 156 
157 157 
157 158 
159 160 
160 160 
160 160 
160 160 
161 161 
162 162 
162 162 
162 162 
164 164 
164 165 
165 166 
167 167 
167 168 
168 168 
169 169 
170 171 
171 171 
172 172 
172 172 
173 173 
173 174 
174 174 
174 174 
174 174 
175 175 
176 176 
176 176 
176 177 
178 178 
179 179 
179 179 
180 180 
181 181 
181 182 
182 183 
183 183 
183 183 
184 184 
184 185 
185 186 
186 186 
187 187 
187 187 
188 188 
190 190 
191 191 
191 192 
192 192 
193 193 
193 194 
194 194 
195 195 
195 195 
196 196 
197 197 
197 198 
198 198 
199 199 
199 200 
200 201 
201 201 
201 201 
202 203 
203 203 
203 203 
204 204 
204 205 
205 205 
205 205 
206 207 
207 207 
208 208 
208 208 
208 210 
210 212 
212 212 
212 212 
212 213 
213 213 
213 214 
215 215 
215 216 
216 217 
217 217 
217 217 
218 218 
218 218 
218 218 
218 219 
219 219 
219 219 
220 220 
220 220 
220 220 
221 221 
222 222 
223 223 
223 223 
223 224 
225 226 
226 226 
226 227 
228 228 
228 228 
228 228 
228 229 
229 229 
230 230 
231 231 
231 231 
231 232 
232 233 
233 233 
233 233 
234 234 
236 236 
237 237 
238 238 
238 240 
241 241 
241 242 
242 243 
243 243 
243 243 
243 244 
244 245 
245 245 
245 246 
246 247 
247 247 
248 249 
249 249 
250 250 
250 250 
251 251 
251 252 
252 253 
253 253 
253 254 
254 254 
254 254 
255 255 
256 256 
256 256 
257 257 
258 259 
259 259 
260 260 
260 261 
261 261 
261 262 
262 262 
262 262 
262 263 
263 264 
264 264 
265 265 
265 266 
267 267 
267 267 
267 267 
267 267 
267 268 
268 269 
269 269 
269 269 
270 270 
270 270 
270 271 
271 272 
273 273 
273 274 
274 274 
275 275 
275 276 
276 276 
277 277 
278 278 
279 279 
280 280 
280 281 
281 282 
282 282 
282 282 
283 283 
283 283 
283 284 
284 285 
285 285 
286 286 
286 286 
287 287 
288 288 
288 288 
289 289 
289 290 
290 290 
291 291 
293 294 
294 295 
295 295 
295 296 
296 296 
296 296 
298 298 
298 298 
299 299 
299 300 
300 300 
300 302 
302 302 
303 304 
304 304 
305 305 
305 306 
306 306 
306 307 
307 307 
308 308 
308 309 
310 310 
310 310 
311 311 
311 312 
312 312 
312 312 
312 313 
313 313 
313 313 
315 316 
316 316 
316 317 
317 317 
317 317 
317 317 
317 318 
318 318 
318 318 
319 319 
320 320 
320 320 
320 321 
321 322 
322 322 
323 323 
323 323 
323 324 
324 324 
324 324 
325 325 
326 326 
326 327 
327 327 
327 327 
328 328 
328 328 
328 328 
329 329 
330 330 
330 331 
331 332 
333 334 
334 335 
335 335 
335 335 
336 336 
336 336 
337 337 
338 339 
339 340 
340 340 
341 342 
342 343 
343 343 
344 344 
345 345 
345 345 
346 346 
346 347 
347 348 
348 348 
348 348 
348 349 
349 349 
349 349 
350 350 
350 350 
350 350 
350 351 
351 351 
351 351 
352 354 
354 354 
354 355 
355 356 
357 357 
358 358 
359 359 
359 360 
360 361 
362 362 
362 362 
363 363 
363 364 
364 365 
366 366 
366 367 
367 367 
368 368 
368 368 
368 369 
369 369 
370 371 
372 372 
372 372 
373 373 
374 374 
375 376 
376 376 
377 379 
379 379 
380 380 
380 380 
381 381 
381 381 
382 382 
382 382 
382 383 
384 384 
385 385 
385 385 
385 386 
386 386 
386 387 
387 387 
388 388 
388 388 
388 389 
389 389 
389 389 
390 390 
390 391 
391 391 
391 392 
392 393 
393 393 
393 394 
394 394 
395 395 
396 396 
397 397 
398 399 
399 399 
400 400 
400 400 
401 401 
401 402 
402 403 
403 403 
404 404 
404 404 
404 405 
405 405 
406 407 
407 407 
407 407 
407 408 
408 408 
408 408 
409 409 
409 409 
410 410 
411 412 
412 412 
413 413 
413 413 
414 416 
416 416 
416 417 
417 418 
418 418 
419 419 
419 419 
419 420 
420 421 
421 421 
422 422 
423 423 
423 424 
425 425 
425 425 
425 425 
425 425 
425 425 
426 426 
426 427 
427 428 
428 429 
429 430 
430 430 
431 431 
431 431 
432 432 
432 432 
433 433 
433 433 
434 434 
434 435 
435 435 
435 436 
436 437 
437 437 
438 438 
439 440 
440 440 
440 440 
440 441 
441 441 
442 443 
443 443 
443 444 
444 444 
445 445 
446 446 
446 446 
446 446 
447 447 
447 447 
447 447 
448 448 
449 450 
450 450 
451 451 
453 454 
454 454 
454 454 
455 455 
456 457 
458 458 
458 458 
458 458 
458 459 
459 459 
459 460 
460 460 
460 461 
461 461 
462 462 
462 463 
463 463 
464 464 
464 464 
465 465 
465 465 
465 466 
466 467 
467 467 
468 468 
468 469 
470 470 
470 471 
471 471 
471 471 
472 472 
472 472 
472 473 
474 474 
474 474 
474 474 
475 475 
475 476 
476 477 
477 477 
477 478 
478 478 
478 478 
478 478 
479 479 
479 480 
480 481 
482 482 
482 482 
483 484 
484 484 
484 484 
484 485 
485 487 
487 487 
488 488 
488 488 
488 488 
489 489 
489 489 
490 491 
491 492 
492 492 
492 492 
492 493 
493 494 
494 495 
496 496 
496 497 
497 497 
497 497 
498 498 
498 499 
500 500 
500 500 
174 380 
118 162 
399 404 
475 207 
347 52 
90 400 
401 33 
153 296 
328 37 
246 377 
382 418 
131 330 
160 69 
259 324 
435 152 
173 218 
422 462 
309 75 
76 158 
296 348 
431 108 
179 96 
269 400 
465 45 
77 96 
127 162 
256 324 
195 230 
295 351 
267 233 
243 313 
384 390 
464 114 
204 273 
445 54 
203 205 
254 386 
62 142 
146 278 
323 325 
471 33 
132 231 
308 320 
345 372 
389 446 
465 137 
275 357 
368 44 
198 409 
208 246 
350 6 
27 148 
311 172 
247 58 
123 142 
140 310 
472 7 
251 355 
300 138 
485 76 
148 181 
186 289 
76 358 
248 449 
488 31 
148 167 
313 324 
17 136 
232 265 
295 335 
439 440 
482 62 
105 113 
262 470 
496 63 
217 306 
324 478 
145 328 
476 316 
408 421 
5 141 
478 23 
193 212 
155 177 
219 433 
488 157 
199 237 
274 317 
319 361 
366 35 
245 298 
474 63 
174 213 
317 407 
433 441 
214 25 
46 255 
350 47 
60 135 
223 440 
478 489 
391 432 
188 207 
362 157 
175 409 
286 394 
270 417 
11 82 
175 183 
387 403 
423 84 
132 146 
464 166 
255 457 
397 229 
333 443 
14 391 
14 41 
42 87 
198 228 
17 80 
168 174 
357 421 
459 195 
218 327 
468 77 
115 69 
200 241 
345 500 
70 101 
218 316 
219 76 
387 394 
413 470 
293 325 
382 125 
197 213 
5 249 
102 446 
487 223 
279 130 
400 308 
491 362 
16 17 
286 178 
99 125 
130 157 
364 472 
98 447 
484 84 
113 327 
402 91 
332 168 
46 290 
160 217 
458 331 
15 231 
420 130 
205 472 
382 460 
46 101 
243 321 
407 434 
479 22 
262 471 
80 282 
346 308 
458 139 
260 336 
488 2 
461 478 
350 355 
454 139 
167 444 
35 394 
174 203 
318 336 
89 98 
465 210 
260 17 
265 384 
477 145 
462 354 
500 93 
98 109 
234 9 
466 27 
70 320 
257 281 
63 150 
243 299 
459 45 
230 430 
29 296 
39 117 
122 350 
431 36 
290 351 
423 435 
484 52 
425 26 
35 247 
194 320 
369 374 
50 128 
176 26 
70 455 
468 475 
472 489 
33 41 
44 231 
396 482 
435 497 
135 192 
379 12 
240 268 
403 460 
6 425 
487 208 
241 313 
55 160 
222 238 
57 66 
98 14 
220 10 
106 155 
185 254 
349 385 
220 431 
2 17 
195 205 
409 465 
238 479 
488 174 
286 71 
44 122 
221 77 
104 223 
179 370 
496 433 
438 447 
34 187 
313 328 
12 422 
459 1 
60 77 
124 165 
295 443 
66 69 
145 234 
243 261 
391 55 
97 481 
15 169 
185 208 
187 223 
41 201 
264 324 
381 69 
201 304 
306 382 
270 298 
418 160 
179 41 
215 478 
172 180 
229 477 
65 471 
458 493 
335 399 
494 150 
328 474 
54 252 
305 143 
245 290 
18 78 
162 491 
302 390 
89 322 
416 31 
76 327 
57 334 
467 82 
425 181 
183 343 
404 446 
426 23 
124 218 
386 461 
22 447 
493 23 
110 162 
390 435 
366 4 
65 391 
32 154 
179 270 
395 126 
237 54 
262 278 
322 423 
489 60 
89 273 
372 61 
186 261 
372 233 
471 48 
106 335 
392 432 
12 78 
85 203 
267 376 
404 56 
86 253 
375 393 
159 161 
285 350 
354 434 
167 446 
156 498 
63 92 
168 180 
265 317 
312 270 
283 380 
426 405 
76 267 
269 288 
318 428 
490 73 
187 429 
18 136 
27 108 
148 313 
388 45 
373 20 
216 302 
440 463 
130 176 
273 329 
57 210 
156 164 
262 152 
82 154 
282 389 
433 20 
113 135 
176 274 
280 256 
330 59 
194 298 
304 7 
32 34 
142 329 
43 90 
250 456 
249 254 
317 478 
37 419 
425 193 
349 219 
274 302 
471 23 
160 250 
269 282 
62 71 
17 244 
413 420 
134 342 
300 11 
283 307 
117 126 
470 176 
215 268 
450 46 
114 212 
238 401 
424 291 
299 181 
363 404 
45 127 
223 477 
19 218 
228 270 
317 372 
379 410 
463 152 
261 16 
228 254 
363 408 
68 184 
208 226 
267 312 
419 465 
22 213 
236 57 
243 253 
29 458 
500 392 
411 448 
348 397 
26 212 
92 311 
243 336 
432 134 
364 115 
241 254 
348 450 
226 259 
330 403 
489 367 
381 220 
461 484 
67 96 
165 425 
344 430 
228 296 
307 393 
41 386 
440 105 
140 194 
263 416 
88 343 
429 18 
45 174 
474 6 
14 137 
288 305 
59 184 
245 305 
135 263 
359 38 
258 460 
479 196 
233 253 
407 183 
245 443 
193 296 
298 48 
183 398 
430 259 
288 356 
28 94 
116 13 
36 316 
383 425 
33 279 
362 225 
271 323 
349 445 
497 20 
44 154 
172 231 
345 51 
85 310 
339 57 
60 224 
250 267 
349 421 
488 124 
228 345 
368 475 
57 340 
28 132 
143 350 
389 113 
393 197 
212 453 
26 312 
348 354 
363 11 
17 44 
48 182 
26 88 
386 404 
414 78 
101 198 
406 425 
6 50 
172 192 
389 409 
236 247 
9 244 
283 107 
369 103 
74 199 
425 45 
191 217 
474 482 
117 124 
280 348 
340 499 
434 316 
408 319 
337 385 
484 257 
368 201 
294 440 
287 366 
28 83 
315 318 
115 402 
480 4 
373 14 
277 282 
323 336 
412 160 
252 312 
317 440 
32 62 
120 139 
220 320 
444 18 
140 450 
458 492 
437 129 
220 323 
476 37 
121 307 
29 77 
42 441 
299 381 
419 473 
492 57 
65 95 
311 388 
264 269 
323 98 
281 385 
57 206 
344 284 
410 458 
30 318 
342 401 
482 143 
331 484 
169 428 
28 213 
215 267 
232 347 
143 454 
219 218 
395 492 
7 151 
267 393 
1 226 
413 446 
182 284 
359 448 
8 88 
112 183 
407 310 
21 127 
160 340 
365 447 
492 24 
203 289 
326 69 
87 478 
231 362 
396 432 
492 28 
242 320 
328 492 
21 196 
205 64 
75 176 
207 217 
276 219 
288 321 
379 67 
87 123 
208 376 
148 388 
72 277 
306 2 
191 462 
5 16 
93 454 
5 262 
368 101 
346 69 
152 283 
2 201 
218 264 
326 227 
436 454 
327 60 
113 303 
382 418 
496 51 
269 339 
412 451 
31 66 
162 328 
267 367 
276 348 
408 437 
87 256 
380 497 
326 197 
291 419 
464 68 
427 8 
184 407 
251 271 
359 416 
459 108 
256 51 
77 317 
12 173 
69 140 
212 262 
141 153 
200 251 
286 310 
327 334 
441 455 
202 226 
488 417 
500 228 
371 229 
294 136 
287 306 
14 139 
161 458 
64 217 
280 388 
56 60 
171 242 
113 220 
338 11 
140 149 
205 405 
467 352 
412 472 
171 468 
45 45 
63 233 
289 343 
349 60 
358 425 
443 74 
174 304 
442 122 
350 498 
22 312 
28 91 
201 221 
380 494 
99 171 
204 385 
463 498 
276 381 
43 261 
282 351 
408 497 
322 121 
374 400 
405 467 
146 425 
249 71 
106 116 
190 275 
351 367 
431 77 
135 173 
419 112 
152 300 
464 118 
203 285 
12 128 
399 233 
267 447 
21 70 
416 460 
16 28 
125 162 
272 131 
485 199 
436 454 
78 146 
438 495 
46 87 
260 26 
114 188 
216 253 
36 98 
111 147 
437 360 
59 192 
295 335 
483 487 
2 146 
318 50 
354 127 
187 266 
484 48 
52 63 
118 186 
250 387 
113 164 
300 346 
497 178 
45 148 
335 368 
474 99 
140 285 
341 369 
477 40 
466 91 
153 474 
43 56 
117 164 
317 426 
63 147 
212 283 
228 94 
195 351 
360 376 
385 388 
389 190 
204 191 
446 469 
46 170 
407 149 
312 413 
451 480 
222 444 
447 337 
83 129 
275 427 
