1 1 
2 2 
2 3 
3 4 
4 4 
4 5 
5 5 
5 5 
6 6 
7 7 
8 8 
8 9 
9 9 
10 10 
10 11 
11 11 
11 11 
11 12 
12 12 
13 13 
13 13 
14 14 
15 16 
16 16 
16 17 
17 17 
18 18 
18 18 
19 19 
19 20 
20 21 
21 21 
22 23 
23 24 
24 24 
24 24 
24 24 
25 25 
26 26 
27 27 
27 27 
27 28 
28 28 
29 29 
29 30 
30 30 
30 30 
30 31 
31 31 
31 31 
31 32 
33 33 
33 34 
34 34 
34 34 
35 35 
35 36 
36 36 
36 37 
38 38 
38 39 
39 39 
40 40 
41 43 
43 44 
44 45 
45 45 
46 46 
46 46 
46 48 
48 49 
49 50 
50 50 
50 51 
51 51 
52 52 
52 52 
52 52 
53 53 
53 53 
53 54 
54 54 
54 54 
54 54 
55 55 
56 56 
56 56 
56 57 
57 57 
57 57 
58 58 
58 58 
58 59 
59 60 
60 60 
61 61 
61 61 
62 62 
64 65 
65 65 
66 67 
67 67 
67 67 
68 68 
68 68 
69 69 
69 70 
70 70 
70 71 
72 72 
72 73 
73 73 
73 74 
75 75 
75 75 
76 76 
77 77 
77 78 
79 79 
79 79 
79 79 
80 80 
80 81 
81 81 
81 82 
82 82 
82 82 
83 83 
83 83 
83 84 
84 84 
84 85 
85 85 
85 86 
86 86 
87 87 
87 87 
87 88 
88 88 
88 88 
88 89 
89 89 
90 91 
91 91 
91 92 
92 92 
92 92 
92 93 
93 93 
93 94 
94 94 
95 95 
95 96 
96 97 
97 97 
97 97 
98 99 
99 99 
100 100 
100 100 
100 101 
101 101 
101 101 
102 102 
102 102 
102 103 
103 103 
103 103 
103 103 
103 104 
104 104 
104 105 
105 105 
105 106 
106 107 
107 107 
107 107 
107 107 
108 108 
108 109 
109 110 
110 110 
111 111 
111 112 
112 112 
112 113 
113 113 
113 113 
113 115 
116 116 
116 117 
117 118 
118 119 
119 119 
120 120 
121 121 
121 121 
122 122 
123 124 
125 125 
125 125 
125 126 
126 126 
128 129 
129 130 
130 130 
130 131 
131 132 
132 132 
133 133 
133 134 
134 134 
134 134 
135 135 
135 135 
135 135 
137 137 
137 138 
138 138 
139 139 
139 140 
140 140 
140 140 
141 141 
142 142 
142 143 
143 143 
143 144 
144 144 
144 145 
145 146 
146 146 
147 147 
147 148 
148 148 
149 149 
150 150 
150 150 
150 150 
150 151 
151 151 
152 152 
152 152 
152 152 
153 153 
154 154 
154 154 
156 156 
156 156 
156 157 
158 158 
158 158 
158 158 
158 159 
159 159 
159 160 
160 160 
160 160 
160 161 
161 161 
161 162 
162 162 
162 162 
162 162 
163 163 
164 164 
164 166 
166 166 
166 166 
167 168 
168 168 
169 169 
170 170 
171 171 
171 171 
172 174 
174 175 
175 175 
175 175 
176 176 
176 177 
177 179 
179 179 
180 180 
181 181 
181 183 
183 184 
184 184 
184 185 
185 185 
185 186 
186 186 
187 187 
187 187 
188 188 
189 189 
189 189 
190 190 
192 193 
193 194 
194 194 
194 195 
195 196 
196 196 
196 196 
196 197 
197 197 
198 198 
199 199 
200 200 
200 201 
201 201 
201 202 
204 204 
205 206 
207 207 
207 207 
207 207 
208 208 
208 208 
208 208 
208 209 
210 211 
212 212 
212 213 
213 213 
214 214 
214 214 
215 215 
215 215 
215 215 
215 216 
216 216 
217 217 
217 217 
217 218 
218 218 
219 219 
220 220 
220 220 
221 221 
221 221 
221 222 
223 223 
223 224 
224 224 
224 224 
224 224 
225 225 
225 226 
227 227 
228 228 
229 229 
229 230 
230 230 
230 230 
230 231 
231 231 
231 232 
232 233 
234 234 
234 235 
235 236 
236 237 
237 237 
238 238 
238 238 
238 239 
239 239 
240 240 
241 241 
241 242 
242 242 
242 243 
243 243 
243 243 
243 243 
243 244 
244 244 
245 245 
245 246 
246 246 
246 246 
247 247 
247 247 
247 247 
248 249 
249 251 
251 251 
251 251 
252 252 
252 252 
252 253 
253 253 
253 254 
254 254 
255 255 
256 256 
256 256 
257 257 
257 258 
259 259 
259 259 
260 261 
261 261 
261 261 
263 263 
263 264 
264 264 
264 264 
265 265 
266 266 
266 266 
266 267 
267 267 
268 268 
268 268 
268 268 
269 270 
270 270 
270 270 
271 271 
271 272 
272 272 
272 272 
273 273 
273 274 
274 274 
274 274 
275 275 
275 275 
275 276 
276 276 
277 277 
277 278 
278 278 
279 279 
279 279 
279 279 
280 281 
282 282 
282 283 
283 284 
284 284 
284 285 
285 285 
285 286 
286 286 
287 287 
287 289 
289 289 
289 289 
289 289 
290 290 
291 291 
291 291 
292 293 
293 294 
295 295 
295 296 
297 297 
298 298 
298 299 
299 299 
300 300 
300 301 
301 301 
301 301 
302 302 
303 303 
303 303 
304 304 
304 305 
305 305 
305 306 
307 308 
308 309 
309 310 
310 311 
311 311 
311 311 
311 312 
312 313 
313 313 
314 314 
314 314 
314 314 
315 315 
316 316 
317 318 
319 319 
319 319 
320 320 
320 320 
320 321 
321 321 
321 323 
323 324 
325 325 
325 326 
326 327 
327 328 
328 328 
329 329 
329 330 
330 330 
330 331 
333 334 
335 335 
336 337 
337 337 
338 338 
338 338 
339 339 
339 339 
339 340 
340 340 
340 340 
341 341 
343 343 
343 343 
344 345 
345 345 
345 346 
346 346 
347 347 
348 348 
348 348 
349 349 
349 350 
350 350 
350 350 
352 352 
352 354 
355 355 
356 356 
356 356 
356 356 
356 357 
358 358 
359 359 
359 360 
360 361 
361 362 
362 362 
363 363 
363 363 
364 365 
365 365 
365 366 
366 366 
366 367 
367 367 
367 368 
368 368 
368 368 
369 369 
369 370 
370 371 
371 371 
371 371 
371 372 
372 372 
373 373 
373 373 
374 374 
374 375 
375 375 
375 376 
376 376 
377 377 
378 378 
378 378 
378 379 
379 379 
379 379 
380 380 
380 380 
380 381 
381 382 
382 383 
383 385 
385 385 
385 386 
386 386 
387 387 
387 388 
388 388 
388 388 
389 389 
389 389 
390 391 
391 392 
392 392 
393 394 
394 394 
395 395 
395 395 
395 396 
396 397 
397 397 
397 397 
397 397 
398 398 
398 398 
399 399 
399 399 
400 400 
400 400 
401 401 
402 402 
402 403 
403 403 
404 404 
404 405 
405 406 
406 406 
406 406 
407 407 
407 407 
409 409 
409 409 
410 410 
410 411 
411 411 
412 412 
413 413 
413 413 
414 415 
415 416 
416 417 
417 417 
417 418 
418 419 
419 421 
421 422 
422 422 
423 423 
423 423 
423 424 
424 424 
425 425 
426 426 
426 426 
426 426 
427 427 
427 428 
428 429 
429 430 
430 430 
430 430 
430 431 
431 431 
432 432 
432 432 
433 433 
434 434 
434 434 
434 435 
435 436 
436 436 
436 437 
438 438 
438 439 
439 439 
439 440 
440 440 
440 440 
440 440 
441 442 
442 442 
442 443 
443 444 
444 444 
444 445 
445 445 
445 446 
446 446 
446 446 
446 447 
447 447 
448 448 
448 449 
449 449 
449 449 
450 451 
451 451 
452 452 
452 453 
454 454 
455 456 
456 456 
456 456 
457 457 
458 458 
458 458 
459 460 
460 460 
460 460 
460 461 
461 461 
461 462 
462 463 
463 463 
463 463 
464 465 
465 465 
466 467 
467 467 
468 468 
468 469 
469 469 
470 470 
470 470 
470 471 
471 472 
472 472 
473 473 
474 474 
475 475 
475 475 
477 477 
477 477 
477 477 
477 478 
478 478 
479 479 
479 479 
479 479 
479 480 
480 481 
481 481 
482 483 
483 483 
483 483 
483 483 
484 484 
485 485 
485 487 
487 487 
487 488 
488 488 
488 490 
491 491 
491 491 
491 492 
492 492 
493 493 
493 494 
494 494 
494 496 
496 496 
496 496 
497 497 
497 497 
497 498 
498 498 
499 499 
499 499 
500 500 
500 500 
156 391 
55 406 
487 5 
230 50 
221 233 
352 3 
40 217 
285 458 
46 377 
44 150 
31 92 
475 93 
143 483 
171 323 
434 24 
130 279 
339 356 
484 201 
318 456 
135 252 
393 398 
70 194 
368 28 
237 327 
421 224 
270 398 
85 100 
174 370 
143 189 
239 161 
312 34 
39 451 
163 77 
479 11 
27 91 
113 214 
273 388 
53 297 
97 268 
24 51 
86 195 
255 16 
263 407 
73 289 
409 110 
156 201 
240 365 
478 8 
51 67 
119 308 
499 499 
175 287 
477 21 
82 300 
347 494 
180 289 
483 235 
305 343 
360 80 
276 362 
465 21 
46 435 
5 361 
141 289 
481 7 
125 151 
269 403 
6 39 
64 121 
277 134 
394 107 
175 4 
93 304 
494 27 
31 140 
228 311 
319 358 
411 483 
25 316 
391 395 
436 103 
125 131 
184 198 
231 285 
2 460 
69 207 
247 379 
474 68 
119 246 
286 485 
215 309 
341 365 
413 103 
268 73 
158 289 
215 440 
445 458 
208 479 
46 387 
389 460 
302 31 
71 116 
246 270 
57 99 
373 471 
56 194 
259 14 
259 320 
415 67 
159 225 
397 29 
60 84 
491 221 
208 301 
339 410 
232 452 
23 231 
402 346 
166 204 
242 256 
303 479 
37 253 
266 207 
260 389 
497 34 
177 343 
367 432 
138 144 
222 333 
379 73 
141 275 
397 18 
101 108 
321 27 
100 135 
361 385 
397 417 
500 94 
137 142 
156 400 
470 241 
439 496 
187 24 
101 346 
481 8 
148 311 
326 428 
429 9 
50 300 
329 88 
284 386 
251 314 
500 197 
406 26 
162 253 
263 313 
380 68 
259 479 
18 86 
125 244 
492 85 
91 164 
426 457 
129 160 
166 196 
378 54 
59 224 
257 273 
369 429 
477 190 
238 244 
372 230 
314 369 
373 217 
494 49 
160 266 
338 362 
442 496 
85 249 
413 234 
427 30 
113 210 
236 261 
349 130 
346 378 
417 24 
110 139 
321 348 
426 253 
67 238 
385 162 
284 133 
383 31 
57 181 
196 380 
46 153 
338 467 
213 216 
134 160 
44 54 
100 440 
477 187 
217 293 
314 102 
245 11 
112 171 
185 54 
349 371 
379 389 
118 224 
387 48 
123 181 
270 319 
13 86 
193 243 
397 499 
88 226 
441 83 
158 202 
113 196 
266 51 
252 299 
369 410 
41 84 
88 186 
496 9 
19 171 
215 83 
150 172 
307 284 
287 305 
447 497 
301 379 
483 92 
297 475 
267 286 
7 144 
359 371 
396 484 
492 45 
279 340 
184 229 
341 407 
447 466 
121 498 
198 249 
330 375 
1 30 
88 400 
465 446 
60 138 
160 245 
345 368 
452 72 
218 256 
483 102 
107 124 
158 274 
468 20 
247 281 
415 97 
117 166 
197 236 
337 392 
22 215 
101 254 
458 79 
102 162 
264 356 
283 181 
221 379 
217 460 
444 470 
10 130 
143 430 
144 18 
308 33 
49 383 
397 461 
254 449 
488 82 
294 246 
259 355 
35 434 
119 134 
168 451 
473 54 
152 224 
229 130 
214 242 
496 142 
273 399 
90 126 
348 430 
472 485 
19 204 
237 422 
104 247 
310 135 
419 14 
69 243 
445 27 
208 102 
120 139 
424 479 
499 96 
162 338 
54 154 
392 404 
248 284 
374 12 
30 295 
311 138 
79 189 
229 470 
56 81 
220 242 
271 423 
62 75 
195 246 
320 446 
461 401 
110 385 
241 378 
387 122 
444 448 
24 185 
237 275 
58 61 
143 163 
264 278 
376 122 
266 268 
5 106 
126 169 
409 159 
271 319 
298 477 
207 303 
410 467 
4 74 
168 278 
437 83 
243 311 
452 17 
103 133 
184 268 
300 498 
72 245 
438 137 
469 491 
52 330 
152 184 
205 3 
105 265 
324 407 
492 54 
77 348 
398 76 
345 4 
109 296 
320 36 
243 111 
162 16 
189 214 
104 116 
315 357 
426 19 
272 488 
30 438 
89 212 
449 79 
185 207 
386 135 
194 223 
235 251 
301 436 
465 100 
104 418 
129 158 
225 57 
67 179 
208 247 
56 161 
190 246 
354 407 
200 108 
154 95 
243 277 
309 340 
13 140 
367 390 
417 80 
97 115 
478 164 
176 397 
27 282 
79 159 
456 498 
103 440 
463 295 
69 70 
99 179 
81 111 
264 265 
382 395 
28 97 
371 166 
215 261 
327 409 
230 261 
80 107 
139 216 
367 149 
313 440 
26 59 
216 224 
350 493 
45 17 
67 134 
344 394 
207 218 
339 239 
350 360 
444 455 
24 103 
186 160 
305 450 
454 491 
84 214 
399 440 
464 38 
317 394 
46 251 
388 215 
221 366 
11 151 
368 412 
442 469 
325 161 
255 432 
493 167 
381 94 
117 145 
200 5 
54 340 
377 57 
149 493 
33 145 
345 29 
35 43 
60 403 
463 474 
376 494 
316 378 
419 422 
388 126 
385 177 
201 258 
496 234 
25 148 
219 335 
396 140 
417 487 
34 93 
224 75 
147 243 
310 366 
66 406 
79 220 
306 425 
50 442 
490 36 
146 274 
314 303 
144 31 
174 58 
251 192 
301 52 
92 201 
223 472 
500 20 
403 97 
267 475 
95 105 
128 305 
458 463 
238 374 
53 291 
276 12 
52 134 
218 487 
70 208 
234 331 
371 85 
113 363 
409 10 
356 230 
280 343 
497 92 
347 16 
264 358 
443 483 
93 423 
430 154 
228 404 
424 320 
83 376 
298 355 
434 162 
439 477 
107 121 
197 460 
11 75 
271 401 
468 151 
251 285 
416 426 
58 152 
36 82 
325 416 
270 158 
232 287 
399 78 
91 112 
34 326 
113 187 
231 356 
111 131 
425 268 
272 402 
421 479 
4 431 
433 247 
179 335 
11 166 
323 348 
362 395 
462 238 
52 328 
150 372 
456 36 
272 40 
87 38 
107 356 
321 375 
395 478 
432 30 
58 412 
472 278 
301 461 
482 82 
252 266 
428 15 
158 279 
380 470 
103 105 
140 18 
475 132 
150 263 
320 404 
413 104 
359 451 
68 105 
430 467 
200 315 
435 154 
363 381 
460 215 
290 334 
6 285 
102 112 
212 291 
388 56 
83 132 
147 168 
98 120 
368 389 
485 283 
375 261 
411 118 
175 87 
116 211 
293 94 
242 480 
65 133 
212 24 
277 292 
378 491 
65 81 
132 380 
252 1 
53 162 
199 398 
13 48 
270 276 
53 261 
356 363 
418 150 
298 72 
84 87 
135 175 
254 459 
13 17 
231 392 
186 275 
345 488 
88 156 
426 469 
209 339 
77 350 
445 45 
289 312 
199 330 
371 463 
483 2 
96 302 
440 500 
28 152 
230 247 
29 217 
264 321 
75 140 
220 52 
382 446 
279 365 
58 108 
371 456 
439 70 
161 340 
343 87 
112 252 
299 244 
395 193 
291 16 
350 189 
291 427 
207 329 
438 454 
473 196 
330 491 
303 349 
101 113 
238 340 
400 447 
109 422 
449 92 
367 92 
103 171 
187 329 
373 448 
497 352 
432 439 
82 282 
364 431 
352 477 
10 180 
336 446 
479 39 
374 53 
243 457 
480 221 
225 240 
423 89 
337 414 
431 61 
125 257 
267 275 
406 453 
137 107 
279 304 
477 328 
448 170 
213 272 
468 61 
194 402 
470 157 
208 411 
434 462 
481 146 
152 426 
213 430 
443 176 
241 427 
460 487 
274 21 
183 372 
76 158 
223 440 
274 423 
272 12 
256 359 
413 471 
101 436 
5 61 
164 314 
397 55 
65 169 
338 375 
449 175 
208 366 
497 356 
446 257 
289 314 
405 488 
275 38 
156 243 
152 121 
220 373 
160 339 
444 227 
279 400 
88 170 
206 368 
445 68 
456 188 
311 365 
183 423 
56 289 
8 148 
313 370 
33 103 
125 219 
337 433 
442 30 
253 363 
23 62 
79 99 
196 350 
434 386 
436 43 
91 446 
366 9 
35 52 
147 159 
328 405 
11 150 
57 188 
380 2 
299 319 
449 176 
239 399 
463 304 
73 227 
274 388 
424 100 
150 230 
268 282 
286 34 
50 106 
290 89 
107 142 
185 295 
81 146 
325 430 
461 153 
224 256 
31 32 
135 196 
87 95 
311 406 
