1 1 
3 3 
3 3 
3 3 
4 4 
4 4 
5 6 
7 7 
7 7 
7 8 
8 8 
10 10 
10 11 
11 11 
11 11 
11 11 
12 12 
12 12 
13 13 
13 13 
14 14 
14 15 
15 15 
15 15 
15 16 
16 16 
16 16 
17 18 
18 18 
18 18 
19 19 
19 20 
20 20 
20 20 
22 22 
23 23 
23 24 
25 25 
25 25 
25 25 
26 26 
27 27 
27 27 
28 28 
28 28 
29 29 
29 30 
31 31 
32 32 
32 32 
32 33 
33 33 
33 33 
33 34 
34 35 
36 36 
36 36 
36 36 
36 37 
37 37 
37 38 
38 39 
39 39 
40 41 
41 41 
41 43 
43 43 
44 44 
44 44 
44 44 
44 45 
45 45 
45 46 
46 46 
47 47 
47 47 
48 48 
48 48 
48 49 
49 49 
50 50 
51 51 
51 51 
51 51 
51 51 
52 52 
52 52 
53 53 
53 53 
53 53 
53 54 
54 54 
55 55 
55 55 
55 55 
55 56 
56 57 
57 58 
58 58 
58 58 
59 60 
60 60 
61 61 
61 62 
62 62 
62 63 
63 63 
63 63 
63 64 
65 65 
65 65 
66 66 
66 66 
67 67 
67 68 
69 69 
70 71 
71 71 
72 72 
73 74 
74 74 
75 75 
76 76 
76 77 
77 78 
78 78 
78 79 
79 80 
80 80 
80 80 
81 81 
81 82 
82 83 
83 83 
84 85 
85 85 
86 86 
86 86 
86 86 
86 86 
87 87 
88 88 
90 90 
90 91 
92 92 
92 92 
92 93 
93 94 
95 95 
95 97 
97 97 
97 98 
98 98 
99 99 
100 100 
100 100 
100 100 
101 101 
101 101 
102 103 
103 104 
104 104 
105 105 
105 105 
106 106 
108 109 
109 109 
110 111 
111 112 
112 112 
112 113 
113 113 
114 114 
114 114 
114 115 
115 115 
115 115 
115 116 
116 116 
116 117 
117 117 
118 118 
118 118 
118 119 
119 119 
119 119 
119 120 
120 121 
122 123 
124 124 
124 124 
125 125 
125 125 
126 126 
127 128 
129 129 
129 129 
129 129 
130 130 
130 131 
131 131 
131 132 
132 132 
133 133 
133 133 
133 134 
134 135 
136 136 
136 138 
138 138 
138 138 
139 139 
139 140 
141 141 
141 141 
141 142 
142 142 
142 143 
143 143 
144 144 
144 144 
144 144 
145 145 
146 146 
147 147 
148 148 
149 149 
150 150 
150 150 
150 150 
150 150 
151 151 
151 151 
151 152 
152 153 
153 153 
154 155 
156 156 
156 157 
157 157 
157 157 
158 158 
158 158 
158 158 
158 159 
159 159 
159 159 
159 159 
160 160 
161 161 
161 161 
162 162 
162 163 
163 163 
163 163 
164 165 
165 166 
166 168 
168 168 
168 169 
169 169 
169 169 
170 171 
171 171 
171 171 
171 171 
171 171 
172 172 
172 173 
173 173 
173 173 
173 173 
176 176 
177 178 
178 178 
178 178 
178 179 
179 179 
179 180 
180 180 
180 181 
181 182 
182 182 
183 183 
184 184 
184 184 
185 185 
186 186 
186 186 
186 187 
188 188 
188 188 
189 189 
189 189 
189 190 
190 191 
191 191 
192 192 
192 192 
192 192 
193 193 
193 193 
193 194 
194 195 
195 196 
196 196 
196 196 
197 198 
198 198 
198 199 
199 199 
199 199 
199 200 
200 200 
200 201 
201 201 
201 201 
202 202 
202 203 
203 203 
203 203 
204 204 
205 205 
205 205 
205 206 
207 207 
207 207 
208 208 
208 209 
209 210 
211 211 
212 212 
212 213 
215 215 
215 215 
216 216 
218 218 
218 219 
220 221 
221 221 
222 223 
223 223 
224 224 
224 224 
224 224 
225 225 
226 226 
226 228 
228 228 
228 228 
229 229 
230 230 
230 230 
231 231 
232 232 
232 232 
232 233 
233 234 
234 235 
235 235 
235 237 
237 237 
238 238 
238 238 
238 239 
240 241 
241 241 
241 241 
242 243 
243 243 
243 244 
244 244 
244 245 
245 245 
246 246 
246 247 
247 248 
248 248 
248 249 
249 249 
249 250 
250 250 
251 252 
253 253 
253 253 
253 254 
254 254 
254 255 
255 255 
255 255 
256 257 
258 259 
259 259 
259 260 
260 260 
260 261 
261 261 
262 263 
264 264 
264 264 
264 265 
265 265 
265 266 
266 266 
267 267 
267 267 
267 268 
268 268 
269 269 
269 269 
270 270 
270 271 
271 271 
271 271 
271 272 
272 272 
273 273 
274 274 
275 275 
275 275 
275 275 
275 275 
276 277 
277 277 
277 278 
278 278 
279 280 
280 280 
280 280 
281 281 
281 281 
281 281 
282 283 
283 284 
284 285 
285 286 
287 287 
288 288 
288 288 
289 289 
290 290 
290 290 
290 290 
291 291 
291 291 
291 291 
292 292 
292 292 
292 293 
293 293 
293 294 
294 295 
295 296 
296 296 
297 297 
297 297 
297 297 
298 299 
300 300 
302 302 
302 303 
303 303 
303 304 
305 307 
307 307 
307 308 
308 308 
309 309 
310 310 
310 310 
311 311 
311 311 
312 313 
313 313 
314 314 
314 315 
316 316 
317 318 
318 318 
318 319 
319 320 
320 320 
321 321 
321 322 
322 322 
323 323 
323 323 
324 324 
324 325 
326 326 
326 326 
326 327 
328 328 
328 329 
330 330 
330 330 
330 331 
331 331 
332 332 
332 332 
333 333 
333 333 
334 335 
335 335 
336 336 
337 337 
337 337 
338 338 
338 338 
339 339 
339 340 
340 340 
341 342 
342 342 
342 343 
343 343 
344 344 
345 345 
345 345 
345 346 
347 347 
348 348 
348 350 
350 350 
350 350 
351 352 
352 352 
352 352 
353 353 
353 354 
354 354 
354 355 
355 355 
355 356 
356 356 
357 357 
358 358 
358 359 
359 359 
360 361 
361 362 
362 363 
363 364 
364 364 
364 365 
365 365 
366 367 
367 368 
368 369 
369 369 
369 369 
370 370 
371 372 
372 372 
373 373 
374 374 
374 375 
375 376 
376 377 
377 377 
377 378 
378 379 
379 379 
379 379 
379 379 
379 380 
380 380 
381 382 
382 383 
383 384 
385 385 
385 385 
385 385 
386 386 
386 386 
386 387 
387 387 
388 388 
388 388 
388 389 
389 389 
390 391 
391 392 
392 393 
394 394 
394 394 
394 394 
394 394 
395 395 
396 397 
397 398 
398 398 
398 399 
399 399 
399 399 
400 400 
400 400 
401 401 
402 403 
404 404 
405 405 
405 405 
407 407 
408 408 
408 409 
409 410 
411 411 
411 412 
412 413 
413 413 
413 413 
413 414 
414 414 
415 415 
415 416 
416 416 
417 417 
417 417 
417 417 
417 417 
418 418 
419 420 
420 420 
421 422 
422 423 
423 423 
423 423 
423 424 
424 424 
424 425 
425 427 
427 428 
429 429 
430 430 
432 432 
432 433 
433 433 
434 434 
434 435 
435 435 
435 436 
436 436 
437 438 
438 438 
439 439 
439 439 
440 440 
440 440 
441 441 
441 443 
444 444 
445 445 
445 445 
445 446 
446 448 
449 449 
450 450 
450 451 
451 451 
452 452 
452 452 
452 453 
453 453 
454 454 
454 454 
455 455 
455 455 
455 456 
456 457 
457 457 
459 459 
459 460 
460 460 
460 461 
462 462 
462 462 
462 462 
463 464 
464 465 
465 466 
466 466 
466 466 
467 467 
467 468 
468 468 
468 469 
469 469 
469 470 
470 470 
471 472 
473 473 
473 473 
473 474 
474 474 
476 476 
476 477 
477 477 
477 477 
478 478 
478 479 
479 480 
480 481 
481 483 
483 483 
484 484 
484 485 
486 486 
487 487 
488 488 
489 489 
489 489 
490 490 
490 490 
490 491 
492 492 
492 493 
493 493 
493 493 
493 493 
493 494 
494 494 
495 495 
495 495 
496 496 
496 497 
497 497 
498 498 
498 498 
499 500 
44 388 
44 120 
150 333 
413 483 
44 131 
270 470 
15 10 
70 80 
199 297 
423 118 
255 414 
6 358 
483 85 
103 105 
113 158 
192 238 
37 202 
272 473 
151 308 
386 489 
173 186 
352 5 
125 264 
320 326 
490 46 
150 152 
172 228 
464 100 
238 312 
405 466 
36 150 
197 23 
32 202 
460 484 
36 92 
20 78 
268 148 
69 80 
99 116 
240 417 
264 374 
87 189 
345 433 
335 348 
415 473 
184 291 
304 53 
130 435 
20 87 
114 169 
316 155 
157 213 
338 459 
466 238 
392 487 
19 22 
45 55 
106 136 
254 12 
49 291 
493 65 
303 124 
131 139 
290 93 
211 336 
395 49 
156 173 
1 3 
4 60 
128 260 
283 36 
119 248 
378 16 
474 484 
79 189 
247 383 
106 264 
269 360 
469 37 
43 392 
65 115 
171 259 
264 269 
275 277 
387 440 
55 168 
237 293 
30 62 
83 144 
179 265 
435 275 
364 400 
36 52 
64 250 
356 454 
457 81 
365 126 
493 98 
117 273 
339 413 
434 44 
277 295 
165 218 
230 53 
179 372 
386 119 
216 324 
455 468 
492 55 
38 50 
196 481 
111 151 
223 296 
314 370 
468 363 
25 228 
7 91 
215 422 
75 353 
192 114 
181 443 
72 332 
100 182 
205 157 
307 23 
161 368 
417 47 
330 7 
25 201 
385 456 
56 129 
394 104 
449 53 
178 290 
438 11 
267 480 
119 172 
248 303 
339 350 
351 497 
27 32 
150 318 
204 281 
359 71 
22 296 
342 477 
497 41 
235 348 
97 292 
322 95 
181 218 
290 58 
116 377 
25 207 
18 76 
119 192 
266 280 
105 257 
354 369 
157 11 
369 82 
129 309 
11 101 
298 355 
36 48 
228 224 
424 493 
223 66 
411 215 
332 399 
452 11 
188 235 
32 74 
171 345 
494 50 
180 272 
341 430 
478 25 
98 130 
176 58 
142 192 
8 271 
425 468 
469 45 
63 86 
100 165 
255 3 
358 125 
394 485 
39 204 
326 329 
15 121 
201 484 
57 156 
138 44 
81 104 
193 203 
368 452 
31 116 
379 4 
39 338 
353 203 
267 379 
153 158 
179 271 
330 281 
310 462 
36 171 
437 127 
231 277 
345 359 
39 423 
452 470 
146 151 
233 339 
391 117 
243 411 
433 151 
297 386 
53 230 
259 300 
342 354 
261 327 
141 226 
179 288 
24 444 
183 376 
3 16 
19 88 
215 224 
330 354 
13 66 
141 143 
207 16 
423 133 
199 389 
199 33 
43 126 
326 33 
77 102 
159 171 
11 133 
193 249 
389 422 
462 157 
246 261 
322 323 
459 476 
281 498 
78 239 
307 452 
294 457 
477 183 
249 320 
381 399 
362 61 
119 342 
498 52 
184 221 
417 32 
241 373 
374 466 
280 51 
114 136 
157 284 
297 333 
373 385 
16 86 
454 14 
43 207 
224 238 
274 462 
116 350 
465 83 
225 344 
346 365 
385 53 
62 133 
147 115 
271 345 
423 74 
97 76 
253 315 
149 163 
29 168 
281 297 
294 451 
14 198 
325 334 
473 241 
113 201 
405 500 
27 47 
232 291 
429 370 
372 200 
256 328 
11 73 
100 117 
359 369 
129 158 
246 251 
379 268 
273 276 
499 65 
259 265 
313 394 
19 186 
245 248 
480 7 
153 154 
267 326 
471 191 
279 387 
487 80 
125 188 
340 355 
12 20 
215 129 
132 283 
311 321 
90 124 
76 289 
322 460 
474 287 
99 151 
173 491 
286 405 
460 292 
408 302 
41 478 
303 330 
436 33 
71 112 
150 202 
63 440 
61 97 
266 244 
433 168 
275 400 
326 66 
110 462 
109 150 
173 288 
375 424 
178 277 
146 260 
290 16 
69 108 
247 324 
232 318 
61 144 
455 476 
138 352 
189 229 
297 308 
350 141 
415 386 
416 93 
113 282 
388 52 
254 364 
11 18 
34 173 
400 161 
25 169 
187 278 
364 451 
388 142 
317 355 
456 219 
249 272 
385 198 
397 445 
159 193 
262 47 
228 45 
86 198 
496 158 
163 244 
413 55 
398 493 
193 490 
182 311 
337 420 
440 36 
237 280 
350 8 
119 357 
361 408 
191 101 
291 51 
144 196 
386 44 
226 309 
347 145 
159 477 
246 412 
15 26 
48 51 
460 53 
196 388 
486 100 
218 434 
85 132 
199 364 
492 23 
194 335 
48 51 
419 489 
4 285 
445 118 
133 180 
393 400 
424 12 
115 244 
58 194 
173 302 
51 54 
221 328 
354 379 
399 467 
195 51 
60 138 
225 241 
453 481 
200 100 
170 254 
395 496 
90 134 
160 184 
293 398 
235 44 
203 171 
451 270 
350 208 
206 316 
147 224 
454 493 
205 486 
40 83 
97 226 
333 477 
29 37 
189 258 
446 466 
95 209 
439 476 
495 52 
281 331 
441 162 
185 60 
492 66 
92 394 
7 143 
171 184 
232 449 
105 493 
144 405 
210 274 
366 38 
86 212 
389 29 
450 77 
161 353 
498 13 
232 455 
104 260 
134 439 
441 445 
203 253 
365 450 
18 196 
467 479 
67 382 
416 182 
32 287 
243 88 
229 387 
394 409 
474 15 
163 432 
203 421 
429 95 
159 205 
159 363 
457 468 
63 228 
445 186 
15 124 
156 199 
222 145 
191 275 
396 124 
79 133 
150 212 
455 293 
446 473 
75 112 
441 445 
3 171 
290 337 
186 28 
268 377 
41 436 
253 333 
420 423 
33 131 
352 477 
58 86 
141 201 
440 469 
115 92 
144 166 
470 413 
435 496 
178 461 
27 114 
138 180 
418 178 
260 415 
28 94 
355 86 
176 232 
254 285 
86 14 
231 338 
388 473 
72 131 
307 101 
144 150 
275 105 
201 243 
348 55 
377 390 
255 380 
10 120 
435 90 
138 192 
48 255 
490 164 
453 68 
323 54 
237 241 
267 56 
178 311 
302 416 
430 78 
129 101 
103 192 
401 454 
67 190 
377 62 
190 379 
169 171 
26 169 
427 224 
465 149 
453 98 
335 356 
371 45 
432 130 
132 193 
275 372 
383 407 
439 357 
438 483 
163 314 
385 47 
379 404 
80 171 
178 244 
382 410 
13 62 
143 234 
259 51 
200 318 
1 235 
242 265 
352 153 
158 303 
356 141 
404 34 
49 271 
81 122 
196 296 
318 408 
412 432 
41 280 
328 245 
444 250 
281 424 
436 112 
163 275 
417 469 
54 221 
238 271 
369 448 
497 452 
384 391 
18 188 
208 300 
379 495 
209 255 
394 319 
488 385 
111 142 
489 263 
394 3 
58 249 
343 417 
467 8 
478 489 
28 233 
347 234 
314 367 
25 78 
168 399 
413 423 
462 494 
345 498 
269 253 
337 438 
321 71 
158 7 
139 152 
180 337 
417 109 
224 271 
398 118 
434 374 
490 450 
189 321 
115 367 
320 378 
394 27 
142 220 
59 266 
425 31 
53 343 
358 212 
336 398 
136 84 
380 420 
292 310 
379 462 
51 216 
253 340 
293 310 
332 74 
148 397 
245 270 
310 324 
332 291 
331 401 
82 297 
305 311 
428 185 
241 284 
112 129 
139 161 
403 278 
362 376 
55 172 
288 369 
63 230 
308 330 
493 80 
243 55 
162 323 
33 159 
463 20 
205 208 
264 344 
135 158 
173 223 
417 439 
459 17 
493 177 
375 18 
33 169 
291 472 
275 313 
413 63 
67 118 
323 48 
118 340 
399 4 
140 342 
199 466 
12 28 
186 331 
352 46 
205 319 
159 230 
292 92 
162 261 
290 338 
115 211 
414 313 
495 85 
198 65 
278 3 
10 380 
20 46 
125 123 
265 289 
35 200 
409 494 
13 269 
411 414 
15 252 
361 427 
495 207 
63 267 
295 37 
57 109 
250 288 
299 455 
464 114 
417 488 
292 407 
479 490 
248 280 
343 86 
92 402 
160 166 
307 418 
195 188 
