1 1 
1 2 
2 3 
3 3 
3 3 
4 4 
4 4 
4 4 
5 5 
5 5 
6 6 
6 6 
7 7 
8 8 
8 9 
9 9 
10 10 
11 12 
12 12 
12 12 
13 13 
13 14 
14 14 
15 15 
15 16 
16 17 
17 18 
18 18 
18 18 
18 19 
20 20 
21 21 
21 21 
21 22 
22 22 
22 22 
23 23 
23 23 
24 24 
24 25 
27 27 
27 27 
27 27 
27 28 
28 28 
28 29 
29 30 
30 30 
31 31 
32 32 
32 33 
34 35 
35 35 
36 36 
36 37 
37 37 
38 38 
38 38 
38 39 
39 39 
40 40 
40 40 
40 41 
41 41 
42 42 
42 42 
42 42 
42 43 
43 43 
44 44 
44 45 
45 45 
45 46 
46 46 
46 46 
47 47 
47 47 
48 48 
48 49 
49 49 
49 50 
52 52 
53 53 
53 53 
54 54 
54 54 
55 55 
55 55 
56 56 
56 57 
57 58 
58 58 
59 59 
59 59 
59 60 
61 61 
61 62 
62 63 
63 63 
63 64 
64 64 
64 65 
65 65 
66 66 
67 68 
68 68 
68 69 
69 69 
69 69 
70 70 
70 71 
71 71 
71 72 
72 72 
73 73 
73 73 
74 74 
75 75 
76 76 
76 76 
77 77 
77 77 
78 78 
79 79 
79 80 
80 81 
81 82 
83 84 
84 84 
85 85 
86 86 
86 87 
87 87 
87 89 
89 89 
89 89 
89 90 
90 90 
90 91 
91 91 
91 91 
91 91 
93 93 
93 93 
95 95 
95 96 
96 96 
98 98 
98 98 
98 98 
99 100 
100 100 
100 100 
101 102 
102 102 
102 102 
102 102 
102 103 
104 104 
104 104 
104 104 
104 104 
105 105 
105 106 
106 107 
107 107 
107 107 
107 108 
108 108 
109 109 
109 109 
110 110 
110 110 
111 111 
111 112 
112 112 
113 113 
113 114 
115 115 
115 115 
115 116 
116 117 
117 117 
118 118 
118 118 
118 119 
119 120 
121 121 
121 122 
122 122 
122 123 
123 123 
123 124 
124 124 
124 124 
125 125 
125 125 
126 126 
126 126 
127 127 
127 127 
128 128 
128 129 
129 130 
130 131 
131 131 
131 132 
132 132 
133 133 
133 133 
134 134 
134 135 
135 136 
136 136 
136 137 
137 137 
137 140 
140 140 
140 140 
141 142 
142 142 
142 142 
143 143 
144 144 
145 145 
145 145 
145 146 
146 146 
146 147 
147 147 
148 148 
148 148 
149 150 
150 151 
151 151 
152 152 
152 153 
153 153 
153 154 
154 154 
154 155 
155 155 
156 156 
156 156 
157 157 
157 158 
159 159 
159 159 
159 160 
160 160 
160 161 
161 162 
163 164 
164 164 
165 165 
165 166 
166 166 
167 167 
168 168 
169 169 
169 169 
169 169 
170 170 
170 170 
170 171 
171 171 
171 171 
173 173 
173 174 
174 174 
175 175 
175 175 
176 176 
176 176 
178 178 
179 179 
179 180 
180 180 
180 180 
180 181 
182 182 
182 182 
183 183 
183 184 
184 184 
184 185 
185 185 
185 186 
187 187 
187 188 
188 188 
189 189 
189 189 
190 190 
190 190 
191 191 
191 191 
191 192 
192 193 
193 193 
194 194 
194 194 
195 195 
195 195 
195 195 
196 196 
196 197 
197 197 
197 198 
198 198 
199 199 
199 199 
200 200 
201 202 
202 202 
203 203 
203 203 
203 204 
204 205 
205 206 
206 206 
206 206 
207 207 
208 208 
208 208 
209 210 
210 210 
210 210 
212 212 
212 213 
213 214 
215 215 
216 216 
216 216 
216 216 
217 217 
217 217 
218 218 
218 218 
218 218 
218 219 
219 219 
219 219 
219 220 
220 221 
221 221 
221 222 
222 222 
223 223 
223 223 
223 223 
223 223 
224 224 
224 224 
225 225 
225 225 
226 226 
226 226 
226 227 
227 227 
227 228 
228 228 
228 228 
228 229 
229 229 
229 229 
229 230 
230 230 
230 230 
231 231 
231 232 
232 232 
233 233 
233 233 
234 234 
235 235 
235 236 
236 236 
237 237 
238 238 
239 239 
239 240 
240 241 
241 242 
242 242 
242 242 
243 243 
243 243 
243 244 
244 244 
244 245 
245 246 
246 246 
246 247 
247 247 
247 247 
248 248 
248 248 
248 248 
248 249 
249 249 
249 250 
250 251 
251 252 
252 253 
253 253 
253 254 
254 254 
254 255 
255 255 
256 256 
257 257 
257 257 
257 257 
258 258 
258 258 
259 259 
259 259 
260 260 
260 260 
261 261 
262 262 
262 263 
263 263 
263 264 
264 265 
265 265 
266 266 
267 267 
267 267 
268 268 
268 269 
269 269 
271 271 
271 271 
272 272 
272 273 
273 273 
273 274 
275 275 
276 276 
276 276 
277 277 
277 277 
277 277 
277 277 
278 278 
278 279 
279 279 
279 279 
280 280 
280 280 
280 280 
281 282 
283 283 
284 285 
285 286 
286 286 
286 287 
287 288 
289 289 
289 290 
291 291 
292 292 
292 292 
293 293 
293 294 
295 295 
295 295 
295 295 
296 296 
296 296 
296 297 
298 298 
298 299 
299 299 
300 300 
300 301 
301 302 
302 302 
303 303 
303 303 
304 304 
305 305 
307 307 
307 307 
308 308 
308 309 
309 310 
310 310 
311 311 
311 311 
311 312 
312 312 
313 313 
313 314 
314 315 
316 316 
317 317 
317 317 
317 317 
317 318 
318 318 
319 319 
320 320 
321 321 
321 322 
322 322 
322 323 
323 323 
323 324 
324 325 
325 326 
326 326 
327 327 
327 327 
327 327 
328 328 
328 328 
328 329 
329 330 
330 330 
331 331 
331 331 
331 331 
332 332 
332 332 
332 333 
333 334 
334 335 
335 335 
336 338 
338 338 
339 339 
339 339 
340 340 
340 341 
341 341 
341 342 
342 342 
342 342 
343 343 
344 344 
344 344 
345 346 
347 347 
347 347 
348 348 
348 349 
349 349 
350 350 
350 351 
352 353 
353 353 
353 354 
354 354 
354 354 
355 355 
355 356 
356 357 
357 358 
359 359 
359 359 
359 359 
359 359 
360 360 
360 361 
362 362 
362 362 
363 363 
363 364 
364 365 
365 366 
366 367 
368 368 
368 368 
368 369 
369 369 
370 370 
370 371 
374 374 
375 375 
376 376 
376 376 
377 377 
377 378 
378 378 
379 380 
381 381 
381 382 
383 383 
383 384 
385 385 
385 385 
386 387 
388 388 
388 389 
389 389 
389 389 
389 389 
389 389 
390 390 
391 391 
391 392 
392 392 
392 392 
393 394 
394 394 
395 396 
396 396 
396 396 
397 398 
398 398 
398 399 
399 399 
399 400 
400 400 
400 401 
401 401 
402 402 
403 403 
403 403 
403 404 
404 404 
404 405 
406 406 
406 406 
408 408 
409 409 
410 410 
410 411 
411 411 
412 412 
413 413 
414 414 
414 415 
415 415 
416 416 
416 417 
417 418 
419 421 
421 421 
422 422 
422 423 
424 424 
424 424 
425 425 
425 427 
427 427 
427 428 
428 429 
429 429 
430 430 
430 430 
431 431 
431 431 
431 431 
432 432 
432 432 
432 433 
433 433 
434 434 
434 434 
435 435 
435 436 
436 436 
437 438 
438 438 
438 438 
439 439 
439 439 
440 441 
441 442 
442 442 
442 443 
444 445 
445 445 
446 446 
446 446 
447 447 
447 448 
448 448 
448 449 
449 449 
450 450 
450 451 
451 451 
452 452 
452 452 
453 453 
453 454 
454 457 
457 457 
458 458 
458 458 
458 459 
459 459 
459 460 
460 460 
462 462 
462 462 
463 463 
463 463 
463 464 
464 465 
465 465 
466 466 
467 467 
468 468 
468 469 
469 470 
470 470 
470 470 
470 471 
472 472 
473 473 
473 473 
473 474 
475 476 
476 476 
477 477 
477 478 
478 478 
478 478 
479 479 
480 480 
480 480 
481 482 
483 483 
483 484 
484 484 
485 485 
485 485 
485 486 
486 487 
487 487 
487 488 
488 489 
489 490 
491 491 
491 492 
492 492 
494 494 
494 494 
495 495 
495 496 
496 496 
497 497 
497 498 
498 498 
498 498 
499 499 
500 500 
86 353 
457 280 
484 66 
143 292 
437 459 
27 34 
191 285 
331 341 
93 142 
200 418 
27 90 
154 389 
42 63 
207 208 
242 218 
254 296 
384 385 
302 124 
241 362 
399 435 
160 180 
432 136 
239 340 
180 216 
287 72 
183 335 
388 73 
98 157 
180 188 
398 232 
107 452 
40 160 
170 308 
434 171 
179 294 
309 474 
40 91 
249 487 
31 104 
280 280 
4 6 
65 146 
166 342 
469 39 
69 111 
160 190 
264 76 
300 324 
24 440 
47 184 
376 68 
4 42 
171 238 
111 494 
495 137 
369 398 
109 179 
194 409 
425 28 
334 389 
21 23 
104 303 
389 61 
225 473 
7 35 
116 224 
359 411 
416 195 
217 248 
108 263 
453 242 
243 302 
394 268 
285 342 
365 453 
32 197 
219 244 
131 160 
395 192 
218 242 
431 273 
227 363 
189 246 
366 449 
229 344 
458 464 
69 230 
244 390 
156 224 
236 146 
485 208 
321 485 
115 198 
276 280 
488 492 
41 229 
476 116 
310 7 
101 137 
198 259 
378 397 
403 27 
155 368 
3 218 
438 33 
141 432 
491 28 
55 79 
133 225 
189 303 
401 260 
290 354 
431 16 
85 460 
18 100 
136 209 
77 423 
348 498 
30 221 
399 463 
74 118 
332 381 
235 245 
69 188 
309 171 
421 156 
448 359 
223 132 
361 476 
72 308 
1 213 
364 230 
322 328 
421 102 
106 323 
341 344 
369 6 
287 308 
432 23 
191 213 
360 442 
454 477 
5 176 
317 449 
182 350 
424 258 
327 355 
18 218 
227 232 
258 329 
187 73 
263 363 
383 480 
63 89 
112 118 
119 295 
332 430 
449 292 
24 40 
109 110 
132 319 
354 406 
193 253 
295 89 
403 20 
253 279 
352 382 
439 44 
110 240 
38 104 
405 442 
104 108 
279 385 
28 36 
463 102 
215 362 
199 288 
470 399 
59 168 
251 314 
332 42 
62 219 
289 359 
77 102 
204 305 
330 102 
203 279 
217 243 
250 233 
317 415 
483 128 
219 262 
430 12 
179 219 
221 450 
153 223 
228 279 
158 185 
298 478 
142 202 
436 462 
123 459 
471 226 
341 166 
496 48 
157 359 
439 84 
104 433 
69 216 
221 380 
143 178 
342 148 
170 14 
73 267 
349 37 
63 218 
368 152 
299 317 
333 348 
68 5 
127 202 
234 445 
3 134 
148 431 
240 255 
326 398 
457 27 
57 377 
408 263 
265 330 
135 144 
411 494 
268 441 
470 182 
216 413 
140 241 
347 125 
187 191 
349 6 
165 203 
403 65 
257 427 
56 81 
228 269 
18 131 
254 126 
184 190 
257 376 
432 13 
21 28 
48 227 
415 350 
321 169 
291 392 
154 228 
353 27 
130 247 
206 445 
115 274 
164 174 
233 256 
465 498 
21 135 
190 269 
436 22 
35 80 
185 499 
229 246 
276 169 
313 391 
225 257 
327 368 
93 229 
404 460 
134 247 
22 38 
124 13 
15 18 
295 396 
424 259 
95 151 
392 462 
16 475 
488 32 
159 383 
392 126 
171 248 
402 342 
99 153 
473 18 
79 189 
53 70 
188 432 
29 159 
170 235 
4 91 
153 223 
441 49 
311 105 
258 327 
38 330 
465 498 
43 242 
248 249 
470 485 
257 316 
467 47 
223 255 
497 59 
63 267 
113 293 
335 439 
5 393 
311 127 
142 312 
119 154 
233 279 
360 118 
399 295 
331 167 
362 379 
477 491 
8 299 
8 58 
354 480 
73 249 
275 386 
388 476 
255 310 
357 86 
91 256 
112 470 
15 133 
151 312 
350 486 
43 121 
273 447 
9 49 
66 98 
137 261 
344 47 
117 123 
124 249 
447 320 
478 76 
124 133 
497 248 
362 396 
83 125 
191 197 
243 247 
266 470 
42 56 
338 417 
41 69 
175 226 
129 225 
396 435 
487 52 
98 161 
339 125 
156 165 
251 286 
483 54 
61 173 
176 462 
466 55 
87 313 
323 394 
307 400 
438 19 
98 307 
122 169 
203 480 
142 422 
78 190 
421 56 
404 490 
341 462 
35 289 
14 277 
317 108 
145 12 
152 8 
45 49 
195 250 
45 121 
223 319 
334 47 
55 359 
389 78 
325 53 
173 254 
326 166 
178 223 
377 466 
43 185 
195 222 
349 478 
484 23 
195 210 
219 121 
242 115 
228 257 
431 105 
107 353 
414 9 
157 246 
381 145 
197 212 
169 214 
155 159 
175 196 
252 424 
96 98 
193 304 
64 181 
354 495 
71 322 
328 430 
218 396 
123 346 
408 44 
100 147 
414 29 
370 147 
277 478 
223 302 
136 198 
300 415 
46 149 
385 156 
170 278 
354 427 
481 498 
402 434 
498 50 
217 278 
497 168 
210 452 
59 173 
410 451 
239 265 
311 313 
392 428 
451 485 
269 273 
412 107 
110 120 
125 203 
2 24 
25 59 
307 389 
430 494 
434 436 
332 4 
46 228 
348 353 
500 15 
90 113 
117 238 
377 71 
164 327 
3 103 
406 453 
199 331 
417 22 
102 105 
180 205 
317 355 
9 322 
367 446 
479 298 
126 297 
448 140 
207 492 
30 267 
324 312 
339 11 
45 266 
40 70 
388 394 
258 403 
118 323 
231 232 
280 416 
21 85 
90 22 
79 62 
212 390 
192 201 
277 378 
444 202 
216 301 
174 230 
277 115 
499 347 
196 391 
93 122 
140 239 
295 433 
452 363 
422 496 
104 243 
220 450 
58 163 
398 87 
260 296 
429 89 
230 305 
378 30 
300 245 
419 145 
246 460 
96 175 
193 291 
370 428 
87 260 
406 451 
480 98 
368 118 
147 194 
4 205 
293 347 
429 433 
77 102 
115 284 
473 140 
369 39 
243 17 
199 486 
443 224 
422 463 
227 301 
465 485 
14 425 
452 4 
89 129 
237 27 
46 134 
186 477 
409 470 
54 89 
218 359 
431 262 
152 315 
331 442 
75 140 
286 136 
153 248 
95 162 
216 391 
107 1 
165 253 
286 71 
104 208 
259 271 
96 295 
487 468 
472 212 
413 389 
42 82 
117 131 
244 344 
383 404 
91 203 
458 84 
12 112 
206 222 
52 100 
318 86 
375 46 
371 53 
464 296 
65 137 
175 329 
438 37 
89 333 
264 327 
458 365 
435 496 
364 479 
32 159 
425 450 
146 247 
289 64 
311 323 
206 133 
77 254 
484 107 
100 184 
359 10 
10 110 
268 387 
210 385 
17 210 
303 6 
39 40 
244 280 
358 400 
414 445 
55 310 
174 316 
351 164 
182 184 
277 468 
200 45 
230 303 
48 180 
222 226 
261 446 
64 18 
37 145 
321 12 
76 114 
204 231 
389 412 
492 70 
473 500 
185 272 
64 106 
154 304 
406 176 
236 359 
424 109 
104 292 
328 403 
146 262 
38 343 
276 459 
467 42 
148 487 
278 400 
151 357 
253 263 
389 122 
161 267 
42 307 
489 224 
293 5 
325 80 
87 235 
234 318 
338 74 
95 180 
257 404 
38 340 
376 155 
271 431 
468 277 
327 322 
331 463 
102 123 
260 281 
49 71 
144 252 
345 427 
13 68 
90 159 
189 132 
317 331 
21 272 
283 448 
12 226 
374 127 
170 283 
3 67 
231 368 
446 448 
107 131 
199 454 
31 150 
191 91 
109 347 
469 336 
311 142 
167 389 
296 396 
438 482 
217 219 
489 81 
298 434 
438 53 
93 102 
124 320 
376 276 
277 328 
20 275 
317 340 
44 46 
292 91 
439 1 
145 478 
54 360 
370 473 
494 3 
128 410 
483 72 
176 326 
127 182 
229 237 
76 111 
338 429 
495 54 
366 169 
194 339 
229 247 
196 410 
356 392 
427 27 
442 113 
150 195 
215 223 
343 128 
356 491 
41 187 
332 401 
458 22 
183 61 
84 210 
91 206 
342 126 
220 248 
265 457 
296 375 
100 208 
233 328 
271 446 
122 228 
459 2 
248 381 
57 58 
195 277 
339 216 
335 23 
226 355 
411 59 
183 416 
447 236 
68 206 
472 60 
299 400 
36 148 
282 458 
36 259 
463 130 
318 374 
197 221 
273 75 
169 194 
271 272 
171 314 
286 401 
